0 0.17460615153788447 0.36 0.04463615903975994 0.05
0 0.1646661665416354 0.4025 0.046511627906976744 0.049
0 0.21717929482370593 0.3805 0.04426106526631658 0.05
0 0.23893473368342086 0.3275 0.04801200300075019 0.063
0 0.28188297074268565 0.30125 0.046136534133533386 0.0545
0 0.20180045011252815 0.45525 0.04576144036009002 0.0495
0 0.1800450112528132 0.50225 0.04276069017254314 0.0445
0 0.14516129032258066 0.57975 0.04276069017254314 0.0455
0 0.1993623405851463 0.59625 0.04238559639909977 0.0385
0 0.21380345086271568 0.67175 0.04351087771942986 0.0405
0 0.21005251312828208 0.706 0.04126031507876969 0.044
0 0.24474868717179296 0.7015 0.04013503375843961 0.049
0 0.24662415603900975 0.763 0.037134283570892726 0.041
0 0.23968492123030757 0.86425 0.042010502625656414 0.0395
0 0.28000750187546886 0.81825 0.03488372093023256 0.0405
0 0.313953488372093 0.87675 0.042010502625656414 0.0365
0 0.3529632408102025 0.837 0.035258814703675916 0.04
0 0.2788822205551388 0.761 0.032633158289572396 0.039
0 0.3237059264816204 0.76675 0.037509377344336084 0.0395
0 0.29857464366091524 0.7145 0.03825956489122281 0.035
0 0.35783945986496624 0.7535 0.03375843960990248 0.042
0 0.2845086271567892 0.6735 0.038634658664666165 0.039
0 0.26669167291822954 0.64025 0.04276069017254314 0.0395
0 0.24981245311327832 0.6095 0.04426106526631658 0.045
0 0.26575393848462114 0.59 0.04238559639909977 0.04
0 0.2914478619654914 0.604 0.03225806451612903 0.045
0 0.3090772693173293 0.652 0.03975993998499625 0.049
0 0.32033008252063017 0.621 0.04126031507876969 0.043
0 0.34077269317329334 0.668 0.04013503375843961 0.038
0 0.3390847711927982 0.69175 0.035258814703675916 0.0345
0 0.3681545386346587 0.6995 0.036384096024006 0.043
0 0.38915978994748684 0.70575 0.03338334583645911 0.0335
0 0.3899099774943736 0.74125 0.03188297074268567 0.0395
0 0.38653413353338334 0.8095 0.03188297074268567 0.038
0 0.40922730682670666 0.80275 0.023255813953488372 0.0385
0 0.4397974493623406 0.82225 0.036384096024006 0.0355
0 0.47355588897224304 0.87875 0.03488372093023256 0.0365
0 0.5144411102775694 0.889 0.038634658664666165 0.036
0 0.42779444861215304 0.78025 0.03788447111777944 0.0385
0 0.42179294823705926 0.7495 0.034133533383345835 0.036
0 0.46136534133533386 0.78 0.0345086271567892 0.032
0 0.45386346586646664 0.75375 0.03675918979744936 0.0365
0 0.42010502625656415 0.713 0.03675918979744936 0.037
0 0.4540510127531883 0.72275 0.032633158289572396 0.0455
0 0.3850337584396099 0.661 0.04088522130532633 0.042
0 0.413728432108027 0.678 0.042010502625656414 0.037
0 0.4549887471867967 0.68325 0.03675918979744936 0.0455
0 0.41429107276819205 0.6475 0.03563390847711928 0.043
0 0.44898724681170293 0.64575 0.03975993998499625 0.0405
0 0.45348837209302323 0.61325 0.037509377344336084 0.0425
0 0.41597899474868716 0.607 0.03975993998499625 0.047
0 0.3758439609902476 0.57725 0.04576144036009002 0.0445
0 0.3370217554388597 0.5565 0.04688672168042011 0.046
0 0.3824081020255064 0.54025 0.04388597149287322 0.0435
0 0.3094523630907727 0.51625 0.03975993998499625 0.0425
0 0.2672543135783946 0.51975 0.043135783945986494 0.0465
0 0.22674418604651161 0.4985 0.037134283570892726 0.045
0 0.24868717179294825 0.47925 0.04426106526631658 0.0505
0 0.24606151537884471 0.435 0.042010502625656414 0.048
0 0.2711927981995499 0.387 0.0450112528132033 0.058
0 0.29182295573893474 0.4225 0.04276069017254314 0.05
0 0.31376594148537135 0.35425 0.04238559639909977 0.0485
0 0.3075768942235559 0.25675 0.046511627906976744 0.0585
0 0.3259564891222806 0.18475 0.04276069017254314 0.0545
0 0.3735933983495874 0.1975 0.03825956489122281 0.054
0 0.3342085521380345 0.3175 0.042010502625656414 0.059
0 0.36946736684171044 0.27825 0.03900975243810953 0.0555
0 0.36084021005251316 0.354 0.04576144036009002 0.056
0 0.3394598649662416 0.3935 0.04351087771942986 0.051
0 0.322768192048012 0.4855 0.04088522130532633 0.049
0 0.3589647411852963 0.48275 0.04126031507876969 0.0465
0 0.38072018004501124 0.464 0.04426106526631658 0.054
0 0.42085521380345087 0.5525 0.03600900225056264 0.045
0 0.48424606151537886 0.742 0.020255063765941484 0.039
0 0.5058139534883721 0.75625 0.03788447111777944 0.0405
0 0.5084396099024756 0.7215 0.037134283570892726 0.042
0 0.49868717179294825 0.665 0.037134283570892726 0.041
0 0.4874343585896474 0.62525 0.03788447111777944 0.0485
0 0.4754313578394599 0.56625 0.041635408852213056 0.0455
0 0.5056264066016504 0.57425 0.035258814703675916 0.0455
0 0.42779444861215304 0.52275 0.038634658664666165 0.0495
0 0.46005251312828205 0.52875 0.04088522130532633 0.0455
0 0.5030007501875469 0.52725 0.03825956489122281 0.0475
0 0.4187921980495124 0.46975 0.04238559639909977 0.0455
0 0.4587396849212303 0.4785 0.03975993998499625 0.051
0 0.38915978994748684 0.4025 0.03938484621155289 0.052
0 0.4197299324831208 0.417 0.04126031507876969 0.05
0 0.4694298574643661 0.4395 0.04088522130532633 0.055
0 0.4975618904726182 0.467 0.038634658664666165 0.049
0 0.5225056264066017 0.484 0.0345086271567892 0.05
0 0.3929107276819205 0.32925 0.03938484621155289 0.0565
0 0.4309827456864216 0.3605 0.04426106526631658 0.053
0 0.40772693173293323 0.275 0.04276069017254314 0.058
0 0.4337959489872468 0.3045 0.041635408852213056 0.059
0 0.4199174793698425 0.21325 0.04238559639909977 0.0585
0 0.4559264816204051 0.257 0.04538634658664666 0.058
0 0.4578019504876219 0.185 0.04238559639909977 0.049
0 0.4943735933983496 0.21125 0.04351087771942986 0.0575
0 0.4829332333083271 0.291 0.04688672168042011 0.063
0 0.477119279819955 0.34775 0.046511627906976744 0.0565
0 0.5065641410352588 0.37475 0.04463615903975994 0.0505
0 0.5120030007501876 0.14975 0.047261815453863466 0.0615
0 0.5534508627156789 0.13975 0.04913728432108027 0.0595
0 0.5718304576144037 0.18775 0.047636909227306824 0.0515
0 0.6100900225056264 0.15625 0.04238559639909977 0.0605
0 0.609714928732183 0.21675 0.04463615903975994 0.0575
0 0.5380720180045011 0.27 0.04688672168042011 0.058
0 0.5738934733683421 0.251 0.0450112528132033 0.06
0 0.5174418604651163 0.31625 0.038634658664666165 0.0555
0 0.5620780195048762 0.29925 0.04088522130532633 0.0545
0 0.5472618154538634 0.35275 0.04126031507876969 0.0535
0 0.5483870967741935 0.406 0.03975993998499625 0.053
0 0.554013503375844 0.46975 0.04126031507876969 0.0495
0 0.5598274568642161 0.508 0.038634658664666165 0.044
0 0.5495123780945236 0.55675 0.03675918979744936 0.0415
0 0.5290697674418605 0.631 0.037134283570892726 0.041
0 0.5455738934733684 0.64475 0.029632408102025505 0.0405
0 0.5395723930982745 0.686 0.034133533383345835 0.041
0 0.5523255813953488 0.70575 0.03563390847711928 0.0315
0 0.5468867216804201 0.7635 0.03375843960990248 0.031
0 0.5480120030007501 0.795 0.03375843960990248 0.034
0 0.5757689422355589 0.7825 0.03150787696924231 0.035
0 0.5960240060015004 0.77075 0.02250562640660165 0.0295
0 0.6136534133533383 0.7455 0.02175543885971493 0.034
0 0.5637659414853713 0.7505 0.029257314328582147 0.038
0 0.5918979744936234 0.74275 0.03675918979744936 0.0425
0 0.5765191297824456 0.6965 0.03375843960990248 0.039
0 0.5744561140285072 0.6485 0.03488372093023256 0.039
0 0.5738934733683421 0.61325 0.03600900225056264 0.0385
0 0.6100900225056264 0.66475 0.03563390847711928 0.0445
0 0.6055888972243061 0.69125 0.036384096024006 0.0435
0 0.6404726181545386 0.68425 0.036384096024006 0.0405
0 0.6307201800450113 0.721 0.03563390847711928 0.044
0 0.6597899474868717 0.71825 0.03225806451612903 0.0395
0 0.6607276819204801 0.672 0.025131282820705175 0.038
0 0.6352213053263316 0.6335 0.03488372093023256 0.043
0 0.6562265566391597 0.63925 0.03188297074268567 0.0455
0 0.605026256564141 0.58325 0.03975993998499625 0.0335
0 0.5992123030757689 0.55825 0.03938484621155289 0.0405
0 0.589834958739685 0.52825 0.04088522130532633 0.0455
0 0.6635408852213053 0.15625 0.042010502625656414 0.0555
0 0.6271567891972993 0.25975 0.03975993998499625 0.0505
0 0.5990247561890473 0.29575 0.04276069017254314 0.0545
0 0.5840210052513128 0.35075 0.04051012753188297 0.0545
0 0.627344336084021 0.30675 0.032633158289572396 0.0495
0 0.6061515378844711 0.36625 0.03600900225056264 0.0455
0 0.5885221305326331 0.424 0.03975993998499625 0.046
0 0.6115903975993998 0.4095 0.03338334583645911 0.046
0 0.5992123030757689 0.48275 0.041635408852213056 0.0425
0 0.61384096024006 0.49875 0.03338334583645911 0.0335
0 0.6352213053263316 0.4765 0.037134283570892726 0.046
0 0.6301575393848462 0.5115 0.03075768942235559 0.037
0 0.6442235558889723 0.5605 0.036384096024006 0.048
0 0.6843585896474118 0.59925 0.036384096024006 0.0375
0 0.6794823705926482 0.5595 0.04088522130532633 0.043
0 0.7145536384096024 0.58475 0.03600900225056264 0.0405
0 0.754688672168042 0.58 0.0345086271567892 0.045
0 0.6631657914478619 0.50025 0.03975993998499625 0.0435
0 0.7124906226556639 0.52875 0.03488372093023256 0.0455
0 0.7190547636909227 0.494 0.03900975243810953 0.039
0 0.75 0.50125 0.03188297074268567 0.0495
0 0.6918604651162791 0.467 0.03788447111777944 0.049
0 0.668417104276069 0.43425 0.037509377344336084 0.0475
0 0.7284321080270068 0.458 0.03900975243810953 0.053
0 0.7044261065266316 0.41425 0.04276069017254314 0.0505
0 0.7479369842460615 0.45475 0.02625656414103526 0.0445
0 0.7483120780195048 0.39625 0.035258814703675916 0.0355
0 0.7503750937734434 0.36975 0.04088522130532633 0.0445
0 0.6451612903225806 0.37175 0.03825956489122281 0.0485
0 0.6781695423855963 0.3835 0.033008252063015754 0.052
0 0.6991747936984246 0.35575 0.03675918979744936 0.0575
0 0.7226181545386346 0.3485 0.028132033008252063 0.046
0 0.7741935483870968 0.34 0.04276069017254314 0.055
0 0.6635408852213053 0.28425 0.04126031507876969 0.0575
0 0.7336834208552138 0.2935 0.042010502625656414 0.054
0 0.6879219804951238 0.238 0.04276069017254314 0.054