0 0.0872093023255814 0.4775 0.061140285071267814 0.08
0 0.10933983495873968 0.554 0.061890472618154536 0.073
0 0.17798199549887472 0.56725 0.0603900975243811 0.0675
0 0.23593398349587397 0.58725 0.058514628657164294 0.0765
0 0.286384096024006 0.60775 0.06264066016504126 0.0785
0 0.27663165791447863 0.532 0.04913728432108027 0.061
0 0.2203675918979745 0.514 0.05813953488372093 0.065
0 0.163728432108027 0.48525 0.050637659414853715 0.0765
0 0.15547636909227308 0.4055 0.05888972243060765 0.079
0 0.11309077269317329 0.40075 0.05288822205551388 0.0735
0 0.1504126031507877 0.3315 0.0555138784696174 0.074
0 0.19242310577644411 0.28725 0.06451612903225806 0.0755
0 0.2231807951987997 0.365 0.056264066016504126 0.075
0 0.21380345086271568 0.4385 0.05476369092273068 0.08
0 0.28338334583645913 0.4085 0.0536384096024006 0.073
0 0.2948237059264816 0.4875 0.06526631657914479 0.076
0 0.3332708177044261 0.54775 0.0536384096024006 0.0775
0 0.36177794448612155 0.61175 0.05888972243060765 0.0785
0 0.38747186796699173 0.529 0.05251312828207052 0.079
0 0.42441860465116277 0.598 0.04838709677419355 0.076
0 0.47430607651912976 0.60575 0.0536384096024006 0.0745
0 0.5249437359339835 0.61275 0.05588897224306077 0.0765
0 0.20630157539384847 0.19675 0.06151537884471118 0.0835
0 0.23124531132783196 0.12625 0.061140285071267814 0.0895
0 0.25637659414853714 0.25075 0.055138784696174045 0.0865
0 0.31301575393848463 0.28075 0.055138784696174045 0.0745
0 0.28750937734433607 0.194 0.06264066016504126 0.087
0 0.31957989497374345 0.1115 0.06751687921980495 0.076
0 0.28319579894973745 0.0595 0.06751687921980495 0.084
0 0.42779444861215304 0.0715 0.06264066016504126 0.081
0 0.3870967741935484 0.149 0.06001500375093773 0.092
0 0.4122280570142536 0.21875 0.05101275318829707 0.0845
0 0.36027756939234806 0.22525 0.0603900975243811 0.0815
0 0.3717179294823706 0.30225 0.056264066016504126 0.0845
0 0.42029257314328583 0.2945 0.0671417854463616 0.093
0 0.458927231807952 0.21475 0.06789197299324831 0.1045
0 0.45330082520630155 0.14525 0.059639909977494375 0.0705
0 0.49099774943735935 0.075 0.06151537884471118 0.094
0 0.5195048762190547 0.18025 0.06376594148537135 0.0915
0 0.5654538634658665 0.09575 0.06264066016504126 0.0855
0 0.5797074268567142 0.1905 0.059639909977494375 0.074
0 0.5243810952738185 0.27625 0.04876219054763691 0.0715
0 0.5765191297824456 0.2785 0.05776444111027757 0.083
0 0.5465116279069767 0.3355 0.06451612903225806 0.08
0 0.48349587396849214 0.32675 0.05326331582895724 0.0865
0 0.5110652663165791 0.40275 0.05888972243060765 0.0785
0 0.5643285821455364 0.4125 0.05813953488372093 0.075
0 0.6076519129782446 0.346 0.05926481620405101 0.081
0 0.44111027756939236 0.38325 0.06676669167291822 0.0705
0 0.38372093023255816 0.3785 0.05926481620405101 0.074
0 0.32970742685671417 0.36125 0.04951237809452363 0.0775
0 0.2738184546136534 0.3365 0.05776444111027757 0.071
0 0.3574643660915229 0.44825 0.05401350337584396 0.0775
0 0.41691672918229555 0.456 0.0536384096024006 0.079
0 0.4426106526631658 0.5275 0.05776444111027757 0.074
0 0.4799324831207802 0.4725 0.05588897224306077 0.085
0 0.5041260315078769 0.53525 0.05401350337584396 0.0795
0 0.5412603150787697 0.47625 0.05776444111027757 0.0735
0 0.5896474118529632 0.5145 0.058514628657164294 0.071
0 0.5825206301575394 0.58925 0.051762940735183796 0.0765
0 0.626781695423856 0.65225 0.05026256564141035 0.0705
0 0.6753563390847712 0.68175 0.05288822205551388 0.0775
0 0.7269317329332333 0.68125 0.05776444111027757 0.0635
0 0.7762565641410353 0.7225 0.05813953488372093 0.073
0 0.8302700675168793 0.6855 0.06339084771192798 0.074
0 0.8388972243060765 0.743 0.06339084771192798 0.061
0 0.913728432108027 0.74 0.06301575393848462 0.082
0 0.8302700675168793 0.6115 0.05888972243060765 0.061
0 0.8702175543885972 0.63575 0.056264066016504126 0.0705
0 0.7704426106526632 0.6405 0.056264066016504126 0.076
0 0.7138034508627157 0.61725 0.06001500375093773 0.0735
0 0.6511627906976745 0.587 0.05401350337584396 0.067
0 0.6528507126781695 0.51675 0.056639159789947484 0.0745
0 0.7066766691672918 0.5465 0.06301575393848462 0.074
0 0.7693173293323331 0.57125 0.05776444111027757 0.0755
0 0.6159039759939985 0.44275 0.056264066016504126 0.0735
0 0.6528507126781695 0.39425 0.059639909977494375 0.0725
0 0.6847336834208552 0.4525 0.05438859714928732 0.08
0 0.7333083270817704 0.4895 0.05326331582895724 0.07
0 0.7843210802700675 0.488 0.056264066016504126 0.071
0 0.7389347336834209 0.4145 0.058514628657164294 0.075
0 0.8342085521380345 0.42125 0.06451612903225806 0.0785
0 0.891410352588147 0.48075 0.05588897224306077 0.0715
0 0.8839084771192798 0.5495 0.061140285071267814 0.085
0 0.9116654163540885 0.40475 0.0641410352588147 0.0805
0 0.8734058514628658 0.324 0.0641410352588147 0.073
0 0.8098274568642161 0.318 0.05101275318829707 0.084
0 0.7620030007501876 0.343 0.056639159789947484 0.082
0 0.7033008252063015 0.3255 0.06676669167291822 0.082
0 0.6562265566391597 0.28075 0.061140285071267814 0.0705
0 0.6492873218304576 0.195 0.0622655663915979 0.082
0 0.7098649662415604 0.1625 0.06489122280570142 0.087
0 0.636721680420105 0.08825 0.0671417854463616 0.0875
0 0.7160540135033758 0.2565 0.06301575393848462 0.068
0 0.7779444861215303 0.253 0.05776444111027757 0.077
0 0.9480495123780945 0.4345 0.059639909977494375 0.079