0 0.07033295922184811 0.412 0.05387205387205387 0.066
0 0.10082304526748971 0.3695 0.049756827534605315 0.071
0 0.132996632996633 0.3555 0.0609801720912832 0.065
0 0.15394687616909838 0.25975 0.05873550317994763 0.0745
0 0.2035166479610924 0.2995 0.04264870931537598 0.064
0 0.2048260381593715 0.235 0.05424616535727647 0.072
0 0.2167976056864946 0.16075 0.06023194912083801 0.0805
0 0.278526000748223 0.17275 0.050505050505050504 0.0805
0 0.32940516273849607 0.21875 0.0512532734754957 0.0685
0 0.3598952487841377 0.2575 0.05387205387205387 0.058
0 0.3997381219603442 0.3 0.05200149644594089 0.072
0 0.4173213617658062 0.23675 0.049756827534605315 0.0685
0 0.4277964833520389 0.165 0.049756827534605315 0.07
0 0.3888888888888889 0.0655 0.040778151889263 0.07
0 0.4268612046389824 0.09175 0.04264870931537598 0.0625
0 0.4678264122708567 0.2505 0.04601571268237935 0.07
0 0.5149644594089039 0.2165 0.04152637485970819 0.076
0 0.5188926300037411 0.271 0.04938271604938271 0.059
0 0.49326599326599324 0.322 0.04526748971193416 0.061
0 0.5310512532734755 0.35425 0.04451926674148896 0.0555
0 0.5536849981294426 0.32075 0.041900486344930786 0.0655
0 0.5772540216984662 0.25575 0.04564160119715675 0.0595
0 0.6064347175458287 0.29325 0.04264870931537598 0.0595
0 0.586606808829031 0.3485 0.03965581743359521 0.053
0 0.5940890385334829 0.39975 0.03890759446315002 0.0525
0 0.6372989150766929 0.34225 0.040778151889263 0.0525
0 0.6361765806210251 0.39225 0.034044145155256264 0.0525
0 0.6719042274597831 0.35225 0.04040404040404041 0.0655
0 0.41975308641975306 0.371 0.052375607931163484 0.056
0 0.4607182940516274 0.3945 0.04377104377104377 0.056
0 0.4897119341563786 0.44975 0.04339693228582117 0.0585
0 0.2607557052001496 0.25425 0.055368499812944255 0.0705
0 0.2542087542087542 0.312 0.052749719416386086 0.059
0 0.3148148148148148 0.30425 0.0512532734754957 0.0675
0 0.289188178077067 0.35425 0.03890759446315002 0.0575
0 0.3329592218481107 0.381 0.04713804713804714 0.063
0 0.3604564160119716 0.353 0.046763935652824544 0.067
0 0.37186681631126073 0.4295 0.04489337822671156 0.061
0 0.30826786382341936 0.4335 0.03890759446315002 0.057
0 0.3464272353161242 0.4725 0.03965581743359521 0.06
0 0.2246539468761691 0.41425 0.05499438832772166 0.0725
0 0.19229330340441453 0.433 0.04638982416760194 0.064
0 0.26337448559670784 0.46575 0.0508791619902731 0.0685
0 0.2886270108492331 0.5155 0.049756827534605315 0.054
0 0.21791994014216237 0.495 0.04227459783015339 0.061
0 0.2332585110362888 0.532 0.04751215862326973 0.055
0 0.16049382716049382 0.50275 0.055368499812944255 0.0595
0 0.15039281705948374 0.5305 0.04564160119715675 0.054
0 0.07837635615413394 0.52075 0.06023194912083801 0.0585
0 0.09839132061354283 0.56475 0.05686494575383464 0.0505
0 0.07875046763935653 0.614 0.052749719416386086 0.058
0 0.08978675645342311 0.6595 0.0508791619902731 0.055
0 0.13486719042274598 0.68575 0.04900860456416012 0.0505
0 0.12869435091657314 0.723 0.04788627010849233 0.041
0 0.18873924429479985 0.76275 0.05200149644594089 0.0435
0 0.1917321361765806 0.71325 0.04601571268237935 0.0525
0 0.18873924429479985 0.667 0.04601571268237935 0.046
0 0.14777403666292555 0.64975 0.0508791619902731 0.0515
0 0.13449307893752338 0.6005 0.05499438832772166 0.054
0 0.18574635241301907 0.612 0.0512532734754957 0.046
0 0.18499812944257388 0.559 0.046763935652824544 0.05
0 0.22820800598578375 0.59525 0.04788627010849233 0.0525
0 0.23082678638234194 0.633 0.05013093901982791 0.043
0 0.23868312757201646 0.67025 0.04264870931537598 0.0345
0 0.28208005985783763 0.69725 0.04414515525626637 0.0415
0 0.32510288065843623 0.708 0.041900486344930786 0.049
0 0.3183688739244295 0.65975 0.038159371492704826 0.0505
0 0.27497194163860833 0.65275 0.04414515525626637 0.0455
0 0.272914328469884 0.616 0.03778526000748223 0.052
0 0.31182192293303407 0.6035 0.037037037037037035 0.053
0 0.3441825664047886 0.62125 0.035166479610924055 0.0495
0 0.3767302656191545 0.64575 0.04040404040404041 0.0415
0 0.365132809577254 0.6915 0.03890759446315002 0.05
0 0.375794986906098 0.73775 0.04227459783015339 0.0405
0 0.4190048634493079 0.72075 0.03965581743359521 0.0455
0 0.4180695847362514 0.68375 0.03928170594837262 0.0355
0 0.3838383838383838 0.59125 0.03367003367003367 0.0515
0 0.416573138795361 0.60775 0.030303030303030304 0.0395
0 0.4092779648335204 0.576 0.041900486344930786 0.047
0 0.4388327721661055 0.58075 0.03367003367003367 0.0465
0 0.3342686120463898 0.53825 0.0512532734754957 0.0545
0 0.38196782641227084 0.527 0.0508791619902731 0.056
0 0.42368125701459036 0.5085 0.046763935652824544 0.05
0 0.44201271979049755 0.53925 0.03928170594837262 0.0525
0 0.4678264122708567 0.498 0.040029928918817806 0.053
0 0.42405536849981296 0.44925 0.04377104377104377 0.0595
0 0.5314253647586981 0.42775 0.04826038159371493 0.0505
0 0.5693976805087916 0.44875 0.04264870931537598 0.0505
0 0.5295548073325851 0.478 0.04451926674148896 0.056
0 0.5121586232697344 0.5215 0.03591470258136925 0.048
0 0.5527497194163861 0.55375 0.040029928918817806 0.0535
0 0.49307893752338194 0.57775 0.04339693228582117 0.0455
0 0.5117845117845118 0.61875 0.038159371492704826 0.0435
0 0.468013468013468 0.62925 0.041900486344930786 0.0525
0 0.4614665170220726 0.692 0.033295922184811075 0.042
0 0.5 0.66175 0.03554059109614665 0.0495
0 0.5379723157500935 0.658 0.03890759446315002 0.044
0 0.5755705200149644 0.66475 0.03778526000748223 0.0485
0 0.6094276094276094 0.67325 0.03666292555181444 0.0445
0 0.6178451178451179 0.7105 0.036288814066591846 0.046
0 0.6358024691358025 0.63675 0.040029928918817806 0.0415
0 0.6442199775533108 0.67025 0.034418256640478866 0.0425
0 0.6705948372615039 0.688 0.03254769921436588 0.042
0 0.6971567527123083 0.68 0.031051253273475497 0.034
0 0.7315750093527871 0.72675 0.03778526000748223 0.0385
0 0.6917321361765806 0.64 0.0411522633744856 0.041
0 0.6589973812196035 0.61675 0.031051253273475497 0.0395
0 0.6442199775533108 0.587 0.04489337822671156 0.045
0 0.5944631500187055 0.61475 0.035166479610924055 0.0465
0 0.5516273849607183 0.612 0.04601571268237935 0.046
0 0.5824915824915825 0.5715 0.038159371492704826 0.054
0 0.5778151889263 0.51575 0.04152637485970819 0.0495
0 0.610362888140666 0.534 0.03928170594837262 0.056
0 0.6161616161616161 0.44125 0.041900486344930786 0.0505
0 0.6240179573512907 0.48575 0.03965581743359521 0.0565
0 0.5359147025813692 0.682 0.03928170594837262 0.033
0 0.5763187429854096 0.69175 0.034044145155256264 0.0265
0 0.4450056116722783 0.6375 0.03554059109614665 0.048
0 0.666292555181444 0.52825 0.03591470258136925 0.0515
0 0.6842499064721287 0.465 0.04414515525626637 0.055
0 0.6967826412270857 0.4915 0.03928170594837262 0.048
0 0.7171717171717171 0.498 0.03292181069958848 0.044
0 0.7325102880658436 0.544 0.03890759446315002 0.049
0 0.6950991395435839 0.551 0.03890759446315002 0.05
0 0.7231575009352788 0.62275 0.03367003367003367 0.0505
0 0.7403666292555181 0.6605 0.03666292555181444 0.048
0 0.7686120463898242 0.70225 0.033295922184811075 0.0465
0 0.7096894874672652 0.414 0.034418256640478866 0.056
0 0.7349420127197905 0.4565 0.040778151889263 0.042
0 0.7439206883651328 0.48275 0.034044145155256264 0.0505
0 0.769734380845492 0.40475 0.040778151889263 0.0575
0 0.7676767676767676 0.4415 0.034418256640478866 0.038
0 0.7654320987654321 0.61775 0.03666292555181444 0.0465
0 0.789188178077067 0.65725 0.036288814066591846 0.0445
0 0.787317620650954 0.686 0.02656191545080434 0.03
0 0.810512532734755 0.65325 0.027310138421249533 0.0375
0 0.8374485596707819 0.62575 0.031051253273475497 0.0425
0 0.7934904601571269 0.6055 0.02843247287691732 0.045
0 0.7592592592592593 0.57575 0.03853348297792742 0.0355
0 0.7835765057987281 0.57825 0.02656191545080434 0.0345
0 0.7848858959970071 0.526 0.038159371492704826 0.05
0 0.7974186307519641 0.55225 0.030303030303030304 0.0435
0 0.8335203890759446 0.5485 0.034418256640478866 0.047
0 0.821174710063599 0.58175 0.027684249906472128 0.0315
0 0.8148148148148148 0.5025 0.027684249906472128 0.049
0 0.8062102506546951 0.467 0.03591470258136925 0.056
0 0.6773288439955106 0.58425 0.030303030303030304 0.0455