0 0.0804576144036009 0.2505 0.07314328582145536 0.088
0 0.15078769692423105 0.2435 0.06751687921980495 0.095
0 0.26575393848462114 0.195 0.06639159789947487 0.085
0 0.34433608402100524 0.20225 0.056264066016504126 0.0955
0 0.3992873218304576 0.24 0.061890472618154536 0.093
0 0.4472993248312078 0.171 0.06864216054013503 0.084
0 0.5148162040510128 0.18725 0.06339084771192798 0.0915
0 0.5759564891222806 0.17875 0.06639159789947487 0.0885
0 0.5808327081770442 0.27725 0.0641410352588147 0.0875
0 0.5114403600900225 0.27875 0.061890472618154536 0.0825
0 0.4549887471867967 0.298 0.05701425356339085 0.091
0 0.3745311327831958 0.306 0.0641410352588147 0.076
0 0.31282820705176295 0.27475 0.07051762940735183 0.0865
0 0.24118529632408103 0.2695 0.07501875468867217 0.085
0 0.1933608402100525 0.32325 0.06564141035258815 0.0785
0 0.12134283570892723 0.33125 0.07389347336834208 0.0875
0 0.04482370592648162 0.338 0.07014253563390847 0.075
0 0.05382595648912228 0.41775 0.0708927231807952 0.0825
0 0.12809452363090773 0.4095 0.059639909977494375 0.095
0 0.19748687171792947 0.4215 0.056639159789947484 0.083
0 0.2490622655663916 0.37075 0.06301575393848462 0.0825
0 0.30438859714928734 0.3595 0.05738934733683421 0.089
0 0.3675918979744936 0.38375 0.05926481620405101 0.0825
0 0.44373593398349587 0.3825 0.05401350337584396 0.088
0 0.5120030007501876 0.35075 0.060765191297824456 0.0835
0 0.5877719429857464 0.39375 0.05251312828207052 0.0685
0 0.5967741935483871 0.45575 0.05401350337584396 0.0665
0 0.5330082520630157 0.42875 0.05401350337584396 0.0725
0 0.47355588897224304 0.4515 0.055138784696174045 0.072
0 0.4139159789947487 0.44175 0.059639909977494375 0.0715
0 0.3276444111027757 0.4565 0.06489122280570142 0.07
0 0.25900225056264065 0.45575 0.07014253563390847 0.0765
0 0.21867966991747936 0.4895 0.0622655663915979 0.075
0 0.12153038259564891 0.48525 0.06001500375093773 0.0825
0 0.16541635408852212 0.54225 0.06376594148537135 0.0715
0 0.222993248312078 0.56225 0.061890472618154536 0.0645
0 0.27344336084021004 0.5265 0.06301575393848462 0.07
0 0.27831957989497375 0.5905 0.06601650412603151 0.066
0 0.336834208552138 0.536 0.056264066016504126 0.079
0 0.34921230307576895 0.60225 0.060765191297824456 0.0785
0 0.3953488372093023 0.50075 0.058514628657164294 0.0745
0 0.39909977494373594 0.5645 0.05401350337584396 0.069
0 0.4079144786196549 0.6245 0.05888972243060765 0.067
0 0.44317329332333083 0.52525 0.04988747186796699 0.0725
0 0.4444861215303826 0.5885 0.05776444111027757 0.082
0 0.45161290322580644 0.65625 0.0622655663915979 0.0735
0 0.5058139534883721 0.5415 0.05138784696174044 0.071
0 0.49962490622655664 0.60275 0.05251312828207052 0.0805
0 0.4891222805701425 0.69575 0.05476369092273068 0.0735
0 0.5562640660165041 0.48875 0.05476369092273068 0.0665
0 0.554013503375844 0.5645 0.05026256564141035 0.076
0 0.5573893473368342 0.634 0.04951237809452363 0.073
0 0.5468867216804201 0.6905 0.058514628657164294 0.064
0 0.6024006001500375 0.61325 0.04801200300075019 0.0705
0 0.595086271567892 0.66975 0.04838709677419355 0.0675
0 0.6417854463615904 0.67025 0.04576144036009002 0.0695
0 0.6490997749437359 0.58175 0.05438859714928732 0.0665
0 0.6802325581395349 0.62675 0.05888972243060765 0.0665
0 0.6931732933233309 0.676 0.04276069017254314 0.052
0 0.7321830457614403 0.62775 0.04126031507876969 0.0735
0 0.7091147786946737 0.558 0.05288822205551388 0.062
0 0.7683795948987246 0.57525 0.04988747186796699 0.0655
0 0.7861965491372843 0.62825 0.05251312828207052 0.0565
0 0.8253938484621155 0.5855 0.04838709677419355 0.071
0 0.8126406601650412 0.5145 0.05813953488372093 0.064
0 0.8171417854463616 0.4505 0.05888972243060765 0.071
0 0.8000750187546887 0.3765 0.05776444111027757 0.081
0 0.7211177794448612 0.38175 0.05738934733683421 0.0715
0 0.7415603900975244 0.439 0.05026256564141035 0.069
0 0.759939984996249 0.5045 0.05701425356339085 0.074
0 0.7027381845461366 0.4995 0.05288822205551388 0.072
0 0.6393473368342085 0.5095 0.047636909227306824 0.067
0 0.6496624156039009 0.3825 0.05926481620405101 0.073
0 0.6712303075768942 0.441 0.05888972243060765 0.081
0 0.6234058514628658 0.32475 0.05476369092273068 0.0825
0 0.6747936984246061 0.2755 0.05776444111027757 0.096
0 0.7325581395348837 0.30425 0.06001500375093773 0.0875
0 0.6265941485371342 0.20925 0.06264066016504126 0.0915
0 0.6914853713428357 0.17525 0.06564141035258815 0.0975
0 0.7473743435858965 0.215 0.06639159789947487 0.092