0 0.1667291822955739 0.3595 0.056639159789947484 0.079
0 0.20161290322580644 0.42275 0.04088522130532633 0.0655
0 0.16616654163540887 0.4565 0.04876219054763691 0.057
0 0.1581020255063766 0.524 0.04463615903975994 0.064
0 0.1656039009752438 0.57925 0.03788447111777944 0.0625
0 0.16204051012753187 0.61175 0.03975993998499625 0.0425
0 0.1342835708927232 0.67025 0.035258814703675916 0.0635
0 0.1761065266316579 0.67075 0.04238559639909977 0.0595
0 0.17385596399099776 0.71325 0.038634658664666165 0.0495
0 0.21192798199549887 0.71875 0.03825956489122281 0.0535
0 0.22580645161290322 0.70025 0.04051012753188297 0.0585
0 0.1933608402100525 0.7555 0.03938484621155289 0.052
0 0.20967741935483872 0.7895 0.04276069017254314 0.052
0 0.2462490622655664 0.806 0.04088522130532633 0.058
0 0.277006751687922 0.829 0.04838709677419355 0.051
0 0.25375093773443363 0.854 0.04388597149287322 0.043
0 0.2888222055513878 0.85725 0.028507126781695424 0.0425
0 0.31957989497374345 0.8705 0.04351087771942986 0.057
0 0.32895723930982745 0.824 0.04801200300075019 0.058
0 0.20836459114778694 0.61975 0.04538634658664666 0.0475
0 0.22186796699174793 0.57025 0.04388597149287322 0.0545
0 0.25525131282820707 0.62225 0.038634658664666165 0.0545
0 0.2893848462115529 0.61625 0.04388597149287322 0.0595
0 0.286384096024006 0.6735 0.04238559639909977 0.059
0 0.3141410352588147 0.723 0.03488372093023256 0.064
0 0.34152288072018006 0.7635 0.04088522130532633 0.061
0 0.38822205551387845 0.75075 0.04276069017254314 0.0595
0 0.4367966991747937 0.766 0.05813953488372093 0.061
0 0.3765941485371343 0.6885 0.04876219054763691 0.063
0 0.33852213053263314 0.67825 0.04013503375843961 0.0665
0 0.33927231807951985 0.61975 0.04388597149287322 0.0665
0 0.3850337584396099 0.6235 0.05288822205551388 0.067
0 0.3522130532633158 0.5645 0.04351087771942986 0.065
0 0.31301575393848463 0.55025 0.04688672168042011 0.0605
0 0.26762940735183793 0.55625 0.041635408852213056 0.0635
0 0.2061140285071268 0.508 0.04238559639909977 0.07
0 0.2462490622655664 0.48825 0.046136534133533386 0.0605
0 0.29426106526631657 0.50425 0.04988747186796699 0.0695
0 0.25881470367591897 0.39975 0.04801200300075019 0.0655
0 0.3008252063015754 0.433 0.04951237809452363 0.071
0 0.3448987246811703 0.478 0.04913728432108027 0.055
0 0.3899099774943736 0.47925 0.05138784696174044 0.0645
0 0.3522130532633158 0.418 0.05251312828207052 0.065
0 0.43792198049512376 0.52975 0.0536384096024006 0.0605
0 0.4386721680420105 0.5935 0.05813953488372093 0.079
0 0.47074268567141786 0.64275 0.046511627906976744 0.0575
0 0.4949362340585146 0.7175 0.04688672168042011 0.07
0 0.540510127531883 0.62775 0.04876219054763691 0.0585
0 0.56807951987997 0.67175 0.04988747186796699 0.0645
0 0.6164666166541636 0.69375 0.05138784696174044 0.0615
0 0.6005251312828207 0.63775 0.05476369092273068 0.0595
0 0.5999624906226556 0.5945 0.05588897224306077 0.076
0 0.5476369092273068 0.574 0.05476369092273068 0.068
0 0.49474868717179293 0.5775 0.04951237809452363 0.055
0 0.49793698424606153 0.5365 0.05588897224306077 0.079
0 0.47768192048012004 0.47075 0.056639159789947484 0.0695
0 0.4441110277569392 0.38575 0.04876219054763691 0.0765
0 0.40172543135783945 0.36225 0.046511627906976744 0.0705
0 0.31957989497374345 0.3155 0.04576144036009002 0.074
0 0.2711927981995499 0.30975 0.04351087771942986 0.0785
0 0.3822205551387847 0.2635 0.05101275318829707 0.081
0 0.4482370592648162 0.2105 0.05101275318829707 0.09
0 0.45930232558139533 0.29075 0.047636909227306824 0.0805
0 0.5093773443360841 0.275 0.05101275318829707 0.084
0 0.5573893473368342 0.2725 0.05026256564141035 0.08
0 0.5613278319579895 0.1795 0.0641410352588147 0.09
0 0.6213428357089272 0.2115 0.05438859714928732 0.081
0 0.6196549137284321 0.29125 0.05776444111027757 0.0835
0 0.5748312078019505 0.35425 0.06339084771192798 0.0835
0 0.5138784696174044 0.388 0.056264066016504126 0.078
0 0.5346961740435109 0.45875 0.0536384096024006 0.0835
0 0.5682670667666917 0.51125 0.051762940735183796 0.0635
0 0.6140285071267817 0.492 0.047261815453863466 0.073
0 0.5947111777944486 0.4225 0.05738934733683421 0.074
0 0.6391597899474869 0.375 0.05776444111027757 0.079
0 0.7076144036009002 0.41 0.0641410352588147 0.079
0 0.6768567141785446 0.48775 0.06639159789947487 0.0865
0 0.6517254313578394 0.55175 0.06639159789947487 0.0725
0 0.6742310577644411 0.60075 0.061140285071267814 0.0645
0 0.654351087771943 0.6595 0.04838709677419355 0.068
0 0.6909227306826706 0.09075 0.060765191297824456 0.0795
0 0.6599774943735934 0.157 0.043135783945986494 0.077
0 0.7323705926481621 0.14775 0.05438859714928732 0.0725
0 0.7528132033008252 0.2045 0.046511627906976744 0.078
0 0.7580645161290323 0.2785 0.05326331582895724 0.085
0 0.6762940735183796 0.2545 0.060765191297824456 0.09
0 0.70423855963991 0.3345 0.05438859714928732 0.092
0 0.7631282820705176 0.36175 0.06339084771192798 0.0815
0 0.7708177044261065 0.43375 0.051762940735183796 0.0705
0 0.7580645161290323 0.5155 0.05776444111027757 0.079
0 0.7036759189797449 0.53625 0.051762940735183796 0.0715
0 0.7516879219804952 0.5855 0.060765191297824456 0.08
0 0.713053263315829 0.6445 0.05476369092273068 0.073
0 0.7374343585896475 0.711 0.0555138784696174 0.077
0 0.7860090022505627 0.67075 0.05288822205551388 0.0785
0 0.8075768942235559 0.7205 0.05476369092273068 0.062
0 0.8617779444861215 0.72525 0.0603900975243811 0.0715
0 0.8203300825206301 0.6095 0.06151537884471118 0.08
0 0.8604651162790697 0.664 0.058514628657164294 0.065
0 0.9186046511627907 0.65175 0.06526631657914479 0.0755
0 0.8777194298574643 0.589 0.06151537884471118 0.075
0 0.8201425356339085 0.53625 0.06264066016504126 0.0695
0 0.8403975993998499 0.46525 0.0671417854463616 0.0925
0 0.878469617404351 0.512 0.058514628657164294 0.083
0 0.9112903225806451 0.5405 0.04688672168042011 0.073
0 0.9452363090772693 0.577 0.058514628657164294 0.074
0 0.8493998499624906 0.30375 0.06864216054013503 0.1035
0 0.8441485371342836 0.3845 0.06864216054013503 0.081
0 0.9129782445611403 0.42775 0.07351837959489872 0.0945
0 0.9396099024756189 0.4775 0.05776444111027757 0.068
0 0.9662415603900976 0.70975 0.06601650412603151 0.0735