0 0.1739618406285073 0.252 0.041900486344930786 0.057
0 0.2136176580621025 0.22925 0.04414515525626637 0.0535
0 0.25346053123830903 0.2255 0.040778151889263 0.055
0 0.2878787878787879 0.19525 0.040778151889263 0.0565
0 0.11354283576505798 0.321 0.040029928918817806 0.059
0 0.15001870557426114 0.29625 0.03666292555181444 0.0525
0 0.1919191919191919 0.312 0.03591470258136925 0.051
0 0.2141788252899364 0.29075 0.036288814066591846 0.0555
0 0.25944631500187054 0.2795 0.04451926674148896 0.052
0 0.2938645716423494 0.2585 0.04302282080059858 0.063
0 0.33052749719416386 0.28275 0.03554059109614665 0.0575
0 0.3565282454171343 0.25025 0.04414515525626637 0.0515
0 0.30265619154508044 0.303 0.03890759446315002 0.041
0 0.2540216984661429 0.325 0.041900486344930786 0.049
0 0.16853722409277966 0.3425 0.03479236812570146 0.05
0 0.1328095772540217 0.35775 0.038159371492704826 0.0425
0 0.20781893004115226 0.3565 0.03853348297792742 0.041
0 0.24205013093901984 0.37425 0.03591470258136925 0.0495
0 0.2843247287691732 0.361 0.038159371492704826 0.05
0 0.31350542461653574 0.3555 0.03591470258136925 0.051
0 0.35297418630751964 0.34925 0.040029928918817806 0.0595
0 0.13636363636363635 0.407 0.037037037037037035 0.048
0 0.1747100635989525 0.39425 0.03367003367003367 0.0515
0 0.22820800598578375 0.4075 0.03890759446315002 0.043
0 0.26954732510288065 0.41275 0.03479236812570146 0.0415
0 0.3058361391694725 0.403 0.03853348297792742 0.054
0 0.34081556303778526 0.3925 0.04040404040404041 0.05
0 0.3400673400673401 0.43375 0.034418256640478866 0.0445
0 0.29723157500935277 0.45375 0.03479236812570146 0.0515
0 0.22783389450056116 0.45875 0.0411522633744856 0.0435
0 0.19248035914702583 0.4325 0.03479236812570146 0.048
0 0.15843621399176955 0.46225 0.03554059109614665 0.0425
0 0.13019079685746351 0.43925 0.03292181069958848 0.0375
0 0.13935652824541714 0.488 0.03554059109614665 0.037
0 0.1717171717171717 0.50825 0.03965581743359521 0.0415
0 0.2029554807332585 0.48525 0.03778526000748223 0.0475
0 0.24335952113729892 0.493 0.02656191545080434 0.049
0 0.27104377104377103 0.48625 0.03179947624392069 0.0445
0 0.31219603441825666 0.4955 0.037037037037037035 0.046
0 0.3447437336326225 0.483 0.034044145155256264 0.05
0 0.3673774784885896 0.52275 0.032173587729143284 0.0455
0 0.3376356154133932 0.52275 0.03479236812570146 0.0355
0 0.30172091283202396 0.54175 0.03778526000748223 0.0435
0 0.2731013842124953 0.52525 0.03292181069958848 0.0425
0 0.2500935278713057 0.54925 0.036288814066591846 0.0455
0 0.2138047138047138 0.52825 0.037037037037037035 0.0425
0 0.1939768050879162 0.54125 0.03479236812570146 0.0345
0 0.15544332210998876 0.526 0.02656191545080434 0.04
0 0.16236438458660682 0.5635 0.031425364758698095 0.039
0 0.195099139543584 0.593 0.03254769921436588 0.033
0 0.2167976056864946 0.57575 0.031051253273475497 0.0345
0 0.22895622895622897 0.61175 0.03591470258136925 0.0455
0 0.25308641975308643 0.59375 0.034044145155256264 0.0365
0 0.26019453797231573 0.629 0.03254769921436588 0.04
0 0.2955480733258511 0.605 0.031425364758698095 0.04
0 0.28058361391694725 0.569 0.0306771417882529 0.039
0 0.30939019827908715 0.57475 0.03367003367003367 0.0345
0 0.3286569397680509 0.6285 0.030303030303030304 0.039
0 0.35316124205013094 0.55975 0.029180695847362513 0.0455
0 0.3451178451178451 0.59125 0.02880658436213992 0.0425
0 0.30359147025813693 0.66075 0.03479236812570146 0.0375
0 0.34212495323606434 0.6705 0.033295922184811075 0.039
0 0.3617658062102507 0.63175 0.0306771417882529 0.0395
0 0.37448559670781895 0.673 0.031425364758698095 0.036
0 0.40852974186307517 0.67775 0.02843247287691732 0.0355
0 0.44089038533482977 0.68925 0.025065469509913955 0.0395
0 0.46502057613168724 0.67275 0.0306771417882529 0.0305
0 0.4676393565282454 0.70175 0.032173587729143284 0.0355
0 0.49588477366255146 0.68275 0.033295922184811075 0.0355
0 0.5046763935652825 0.70975 0.03666292555181444 0.0295
0 0.39674523007856344 0.644 0.033295922184811075 0.039
0 0.43172465394687615 0.64825 0.032173587729143284 0.0405
0 0.48597081930415265 0.644 0.029928918817807706 0.036
0 0.521324354657688 0.661 0.03554059109614665 0.039
0 0.5312383090160868 0.69225 0.032173587729143284 0.0375
0 0.5370370370370371 0.72125 0.034044145155256264 0.0365
0 0.3782267115600449 0.59825 0.029180695847362513 0.0385
0 0.42424242424242425 0.61625 0.0306771417882529 0.0385
0 0.45435839880284323 0.62225 0.03254769921436588 0.0365
0 0.48428731762065097 0.60375 0.03554059109614665 0.0375
0 0.5168350168350169 0.61025 0.036288814066591846 0.0355
0 0.5123456790123457 0.5775 0.037037037037037035 0.038
0 0.5482603815937149 0.608 0.03479236812570146 0.044
0 0.5649083426861204 0.647 0.0306771417882529 0.035
0 0.5611672278338945 0.69 0.0306771417882529 0.036
0 0.5626636737747849 0.73475 0.026936026936026935 0.0355
0 0.5839880284324729 0.71575 0.03292181069958848 0.0315
0 0.5939019827908717 0.75325 0.034044145155256264 0.0395
0 0.6021324354657688 0.6895 0.02880658436213992 0.038
0 0.5989524878413768 0.64525 0.0306771417882529 0.0405
0 0.5791245791245792 0.61075 0.02543958099513655 0.0365
0 0.5875420875420876 0.58525 0.036288814066591846 0.0445
0 0.5435839880284324 0.57175 0.035166479610924055 0.0325
0 0.44743733632622523 0.57675 0.035166479610924055 0.0375
0 0.41432846988402544 0.569 0.03479236812570146 0.041
0 0.38234193789749343 0.55425 0.03666292555181444 0.0335
0 0.4120838009726899 0.50875 0.037037037037037035 0.0415
0 0.44182566404788626 0.53825 0.029928918817807706 0.0405
0 0.4678264122708567 0.526 0.03254769921436588 0.047
0 0.5069210624766181 0.53625 0.035166479610924055 0.0315
0 0.565282454171343 0.53625 0.03890759446315002 0.0395
0 0.37149270482603813 0.44375 0.03591470258136925 0.0465
0 0.40160867938645717 0.466 0.037037037037037035 0.043
0 0.4556677890011223 0.48275 0.03890759446315002 0.0405
0 0.49532360643471757 0.49625 0.03741114852225964 0.0395
0 0.5336700336700336 0.50475 0.03479236812570146 0.0345
0 0.5755705200149644 0.505 0.03853348297792742 0.04
0 0.6026936026936027 0.53525 0.029928918817807706 0.0435
0 0.5888514777403666 0.44375 0.03367003367003367 0.0495
0 0.5578002244668911 0.4685 0.035166479610924055 0.048
0 0.5211372989150767 0.4725 0.034418256640478866 0.045
0 0.38439955106621776 0.39325 0.03853348297792742 0.0405
0 0.416573138795361 0.4295 0.033295922184811075 0.046
0 0.4498690609801721 0.44225 0.03928170594837262 0.0415
0 0.4882154882154882 0.4465 0.03591470258136925 0.042
0 0.5031799476243921 0.41675 0.038159371492704826 0.0485
0 0.5353535353535354 0.42675 0.03591470258136925 0.0365
0 0.5649083426861204 0.40875 0.034418256640478866 0.0485
0 0.531986531986532 0.3775 0.032173587729143284 0.046
0 0.49644594089038535 0.34325 0.03591470258136925 0.0505
0 0.45286195286195285 0.35675 0.040029928918817806 0.0435
0 0.42480359147025815 0.3675 0.033295922184811075 0.055
0 0.37560793116348673 0.2965 0.041900486344930786 0.043
0 0.40273101384212495 0.2725 0.036288814066591846 0.056
0 0.4176954732510288 0.31975 0.03853348297792742 0.0465
0 0.4483726150392817 0.29575 0.04152637485970819 0.0545
0 0.6361765806210251 0.4355 0.040029928918817806 0.051
0 0.6621773288439955 0.47575 0.03367003367003367 0.0435
0 0.7018331462775907 0.465 0.03292181069958848 0.045
0 0.6144781144781145 0.48125 0.03778526000748223 0.0445
0 0.6346801346801347 0.52075 0.03778526000748223 0.0435
0 0.7231575009352788 0.507 0.03666292555181444 0.042
0 0.7471006359895249 0.535 0.03890759446315002 0.04
0 0.6934156378600823 0.541 0.03928170594837262 0.039
0 0.6576879910213244 0.5555 0.0411522633744856 0.036
0 0.6193415637860082 0.57025 0.034044145155256264 0.0455
0 0.6488963711185933 0.59275 0.03479236812570146 0.0445
0 0.6829405162738497 0.59625 0.03254769921436588 0.0405
0 0.7192293303404415 0.57175 0.03479236812570146 0.0415
0 0.7566404788627011 0.56675 0.03479236812570146 0.0385
0 0.7631874298540965 0.61375 0.035166479610924055 0.0465
0 0.7265245043022821 0.6205 0.03890759446315002 0.04
0 0.688178077066966 0.63675 0.03853348297792742 0.0375
0 0.6150392817059483 0.61025 0.035166479610924055 0.0365
0 0.6283202394313505 0.66475 0.03179947624392069 0.0345
0 0.6528245417134306 0.64125 0.032173587729143284 0.0415
0 0.6692854470632248 0.668 0.03741114852225964 0.03
0 0.7218481107369996 0.65175 0.03254769921436588 0.0335
0 0.754769921436588 0.6685 0.03179947624392069 0.043
0 0.700710811821923 0.6915 0.03367003367003367 0.039
0 0.7360643471754583 0.68925 0.03479236812570146 0.0375
0 0.6414141414141414 0.71875 0.024317246539468762 0.0435
0 0.6765806210250654 0.71825 0.028058361391694726 0.0385
0 0.6152263374485597 0.72475 0.030303030303030304 0.0395
0 0.6251402918069585 0.7745 0.034418256640478866 0.033
0 0.6618032173587729 0.77425 0.03591470258136925 0.0325
0 0.6906098017209128 0.75325 0.02843247287691732 0.0415
0 0.7124953236064347 0.715 0.03179947624392069 0.04
0 0.4556677890011223 0.40275 0.04040404040404041 0.0445