0 0.2220555138784696 0.31 0.0555138784696174 0.069
0 0.27156789197299325 0.246 0.05701425356339085 0.07
0 0.28769692423105775 0.17425 0.056264066016504126 0.0745
0 0.3418979744936234 0.22225 0.056639159789947484 0.0705
0 0.322768192048012 0.31775 0.052138034508627154 0.0775
0 0.28094523630907725 0.33175 0.0450112528132033 0.0725
0 0.25525131282820707 0.38525 0.05138784696174044 0.0635
0 0.2978244561140285 0.40925 0.04951237809452363 0.0675
0 0.3469617404351088 0.3855 0.047261815453863466 0.065
0 0.37696924231057766 0.32325 0.04951237809452363 0.0695
0 0.3936609152288072 0.38 0.05138784696174044 0.071
0 0.3355213803450863 0.4465 0.047636909227306824 0.064
0 0.27344336084021004 0.4535 0.05251312828207052 0.057
0 0.22543135783945986 0.4685 0.04876219054763691 0.07
0 0.2663165791447862 0.50975 0.04351087771942986 0.0675
0 0.2231807951987997 0.5555 0.0450112528132033 0.065
0 0.3160165041260315 0.5175 0.04538634658664666 0.064
0 0.3582145536384096 0.5195 0.05401350337584396 0.058
0 0.28582145536384096 0.58675 0.046511627906976744 0.0655
0 0.22243060765191297 0.65825 0.04951237809452363 0.0575
0 0.2794448612153038 0.6485 0.0450112528132033 0.062
0 0.31470367591897974 0.68775 0.05476369092273068 0.0625
0 0.2483120780195049 0.7075 0.047261815453863466 0.06
0 0.2880720180045011 0.7355 0.04876219054763691 0.058
0 0.33495873968492124 0.738 0.04426106526631658 0.06
0 0.2415603900975244 0.781 0.04351087771942986 0.059
0 0.2747561890472618 0.8395 0.04838709677419355 0.055
0 0.32483120780195046 0.8435 0.04426106526631658 0.05
0 0.3055138784696174 0.78725 0.047636909227306824 0.0515
0 0.3582145536384096 0.80875 0.04426106526631658 0.0535
0 0.40491372843210804 0.8135 0.050637659414853715 0.058
0 0.41147786946736686 0.84025 0.03975993998499625 0.0505
0 0.3606526631657914 0.887 0.04988747186796699 0.05
0 0.4518004501125281 0.832 0.03938484621155289 0.054
0 0.49118529632408103 0.8325 0.04463615903975994 0.061
0 0.4840585146286572 0.7785 0.046136534133533386 0.058
0 0.44298574643660915 0.76275 0.03900975243810953 0.0485
0 0.4212303075768942 0.734 0.037509377344336084 0.052
0 0.3794073518379595 0.72325 0.041635408852213056 0.0565
0 0.36515378844711177 0.68275 0.04688672168042011 0.0595
0 0.326894223555889 0.62075 0.03938484621155289 0.0615
0 0.36946736684171044 0.6095 0.04801200300075019 0.06
0 0.40078769692423105 0.5795 0.04838709677419355 0.062
0 0.43792198049512376 0.596 0.03938484621155289 0.058
0 0.40941485371342834 0.649 0.04538634658664666 0.06
0 0.46661665416354087 0.678 0.04576144036009002 0.061
0 0.45480120030007504 0.71025 0.04088522130532633 0.0515
0 0.505251312828207 0.71825 0.04576144036009002 0.0675
0 0.522880720180045 0.754 0.03900975243810953 0.058
0 0.5549512378094523 0.795 0.04388597149287322 0.049
0 0.595648912228057 0.78575 0.04051012753188297 0.0545
0 0.5692048012003 0.75225 0.04838709677419355 0.0545
0 0.6057764441110277 0.72925 0.04126031507876969 0.0625
0 0.5800825206301575 0.6755 0.043135783945986494 0.049
0 0.5572018004501126 0.643 0.047636909227306824 0.053
0 0.5056264066016504 0.63925 0.04351087771942986 0.0605
0 0.49624906226556637 0.59375 0.04876219054763691 0.0555
0 0.46417854463615904 0.5545 0.046136534133533386 0.067
0 0.4234808702175544 0.50325 0.04951237809452363 0.0605
0 0.3831582895723931 0.45425 0.043135783945986494 0.0585
0 0.422543135783946 0.436 0.04838709677419355 0.069
0 0.4654913728432108 0.42875 0.04876219054763691 0.0625
0 0.47561890472618157 0.48425 0.0450112528132033 0.0575
0 0.5144411102775694 0.5175 0.04688672168042011 0.056
0 0.5161290322580645 0.4455 0.046511627906976744 0.053
0 0.562828207051763 0.45575 0.04688672168042011 0.0585
0 0.3822205551387847 0.12625 0.05026256564141035 0.0705
0 0.4249812453113278 0.08925 0.05026256564141035 0.0745
0 0.4157914478619655 0.22075 0.05288822205551388 0.0735
0 0.42460615153788445 0.2895 0.05251312828207052 0.074
0 0.44392348087021755 0.3635 0.04913728432108027 0.068
0 0.4711177794448612 0.259 0.04876219054763691 0.072
0 0.4857464366091523 0.32725 0.05101275318829707 0.0695
0 0.5133158289572393 0.389 0.04463615903975994 0.068
0 0.48874718679669915 0.11325 0.051762940735183796 0.0795
0 0.5435108777194299 0.0805 0.05326331582895724 0.075
0 0.48499624906226557 0.1845 0.04876219054763691 0.067
0 0.5262565641410353 0.209 0.0555138784696174 0.068
0 0.5230682670667667 0.27475 0.04688672168042011 0.0715
0 0.5435108777194299 0.33325 0.042010502625656414 0.0645
0 0.5795198799699925 0.2835 0.047261815453863466 0.073
0 0.6194673668417104 0.236 0.04088522130532633 0.073
0 0.6181545386346586 0.1535 0.046511627906976744 0.075
0 0.6702925731432858 0.19175 0.0555138784696174 0.0685
0 0.714178544636159 0.23325 0.05101275318829707 0.0605
0 0.7496249062265566 0.28325 0.04238559639909977 0.0665
0 0.6494748687171793 0.2815 0.04538634658664666 0.069
0 0.6802325581395349 0.31025 0.03788447111777944 0.0625
0 0.6309077269317329 0.3275 0.0450112528132033 0.072
0 0.6605401350337584 0.3465 0.04876219054763691 0.068
0 0.6352213053263316 0.39475 0.04913728432108027 0.0625
0 0.6594148537134283 0.42375 0.04051012753188297 0.0575
0 0.7186796699174793 0.3905 0.0450112528132033 0.069
0 0.7233683420855214 0.346 0.04463615903975994 0.048
0 0.7226181545386346 0.44425 0.050637659414853715 0.0615
0 0.6802325581395349 0.485 0.04388597149287322 0.049
0 0.6288447111777945 0.4825 0.047636909227306824 0.076
0 0.589834958739685 0.5245 0.04463615903975994 0.062
0 0.5555138784696174 0.583 0.04426106526631658 0.059
0 0.6046511627906976 0.606 0.047261815453863466 0.064
0 0.6235933983495874 0.60825 0.032633158289572396 0.0585
0 0.6397224306076519 0.5685 0.050637659414853715 0.059
0 0.6884846211552889 0.56575 0.04988747186796699 0.0495
0 0.7243060765191298 0.5715 0.03600900225056264 0.057
0 0.740060015003751 0.52575 0.04276069017254314 0.0585
0 0.6399099774943736 0.69825 0.042010502625656414 0.0575
0 0.6747936984246061 0.682 0.04126031507876969 0.055
0 0.6787321830457614 0.6285 0.04988747186796699 0.053
0 0.7106151537884471 0.642 0.04838709677419355 0.048
0 0.7117404351087772 0.69275 0.04463615903975994 0.0535
0 0.6766691672918229 0.73625 0.04126031507876969 0.0615
0 0.6875468867216804 0.813 0.05026256564141035 0.057
0 0.7348087021755438 0.7375 0.047261815453863466 0.054
0 0.746436609152288 0.79175 0.046511627906976744 0.0525
0 0.7336834208552138 0.63025 0.03375843960990248 0.0565
0 0.7830082520630157 0.70325 0.043135783945986494 0.0675
0 0.8088897224306076 0.709 0.03488372093023256 0.059
0 0.7618154538634658 0.72975 0.04051012753188297 0.0395
0 0.8120780195048762 0.77925 0.04576144036009002 0.0545
0 0.7695048762190547 0.48475 0.04688672168042011 0.0685
0 0.7800075018754689 0.55075 0.04238559639909977 0.0615
0 0.777006751687922 0.59875 0.04688672168042011 0.0515
0 0.7912603150787697 0.63375 0.04013503375843961 0.0515
0 0.8201425356339085 0.6535 0.04238559639909977 0.056
0 0.8283945986496624 0.5955 0.04538634658664666 0.066
0 0.858027006751688 0.7265 0.04388597149287322 0.055
0 0.890285071267817 0.68175 0.03938484621155289 0.0585
0 0.8687171792948237 0.58525 0.04126031507876969 0.0505
0 0.8617779444861215 0.624 0.046136534133533386 0.043
0 0.9051012753188297 0.59225 0.03600900225056264 0.0585
0 0.8471492873218305 0.502 0.05288822205551388 0.054
0 0.8840960240060015 0.52975 0.042010502625656414 0.0685
0 0.9195423855963991 0.53325 0.043135783945986494 0.0615
0 0.8231432858214554 0.45825 0.04088522130532633 0.0605
0 0.7875093773443361 0.40975 0.05138784696174044 0.0695
0 0.8283945986496624 0.39725 0.04088522130532633 0.0635
0 0.8617779444861215 0.44775 0.04688672168042011 0.0675
0 0.9021005251312828 0.417 0.046511627906976744 0.058
0 0.8934733683420856 0.467 0.0345086271567892 0.056
0 0.8130157539384846 0.32475 0.05138784696174044 0.0655
0 0.8437734433608403 0.36675 0.038634658664666165 0.0645
0 0.5669542385596399 0.389 0.04688672168042011 0.068