0 0.3881406659184437 0.15725 0.03778526000748223 0.0565
0 0.4285447063224841 0.1635 0.040029928918817806 0.055
0 0.4902731013842125 0.17075 0.03479236812570146 0.0585
0 0.5145903479236813 0.1765 0.040778151889263 0.063
0 0.5387205387205387 0.1355 0.04788627010849233 0.058
0 0.5684624017957352 0.19875 0.040029928918817806 0.0635
0 0.5791245791245792 0.253 0.0411522633744856 0.063
0 0.5252525252525253 0.2485 0.04264870931537598 0.06
0 0.4612794612794613 0.2225 0.03965581743359521 0.057
0 0.4160119715675271 0.2295 0.03367003367003367 0.055
0 0.3554059109614665 0.2075 0.04040404040404041 0.054
0 0.3352038907594463 0.2435 0.03965581743359521 0.053
0 0.38140665918443695 0.2755 0.04152637485970819 0.062
0 0.4674523007856341 0.27 0.03928170594837262 0.059
0 0.5611672278338945 0.32075 0.0411522633744856 0.0565
0 0.5299289188178077 0.31525 0.03928170594837262 0.0565
0 0.4678264122708567 0.327 0.04451926674148896 0.061
0 0.31425364758698093 0.33525 0.03292181069958848 0.0515
0 0.3447437336326225 0.346 0.034044145155256264 0.058
0 0.39169472502805835 0.37275 0.04414515525626637 0.0605
0 0.4711934156378601 0.3895 0.040029928918817806 0.06
0 0.5091657313879536 0.3615 0.038159371492704826 0.059
0 0.5488215488215489 0.3785 0.03666292555181444 0.058
0 0.5432098765432098 0.43275 0.04040404040404041 0.0545
0 0.519453797231575 0.4125 0.040029928918817806 0.035
0 0.43004115226337447 0.413 0.03928170594837262 0.058
0 0.35409652076318743 0.401 0.037037037037037035 0.067
0 0.3679386457164235 0.456 0.03853348297792742 0.055
0 0.3374485596707819 0.48925 0.034418256640478866 0.0555
0 0.4176954732510288 0.461 0.034044145155256264 0.054
0 0.4556677890011223 0.4715 0.038159371492704826 0.051
0 0.48634493078937524 0.452 0.03965581743359521 0.061
0 0.5325476992143658 0.4925 0.037037037037037035 0.055
0 0.5778151889263 0.5115 0.04377104377104377 0.058
0 0.5136550692106248 0.52375 0.03666292555181444 0.0535
0 0.5420875420875421 0.545 0.03965581743359521 0.059
0 0.4549195660306771 0.52075 0.04040404040404041 0.0585
0 0.4218106995884774 0.51725 0.03778526000748223 0.0525
0 0.3840254395809951 0.55275 0.03179947624392069 0.0505
0 0.35278713056490835 0.53275 0.03292181069958848 0.0565
0 0.37373737373737376 0.5855 0.03367003367003367 0.049
0 0.43228582117471004 0.56825 0.040029928918817806 0.0565
0 0.48634493078937524 0.569 0.0411522633744856 0.055
0 0.576505798728021 0.587 0.04489337822671156 0.051
0 0.5145903479236813 0.61975 0.04377104377104377 0.0555
0 0.5529367751589974 0.646 0.041900486344930786 0.057
0 0.4882154882154882 0.671 0.04788627010849233 0.055
0 0.444818555929667 0.619 0.031425364758698095 0.049
0 0.3771043771043771 0.65375 0.03890759446315002 0.0495
0 0.4158249158249158 0.674 0.03479236812570146 0.056
0 0.45286195286195285 0.69975 0.03254769921436588 0.0605
0 0.5729517396184063 0.7045 0.04826038159371493 0.06
0 0.5235690235690236 0.715 0.04152637485970819 0.06
0 0.487467265245043 0.72225 0.04264870931537598 0.0575
0 0.44388327721661053 0.75775 0.04227459783015339 0.0595
0 0.40385334829779274 0.73525 0.033295922184811075 0.0535
0 0.39693228582117474 0.80425 0.034418256640478866 0.0565
0 0.4292929292929293 0.8195 0.033295922184811075 0.05
0 0.4567901234567901 0.81325 0.03965581743359521 0.0535
0 0.5138421249532361 0.7775 0.036288814066591846 0.061
0 0.5591096146651702 0.7585 0.04302282080059858 0.065
0 0.5789375233819678 0.8075 0.04377104377104377 0.06
0 0.5473251028806584 0.83575 0.04264870931537598 0.0625
0 0.500561167227834 0.84475 0.038159371492704826 0.0635
0 0.4491208380097269 0.8775 0.040029928918817806 0.064
0 0.5016835016835017 0.89475 0.03890759446315002 0.0575
0 0.5297418630751964 0.88925 0.03666292555181444 0.0575
0 0.5770669659558548 0.895 0.04526748971193416 0.065
0 0.4663299663299663 0.96275 0.04152637485970819 0.0535
0 0.5525626636737748 0.94675 0.0411522633744856 0.0545
0 0.5909090909090909 0.956 0.04152637485970819 0.057
0 0.6399176954732511 0.96875 0.04601571268237935 0.0495
0 0.6861204638982417 0.96775 0.04713804713804714 0.0555
0 0.7218481107369996 0.925 0.04900860456416012 0.055
0 0.6664796109240554 0.9105 0.04377104377104377 0.06
0 0.6169098391320613 0.8735 0.04638982416760194 0.06
0 0.6328095772540216 0.8145 0.04152637485970819 0.064
0 0.6861204638982417 0.857 0.041900486344930786 0.062
0 0.7356902356902357 0.8615 0.04601571268237935 0.059
0 0.7789001122334456 0.81475 0.04788627010849233 0.0575
0 0.7154882154882155 0.802 0.04900860456416012 0.056
0 0.6677890011223344 0.80125 0.041900486344930786 0.0575
0 0.6105499438832772 0.74825 0.04564160119715675 0.0595
0 0.6820052375607931 0.74725 0.04788627010849233 0.0585
0 0.732136176580621 0.7585 0.04489337822671156 0.064
0 0.7820800598578377 0.756 0.04601571268237935 0.057
0 0.7523381967826412 0.706 0.04938271604938271 0.06
0 0.8166853722409277 0.7075 0.048634493078937524 0.062
0 0.6412270856715301 0.6975 0.052375607931163484 0.062
0 0.5982042648709316 0.63725 0.04564160119715675 0.0575
0 0.6466517022072578 0.634 0.04526748971193416 0.057
0 0.6870557426112982 0.67275 0.050505050505050504 0.0715
0 0.7194163860830527 0.642 0.05387205387205387 0.059
0 0.8181818181818182 0.6445 0.04564160119715675 0.07
0 0.6271979049756827 0.562 0.04377104377104377 0.058
0 0.6778900112233446 0.606 0.048634493078937524 0.062
0 0.7181069958847737 0.5735 0.052749719416386086 0.067
0 0.7665544332210998 0.5885 0.05387205387205387 0.064
0 0.8176206509539843 0.57925 0.049756827534605315 0.0635
0 0.7959221848110737 0.51125 0.04900860456416012 0.0685
0 0.6780770669659558 0.53725 0.050505050505050504 0.0615
0 0.6328095772540216 0.512 0.04526748971193416 0.056
0 0.6084923307145529 0.4205 0.04526748971193416 0.065
0 0.678825289936401 0.41725 0.050505050505050504 0.0615
0 0.7042648709315376 0.46425 0.0512532734754957 0.0655
0 0.7815188926300037 0.43225 0.05312383090160868 0.0745
0 0.7317620650953984 0.39925 0.04938271604938271 0.0695
0 0.6346801346801347 0.3795 0.050505050505050504 0.062
0 0.5862326973438085 0.364 0.04564160119715675 0.058
0 0.6283202394313505 0.31325 0.04526748971193416 0.0625
0 0.675645342312009 0.3245 0.04564160119715675 0.08
0 0.7543958099513655 0.3555 0.0512532734754957 0.072
0 0.813692480359147 0.3685 0.04339693228582117 0.063
0 0.8282828282828283 0.30975 0.0508791619902731 0.0565
0 0.7775907220351664 0.29425 0.050505050505050504 0.0605
0 0.7053872053872053 0.28075 0.04601571268237935 0.0615
0 0.6277590722035167 0.25625 0.048634493078937524 0.0575
0 0.602880658436214 0.18325 0.04152637485970819 0.0595
0 0.6479610924055369 0.1995 0.0411522633744856 0.064
0 0.5944631500187055 0.1185 0.04564160119715675 0.061
0 0.6206509539842873 0.0805 0.04788627010849233 0.065
0 0.6971567527123083 0.1285 0.05499438832772166 0.064
0 0.6840628507295174 0.22275 0.04377104377104377 0.0595
0 0.7149270482603816 0.17825 0.048634493078937524 0.0595
0 0.7308267863823419 0.2245 0.04526748971193416 0.059
0 0.7835765057987281 0.239 0.04751215862326973 0.062
0 0.8325851103628882 0.25775 0.049756827534605315 0.0625
0 0.8121960344182566 0.18825 0.04638982416760194 0.0575
0 0.7654320987654321 0.18575 0.04713804713804714 0.0525
0 0.799289188178077 0.12875 0.04751215862326973 0.0635
0 0.751589973812196 0.13425 0.04339693228582117 0.0575
0 0.725215114104003 0.08 0.04377104377104377 0.061
0 0.7830153385708941 0.056 0.06060606060606061 0.066
0 0.8746726524504302 0.29075 0.0508791619902731 0.0585
0 0.8557800224466892 0.365 0.04900860456416012 0.072
0 0.8598952487841377 0.44125 0.05948372615039282 0.0685
0 0.8986157875046764 0.50325 0.04264870931537598 0.0705
0 0.8660680882903106 0.6085 0.054620276842499066 0.074
0 0.8804713804713805 0.65925 0.06846240179573512 0.0565