0 0.11252813203300825 0.56 0.0622655663915979 0.079
0 0.16579144786196548 0.5645 0.06301575393848462 0.082
0 0.18473368342085522 0.63025 0.06639159789947487 0.0705
0 0.2663165791447862 0.61275 0.05251312828207052 0.0685
0 0.30120030007501875 0.5815 0.05701425356339085 0.075
0 0.2526256564141035 0.55125 0.061890472618154536 0.0535
0 0.3477119279819955 0.6145 0.0555138784696174 0.055
0 0.36346586646661666 0.58075 0.06001500375093773 0.0675
0 0.37378094523630906 0.71675 0.06264066016504126 0.0655
0 0.4405476369092273 0.65275 0.05588897224306077 0.0735
0 0.47355588897224304 0.69775 0.06339084771192798 0.0535
0 0.49287321830457614 0.72425 0.03975993998499625 0.0555
0 0.5003750937734434 0.63625 0.04801200300075019 0.0735
0 0.5166916729182296 0.56575 0.05438859714928732 0.0805
0 0.518192048012003 0.49425 0.061890472618154536 0.0765
0 0.45723930982745686 0.5185 0.0555138784696174 0.091
0 0.44973743435858965 0.56475 0.05476369092273068 0.0595
0 0.38165791447861963 0.53725 0.059639909977494375 0.0785
0 0.3276444111027757 0.5185 0.055138784696174045 0.073
0 0.24887471867966993 0.50925 0.0641410352588147 0.0735
0 0.1676669167291823 0.487 0.06301575393848462 0.079
0 0.10033758439609902 0.48075 0.06564141035258815 0.0855
0 0.13765941485371344 0.40425 0.06526631657914479 0.0885
0 0.1993623405851463 0.36125 0.06264066016504126 0.0855
0 0.21980495123780946 0.442 0.072768192048012 0.087
0 0.26069017254313576 0.37125 0.06826706676669167 0.0925
0 0.2940735183795949 0.4555 0.06151537884471118 0.083
0 0.3640285071267817 0.46125 0.05888972243060765 0.0775
0 0.34039759939985 0.376 0.06339084771192798 0.072
0 0.40097524381095273 0.40225 0.05926481620405101 0.0845
0 0.4748687171792948 0.44075 0.06601650412603151 0.0785
0 0.4876219054763691 0.37125 0.06526631657914479 0.0845
0 0.5350712678169542 0.4165 0.061140285071267814 0.086
0 0.47261815453863465 0.26825 0.07051762940735183 0.0915
0 0.5009377344336085 0.19125 0.07314328582145536 0.0915
0 0.4249812453113278 0.192 0.0690172543135784 0.105
0 0.36627906976744184 0.20775 0.06789197299324831 0.1025
0 0.36440360090022506 0.30675 0.06864216054013503 0.0935
0 0.2981995498874719 0.30825 0.06976744186046512 0.0875
0 0.23012003000750186 0.285 0.06639159789947487 0.093
0 0.2702550637659415 0.202 0.07239309827456865 0.105
0 0.3822205551387847 0.0965 0.07426856714178545 0.109
0 0.4606151537884471 0.10075 0.0690172543135784 0.1045
0 0.8737809452363091 0.36225 0.07914478619654913 0.0835
0 0.8182670667666917 0.3195 0.07539384846211553 0.087
0 0.7327456864216054 0.271 0.0671417854463616 0.108
0 0.6564141035258815 0.2725 0.06601650412603151 0.09
0 0.621530382595649 0.21325 0.07051762940735183 0.1095
0 0.5523255813953488 0.105 0.06789197299324831 0.119
0 0.5677044261065266 0.278 0.07464366091522881 0.096
0 0.5885221305326331 0.358 0.06451612903225806 0.087
0 0.6536009002250562 0.36175 0.0671417854463616 0.0905
0 0.7357464366091523 0.365 0.06939234808702176 0.091
0 0.7901350337584396 0.40075 0.055138784696174045 0.0625
0 0.8171417854463616 0.42575 0.05888972243060765 0.0785
0 0.882033008252063 0.4915 0.05888972243060765 0.075
0 0.8629032258064516 0.561 0.059639909977494375 0.068
0 0.8171417854463616 0.51575 0.061140285071267814 0.0785
0 0.7530007501875469 0.457 0.06264066016504126 0.067
0 0.7033008252063015 0.455 0.06451612903225806 0.082
0 0.6496624156039009 0.47 0.06601650412603151 0.083
0 0.582145536384096 0.459 0.06376594148537135 0.079
0 0.5864591147786947 0.52125 0.056639159789947484 0.0635
0 0.5517629407351838 0.61 0.05476369092273068 0.068
0 0.6040885221305327 0.598 0.05588897224306077 0.07
0 0.6629782445611403 0.554 0.05813953488372093 0.073
0 0.7449362340585146 0.54775 0.06001500375093773 0.0735
0 0.8854088522130532 0.672 0.055138784696174045 0.075
0 0.8325206301575394 0.6325 0.055138784696174045 0.076
0 0.7938859714928732 0.5845 0.0603900975243811 0.07
0 0.7899474868717179 0.679 0.04801200300075019 0.061
0 0.7537509377344336 0.63325 0.05588897224306077 0.0695
0 0.7003000750187547 0.595 0.05926481620405101 0.061
0 0.6434733683420856 0.6295 0.05138784696174044 0.064
0 0.5924606151537885 0.65925 0.059639909977494375 0.0645
0 0.5420105026256564 0.69075 0.0555138784696174 0.0715
0 0.6374718679669917 0.68025 0.052138034508627154 0.0595
0 0.6867966991747937 0.71375 0.056264066016504126 0.0675
0 0.7415603900975244 0.72175 0.04576144036009002 0.0635
0 0.818642160540135 0.72875 0.05813953488372093 0.0635
0 0.699549887471868 0.657 0.06301575393848462 0.073