0 0.1264066016504126 0.43075 0.028507126781695424 0.0455
0 0.16804201050262565 0.3635 0.03825956489122281 0.046
0 0.18698424606151537 0.39725 0.03488372093023256 0.0415
0 0.17123030757689423 0.4385 0.03188297074268567 0.047
0 0.17010502625656415 0.47875 0.03788447111777944 0.0425
0 0.18698424606151537 0.5145 0.034133533383345835 0.054
0 0.21436609152288072 0.472 0.03338334583645911 0.044
0 0.1991747936984246 0.4265 0.035258814703675916 0.043
0 0.23630907726931732 0.52925 0.0345086271567892 0.0545
0 0.26875468867216806 0.49725 0.028132033008252063 0.0505
0 0.2702550637659415 0.54975 0.01387846961740435 0.0375
0 0.28769692423105775 0.54375 0.030007501875468866 0.0485
0 0.19298574643660915 0.3295 0.041635408852213056 0.049
0 0.18942235558889722 0.22375 0.03600900225056264 0.0525
0 0.218304576144036 0.184 0.037509377344336084 0.051
0 0.222993248312078 0.22575 0.04013503375843961 0.0515
0 0.26200300075018756 0.17925 0.034133533383345835 0.0545
0 0.22055513878469618 0.29875 0.033008252063015754 0.0525
0 0.21492873218304576 0.37525 0.04351087771942986 0.0465
0 0.2469992498124531 0.397 0.038634658664666165 0.047
0 0.24193548387096775 0.42875 0.037509377344336084 0.0425
0 0.27063015753938485 0.438 0.037134283570892726 0.052
0 0.24606151537884471 0.3355 0.04051012753188297 0.051
0 0.2663165791447862 0.3125 0.035258814703675916 0.049
0 0.2751312828207052 0.25425 0.036384096024006 0.0535
0 0.30195048762190546 0.20325 0.029257314328582147 0.0505
0 0.3235183795948987 0.1655 0.03113278319579895 0.045
0 0.33852213053263314 0.115 0.03338334583645911 0.05
0 0.3659039759939985 0.1105 0.03338334583645911 0.055
0 0.3887846961740435 0.11525 0.038634658664666165 0.0565
0 0.3493998499624906 0.15675 0.03938484621155289 0.0475
0 0.32801950487621906 0.20925 0.037134283570892726 0.0505
0 0.3252063015753939 0.25275 0.03150787696924231 0.0505
0 0.35183795948987245 0.248 0.03675918979744936 0.048
0 0.29688672168042013 0.295 0.036384096024006 0.047
0 0.3300825206301575 0.30175 0.03675918979744936 0.0565
0 0.2826331582895724 0.35875 0.03563390847711928 0.0465
0 0.3058889722430608 0.34675 0.038634658664666165 0.0455
0 0.3047636909227307 0.40125 0.03788447111777944 0.0435
0 0.3083270817704426 0.46975 0.042010502625656414 0.0455
0 0.3400225056264066 0.4125 0.03488372093023256 0.049
0 0.34152288072018006 0.475 0.034133533383345835 0.053
0 0.31470367591897974 0.5085 0.03375843960990248 0.046
0 0.3177044261065266 0.59075 0.0345086271567892 0.0445
0 0.3709677419354839 0.57225 0.030007501875468866 0.0405
0 0.35596399099774945 0.53425 0.030007501875468866 0.0485
0 0.37790697674418605 0.54525 0.034133533383345835 0.0485
0 0.3985371342835709 0.597 0.03563390847711928 0.049
0 0.41410352588147037 0.55825 0.03375843960990248 0.0465
0 0.3994748687171793 0.5165 0.04051012753188297 0.047
0 0.36834208552138037 0.4955 0.03675918979744936 0.048
0 0.39047261815453865 0.4695 0.03675918979744936 0.049
0 0.43060765191297823 0.474 0.03150787696924231 0.052
0 0.3735933983495874 0.43775 0.03675918979744936 0.0505
0 0.38540885221305327 0.39675 0.04013503375843961 0.0435
0 0.4214178544636159 0.418 0.036384096024006 0.044
0 0.4503000750187547 0.425 0.029632408102025505 0.051
0 0.4606151537884471 0.46975 0.03225806451612903 0.0485
0 0.4915603900975244 0.436 0.03788447111777944 0.051
0 0.4433608402100525 0.51175 0.037509377344336084 0.0425
0 0.43360840210052515 0.624 0.037509377344336084 0.049
0 0.45986496624156037 0.59325 0.0345086271567892 0.0455
0 0.48499624906226557 0.63425 0.03375843960990248 0.0485
0 0.49362340585146286 0.5795 0.033008252063015754 0.048
0 0.46999249812453114 0.54925 0.03825956489122281 0.0425
0 0.4939984996249062 0.51775 0.03675918979744936 0.0445
0 0.5024381095273819 0.4765 0.037134283570892726 0.047
0 0.5307576894223556 0.465 0.03675918979744936 0.055
0 0.5303825956489122 0.5015 0.037509377344336084 0.046
0 0.5260690172543135 0.55 0.03938484621155289 0.045
0 0.518754688672168 0.613 0.03600900225056264 0.039
0 0.5165041260315079 0.65375 0.03975993998499625 0.0455
0 0.359714928732183 0.3505 0.03150787696924231 0.049
0 0.39047261815453865 0.36275 0.03975993998499625 0.0435
0 0.3799699924981245 0.311 0.03825956489122281 0.06
0 0.3794073518379595 0.216 0.03788447111777944 0.05
0 0.39422355588897223 0.17375 0.0345086271567892 0.0535
0 0.4255438859714929 0.16575 0.041635408852213056 0.0535
0 0.4375468867216804 0.111 0.041635408852213056 0.053
0 0.4653038259564891 0.1915 0.036384096024006 0.055
0 0.4264816204051013 0.22875 0.03675918979744936 0.0555
0 0.40416354088522133 0.2715 0.038634658664666165 0.055
0 0.4349212303075769 0.28075 0.034133533383345835 0.0555
0 0.41691672918229555 0.32375 0.03938484621155289 0.0485
0 0.4221680420105026 0.3815 0.03788447111777944 0.047
0 0.4579894973743436 0.37375 0.033008252063015754 0.0525
0 0.4866841710427607 0.385 0.03488372093023256 0.051
0 0.45648912228057015 0.33325 0.03600900225056264 0.0485
0 0.4645536384096024 0.28775 0.036384096024006 0.0575
0 0.4656789197299325 0.23825 0.037134283570892726 0.0545
0 0.49549887471867965 0.2315 0.03600900225056264 0.053
0 0.5101275318829708 0.15325 0.04426106526631658 0.0615
0 0.5125656414103525 0.27875 0.03488372093023256 0.0555
0 0.49531132783195797 0.32325 0.036384096024006 0.0555
0 0.5459489872468117 0.2305 0.03563390847711928 0.057
0 0.5752063015753939 0.20225 0.03938484621155289 0.0515
0 0.6142160540135033 0.204 0.036384096024006 0.057
0 0.5978994748687172 0.24125 0.04276069017254314 0.0555
0 0.5652663165791448 0.26975 0.04276069017254314 0.0585
0 0.5330082520630157 0.30775 0.04051012753188297 0.0605
0 0.5185671417854464 0.354 0.03788447111777944 0.05
0 0.5590772693173294 0.34525 0.03788447111777944 0.0565
0 0.5900225056264066 0.3115 0.03975993998499625 0.059
0 0.6175918979744937 0.279 0.038634658664666165 0.056
0 0.659039759939985 0.25925 0.0450112528132033 0.0555
0 0.7214928732183046 0.28275 0.04388597149287322 0.0465
0 0.6759189797449362 0.2995 0.042010502625656414 0.047
0 0.636721680420105 0.31625 0.036384096024006 0.0475
0 0.6084021005251313 0.3515 0.03975993998499625 0.053
0 0.5857089272318079 0.3915 0.04013503375843961 0.053
0 0.5200675168792198 0.40575 0.03788447111777944 0.0555
0 0.5523255813953488 0.41475 0.03938484621155289 0.0535
0 0.5716429107276819 0.4595 0.03975993998499625 0.056
0 0.5645161290322581 0.506 0.03975993998499625 0.048
0 0.5637659414853713 0.55775 0.03825956489122281 0.0535
0 0.5542010502625656 0.6085 0.03938484621155289 0.044
0 0.5523255813953488 0.64325 0.034133533383345835 0.0495
0 0.5740810202550638 0.70075 0.04013503375843961 0.0475
0 0.5928357089272318 0.658 0.03488372093023256 0.052
0 0.5922730682670667 0.59725 0.03600900225056264 0.0445
0 0.6292198049512379 0.7215 0.034133533383345835 0.048
0 0.6365341335333834 0.75475 0.0277569392348087 0.0315
0 0.6596024006001501 0.73775 0.03563390847711928 0.0465
0 0.6794823705926482 0.75125 0.030382595648912228 0.0495
0 0.6294073518379595 0.6715 0.0345086271567892 0.053
0 0.6642910727681921 0.6845 0.037509377344336084 0.046
0 0.6993623405851462 0.69725 0.03938484621155289 0.0495
0 0.6230307576894224 0.62725 0.042010502625656414 0.0515
0 0.660165041260315 0.63975 0.04051012753188297 0.0505
0 0.6202175543885972 0.57475 0.04088522130532633 0.0505
0 0.655476369092273 0.60375 0.04238559639909977 0.0515
0 0.6014628657164292 0.53525 0.037134283570892726 0.0505
0 0.6007126781695424 0.4885 0.037134283570892726 0.053
0 0.6331582895723931 0.3875 0.037509377344336084 0.055
0 0.6149662415603901 0.43625 0.04088522130532633 0.0465
0 0.6485371342835708 0.509 0.03900975243810953 0.048
0 0.6633533383345837 0.5495 0.03938484621155289 0.052
0 0.6656039009752438 0.361 0.041635408852213056 0.051
0 0.7027381845461366 0.3425 0.03938484621155289 0.051
0 0.753563390847712 0.33175 0.04051012753188297 0.0565
0 0.7316204051012754 0.3785 0.03938484621155289 0.059
0 0.6806076519129782 0.405 0.04013503375843961 0.052
0 0.6656039009752438 0.4585 0.037134283570892726 0.049
0 0.714178544636159 0.44875 0.04051012753188297 0.0545
0 0.7571267816954238 0.42225 0.04088522130532633 0.0605
0 0.7884471117779445 0.397 0.04276069017254314 0.052
0 0.7901350337584396 0.44425 0.04088522130532633 0.0545
0 0.6976744186046512 0.51475 0.04276069017254314 0.0505
0 0.7338709677419355 0.493 0.038634658664666165 0.054
0 0.8021380345086272 0.50025 0.04013503375843961 0.0525
0 0.7361215303825956 0.53025 0.038634658664666165 0.0465
0 0.7031132783195799 0.56 0.04238559639909977 0.047
0 0.7139909977494373 0.60825 0.04238559639909977 0.0445
0 0.7145536384096024 0.64575 0.04051012753188297 0.0495
0 0.7475618904726181 0.58175 0.04126031507876969 0.0505
0 0.7878844711177795 0.5575 0.04013503375843961 0.054
0 0.7891972993248312 0.601 0.04276069017254314 0.047
0 0.7648162040510128 0.6435 0.037509377344336084 0.058
0 0.7528132033008252 0.6825 0.04126031507876969 0.053
0 0.7391222805701425 0.71125 0.03563390847711928 0.0475
0 0.731807951987997 0.78225 0.04276069017254314 0.0465
0 0.7503750937734434 0.83675 0.04013503375843961 0.0375
0 0.7831957989497375 0.80625 0.03600900225056264 0.0505
0 0.8103900975243811 0.8675 0.04238559639909977 0.05
0 0.791072768192048 0.75425 0.03975993998499625 0.0515
0 0.8141410352588146 0.813 0.036384096024006 0.048
0 0.8304576144036009 0.784 0.04126031507876969 0.05
0 0.794073518379595 0.65675 0.035258814703675916 0.0555
0 0.7931357839459865 0.693 0.03488372093023256 0.047
0 0.832145536384096 0.657 0.03938484621155289 0.056
0 0.8370217554388597 0.727 0.037134283570892726 0.048
0 0.8625281320330083 0.802 0.03788447111777944 0.048
0 0.86384096024006 0.87025 0.037509377344336084 0.0485
0 0.8985371342835708 0.85225 0.03788447111777944 0.0475
0 0.9171042760690172 0.8025 0.037509377344336084 0.052
0 0.8647786946736684 0.74575 0.038634658664666165 0.0565
0 0.9161665416354089 0.75225 0.038634658664666165 0.0515
0 0.9082895723930983 0.72 0.050637659414853715 0.062
0 0.8764066016504126 0.6325 0.04013503375843961 0.061
0 0.9247936984246061 0.64275 0.043135783945986494 0.0535
0 0.8578394598649662 0.55175 0.04051012753188297 0.0525