0 0.046136534133533386 0.47225 0.04876219054763691 0.0675
0 0.09827456864216054 0.5065 0.04801200300075019 0.061
0 0.10165041260315079 0.43575 0.04576144036009002 0.0605
0 0.11309077269317329 0.37475 0.04988747186796699 0.0705
0 0.1734808702175544 0.384 0.0536384096024006 0.073
0 0.20255063765941486 0.344 0.05251312828207052 0.08
0 0.2289947486871718 0.31575 0.0603900975243811 0.0795
0 0.28488372093023256 0.30725 0.0536384096024006 0.0805
0 0.3574643660915229 0.21675 0.05776444111027757 0.0855
0 0.38372093023255816 0.305 0.060765191297824456 0.076
0 0.3621530382595649 0.3385 0.056639159789947484 0.08
0 0.3072018004501125 0.36025 0.05476369092273068 0.0595
0 0.34339834958739685 0.403 0.041635408852213056 0.065
0 0.37978244561140284 0.4115 0.050637659414853715 0.064
0 0.24943735933983496 0.3825 0.05401350337584396 0.071
0 0.2980120030007502 0.4325 0.04988747186796699 0.062
0 0.36102775693923483 0.472 0.04688672168042011 0.06
0 0.23405851462865718 0.42225 0.05326331582895724 0.0635
0 0.26387846961740435 0.48175 0.04838709677419355 0.0655
0 0.3066391597899475 0.51675 0.0536384096024006 0.0655
0 0.17423105776444112 0.43375 0.0536384096024006 0.0555
0 0.1342835708927232 0.489 0.05101275318829707 0.063
0 0.18923480870217554 0.4885 0.052138034508627154 0.061
0 0.1723555888972243 0.5375 0.04388597149287322 0.059
0 0.21042760690172543 0.558 0.05026256564141035 0.063
0 0.13334583645911477 0.54575 0.06264066016504126 0.0555
0 0.15772693173293323 0.6205 0.04838709677419355 0.053
0 0.15397599399849962 0.6705 0.04838709677419355 0.054
0 0.23874718679669918 0.58675 0.04388597149287322 0.0505
0 0.2843210802700675 0.60675 0.046511627906976744 0.0545
0 0.27138034508627157 0.5555 0.04838709677419355 0.06
0 0.31732933233308325 0.5795 0.04951237809452363 0.061
0 0.3293323330832708 0.6375 0.047261815453863466 0.058
0 0.3488372093023256 0.66075 0.046511627906976744 0.0485
0 0.3938484621155289 0.6365 0.046511627906976744 0.052
0 0.37209302325581395 0.593 0.05401350337584396 0.062
0 0.3612153038259565 0.5375 0.042010502625656414 0.054
0 0.4004126031507877 0.52 0.04988747186796699 0.057
0 0.42366841710427605 0.5535 0.04388597149287322 0.056
0 0.43267066766691675 0.62675 0.041635408852213056 0.0545
0 0.4508627156789197 0.21425 0.05701425356339085 0.0855
0 0.5005626406601651 0.23925 0.05588897224306077 0.0695
0 0.536946736684171 0.181 0.0603900975243811 0.082
0 0.5594523630907727 0.24075 0.06489122280570142 0.0745
0 0.6110277569392348 0.19925 0.05701425356339085 0.0825
0 0.4484246061515379 0.3025 0.05588897224306077 0.065
0 0.4848087021755439 0.381 0.052138034508627154 0.074
0 0.4186046511627907 0.3795 0.05926481620405101 0.079
0 0.45423855963991 0.42725 0.051762940735183796 0.0695
0 0.5048762190547637 0.45725 0.05101275318829707 0.0715
0 0.5253188297074268 0.3165 0.05438859714928732 0.077
0 0.542198049512378 0.37675 0.05288822205551388 0.0655
0 0.5917104276069017 0.332 0.0641410352588147 0.083
0 0.6440360090022506 0.28125 0.06001500375093773 0.0835
0 0.6359714928732183 0.347 0.05288822205551388 0.068
0 0.6447861965491373 0.4005 0.04951237809452363 0.059
0 0.5932108027006752 0.4195 0.05288822205551388 0.067
0 0.5534508627156789 0.461 0.05288822205551388 0.064
0 0.6005251312828207 0.4845 0.05101275318829707 0.067
0 0.5570142535633908 0.5015 0.05101275318829707 0.055
0 0.5063765941485371 0.5115 0.04951237809452363 0.063
0 0.41410352588147037 0.471 0.04951237809452363 0.062
0 0.45367591897974496 0.5075 0.047636909227306824 0.059
0 0.4656789197299325 0.5645 0.047636909227306824 0.056
0 0.46999249812453114 0.6215 0.04576144036009002 0.058
0 0.46811702925731435 0.66875 0.0450112528132033 0.0435
0 0.5210052513128282 0.65625 0.04876219054763691 0.0435
0 0.521755438859715 0.5675 0.04951237809452363 0.053
0 0.541072768192048 0.6055 0.04463615903975994 0.053
0 0.572768192048012 0.632 0.04576144036009002 0.05
0 0.5712678169542386 0.5645 0.047261815453863466 0.059
0 0.599774943735934 0.607 0.05101275318829707 0.051
0 0.6234058514628658 0.6485 0.051762940735183796 0.053
0 0.671980495123781 0.67225 0.04988747186796699 0.0465
0 0.660165041260315 0.61225 0.04876219054763691 0.0505
0 0.6172168042010503 0.56175 0.04988747186796699 0.0615
0 0.667291822955739 0.5685 0.04951237809452363 0.059
0 0.6547261815453863 0.503 0.0536384096024006 0.057
0 0.70423855963991 0.51125 0.047636909227306824 0.0635
0 0.7126781695423856 0.55925 0.04951237809452363 0.0565
0 0.713615903975994 0.61875 0.046136534133533386 0.0565
0 0.7226181545386346 0.693 0.04913728432108027 0.056
0 0.7711927981995499 0.69125 0.04876219054763691 0.0545
0 0.7608777194298575 0.62425 0.04388597149287322 0.0525
0 0.7646286571642911 0.57875 0.05138784696174044 0.0645
0 0.7537509377344336 0.509 0.04838709677419355 0.06
0 0.7683795948987246 0.4645 0.05438859714928732 0.072
0 0.7025506376594148 0.4405 0.05401350337584396 0.064
0 0.6914853713428357 0.3825 0.05438859714928732 0.067
0 0.6884846211552889 0.3275 0.05738934733683421 0.066
0 0.741185296324081 0.26075 0.0690172543135784 0.0935
0 0.741747936984246 0.3135 0.05738934733683421 0.071
0 0.7475618904726181 0.37775 0.06826706676669167 0.0745
0 0.800450112528132 0.27575 0.06376594148537135 0.0835
0 0.8036384096024006 0.351 0.05888972243060765 0.081
0 0.8158289572393098 0.4165 0.051762940735183796 0.076
0 0.8167666916729183 0.47825 0.056639159789947484 0.0585
0 0.8700300075018754 0.45025 0.06489122280570142 0.0695
0 0.8882220555138785 0.3565 0.07126781695423856 0.083
0 0.9232933233308327 0.42 0.06489122280570142 0.079
0 0.9568642160540135 0.469 0.0622655663915979 0.074
0 0.9382970742685671 0.51925 0.0536384096024006 0.0555
0 0.8677794448612153 0.529 0.0603900975243811 0.061
0 0.8214553638409603 0.57125 0.051762940735183796 0.0615
0 0.8117029257314329 0.625 0.05401350337584396 0.053
0 0.8246436609152288 0.6735 0.05138784696174044 0.052
0 0.8717179294823706 0.63875 0.05776444111027757 0.0485
0 0.8812828207051763 0.5845 0.055138784696174045 0.06
0 0.29276069017254314 0.644 0.03488372093023256 0.037