0 0.06732933233308327 0.59225 0.07614403600900226 0.1025
0 0.07070517629407352 0.6715 0.07914478619654913 0.092
0 0.1342835708927232 0.50825 0.08177044261065267 0.0895
0 0.13147036759189798 0.67225 0.07764441110277569 0.0955
0 0.13240810202550637 0.769 0.07801950487621906 0.102
0 0.1811702925731433 0.4345 0.08702175543885972 0.098
0 0.17704426106526633 0.6135 0.08402100525131283 0.107
0 0.22149287321830458 0.70775 0.08514628657164292 0.0875
0 0.18042010502625658 0.88875 0.08252063015753938 0.0955
0 0.26106526631657917 0.87075 0.08777194298574643 0.0955
0 0.2972618154538635 0.71525 0.07764441110277569 0.1025
0 0.27156789197299325 0.63775 0.07501875468867217 0.0925
0 0.25787696924231057 0.54225 0.07239309827456865 0.0985
0 0.25731432858214554 0.42025 0.08252063015753938 0.1095
0 0.30213803450862714 0.29675 0.09339834958739685 0.0995
0 0.3300825206301575 0.43825 0.08027006751687922 0.1125
0 0.350337584396099 0.5405 0.07201800450112528 0.114
0 0.34227306826706677 0.64775 0.07764441110277569 0.0955
0 0.37509377344336087 0.74675 0.07801950487621906 0.0945
0 0.3657164291072768 0.84975 0.07801950487621906 0.1145
0 0.4309827456864216 0.82675 0.06676669167291822 0.1055
0 0.4444861215303826 0.70575 0.08402100525131283 0.1095
0 0.423105776444111 0.5785 0.08252063015753938 0.11
0 0.4097899474868717 0.479 0.08364591147786947 0.102
0 0.39122280570142537 0.337 0.08027006751687922 0.103
0 0.3925356339084771 0.23425 0.08439609902475619 0.1065
0 0.45836459114778694 0.3235 0.08702175543885972 0.117
0 0.4769317329332333 0.422 0.07539384846211553 0.113
0 0.4848087021755439 0.518 0.08139534883720931 0.087
0 0.5116279069767442 0.711 0.08627156789197299 0.109
0 0.5444486121530383 0.60475 0.06789197299324831 0.1035
0 0.5603900975243811 0.4655 0.08027006751687922 0.106
0 0.5373218304576144 0.35375 0.07389347336834208 0.1085
0 0.5110652663165791 0.20875 0.08889722430607652 0.1185
0 0.6582895723930983 0.168 0.09827456864216054 0.137
0 0.5828957239309828 0.264 0.07201800450112528 0.11
0 0.6768567141785446 0.2825 0.08889722430607652 0.124
0 0.6316579144786196 0.37775 0.08627156789197299 0.0985
0 0.6524756189047262 0.457 0.08064516129032258 0.11
0 0.6039009752438109 0.54275 0.08402100525131283 0.1015
0 0.5802700675168793 0.677 0.07126781695423856 0.125
0 0.558702175543886 0.7795 0.08139534883720931 0.108
0 0.7608777194298575 0.1945 0.09489872468117029 0.13
0 0.7614403600900225 0.3155 0.08177044261065267 0.104
0 0.7503750937734434 0.422 0.09114778694673668 0.096
0 0.6903600900225056 0.54025 0.08214553638409602 0.1065
0 0.650225056264066 0.61825 0.07464366091522881 0.0975
0 0.6521005251312828 0.7215 0.08439609902475619 0.094
0 0.6318454613653414 0.82375 0.08514628657164292 0.1055
0 0.8255813953488372 0.24325 0.06826706676669167 0.1165
0 0.8364591147786947 0.42975 0.07651912978244561 0.1075
0 0.7766316579144786 0.53625 0.07764441110277569 0.0985
0 0.7421230307576894 0.62625 0.07314328582145536 0.1065
0 0.7323705926481621 0.749 0.07689422355588897 0.111
0 0.7111777944486122 0.848 0.07876969242310577 0.107
0 0.8516504126031508 0.5105 0.07539384846211553 0.11
0 0.8096399099774944 0.62725 0.07614403600900226 0.1045
0 0.8002625656414104 0.72875 0.07614403600900226 0.1085
0 0.777569392348087 0.84075 0.08102025506376594 0.1115
0 0.8985371342835708 0.609 0.07014253563390847 0.106
0 0.890285071267817 0.7235 0.08064516129032258 0.105
0 0.8471492873218305 0.80175 0.08139534883720931 0.1055