0 0.13259564891222805 0.3605 0.024381095273818456 0.036
0 0.1541635408852213 0.386 0.021005251312828207 0.04
0 0.1734808702175544 0.39225 0.019879969992498126 0.0335
0 0.177231807951988 0.352 0.023630907726931733 0.034
0 0.21586646661665415 0.3225 0.01837959489872468 0.038
0 0.18548387096774194 0.41325 0.02213053263315829 0.0245
0 0.2700675168792198 0.3215 0.01800450112528132 0.025
0 0.28600900225056264 0.33325 0.028882220555138786 0.0325
0 0.2569392348087022 0.3595 0.0277569392348087 0.03
0 0.2558139534883721 0.37325 0.025506376594148537 0.0235
0 0.24006001500375093 0.40475 0.02250562640660165 0.0395
0 0.254126031507877 0.39825 0.024381095273818456 0.0365
0 0.299887471867967 0.35475 0.028882220555138786 0.0375
0 0.27344336084021004 0.41225 0.016504126031507877 0.0215
0 0.291072768192048 0.41525 0.02700675168792198 0.0345
0 0.14291072768192048 0.46175 0.02175543885971493 0.0285
0 0.18154538634658665 0.45075 0.02250562640660165 0.0345
0 0.17873218304576144 0.4815 0.02663165791447862 0.03
0 0.17591897974493623 0.501 0.02175543885971493 0.034
0 0.2010502625656414 0.44225 0.023255813953488372 0.0395
0 0.21886721680420104 0.45875 0.020630157539384845 0.0405
0 0.20573893473368343 0.47325 0.01387846961740435 0.0345
0 0.21999249812453114 0.47925 0.02738184546136534 0.0305
0 0.2061140285071268 0.502 0.023630907726931733 0.029
0 0.2415603900975244 0.49225 0.025506376594148537 0.0355
0 0.2595648912228057 0.449 0.030007501875468866 0.034
0 0.2843210802700675 0.46525 0.02700675168792198 0.0335
0 0.2768192048012003 0.4845 0.025506376594148537 0.032
0 0.21230307576894222 0.5285 0.02250562640660165 0.039
0 0.19204801200300076 0.55275 0.02250562640660165 0.0325
0 0.2233683420855214 0.5515 0.02213053263315829 0.027
0 0.24362340585146286 0.53775 0.023630907726931733 0.0345
0 0.17854463615903976 0.6125 0.024006001500375095 0.031
0 0.19504876219054765 0.64675 0.024756189047261814 0.0325
0 0.21867966991747936 0.59425 0.021005251312828207 0.0325
0 0.2288072018004501 0.58725 0.024006001500375095 0.0345
0 0.23387096774193547 0.6115 0.023630907726931733 0.028
0 0.25731432858214554 0.6 0.02625656414103526 0.035
0 0.2798199549887472 0.606 0.03075768942235559 0.039
0 0.26069017254313576 0.56375 0.028507126781695424 0.0355
0 0.2695048762190548 0.54175 0.02663165791447862 0.0375
0 0.2980120030007502 0.52925 0.025131282820705175 0.0315
0 0.3143285821455364 0.537 0.02700675168792198 0.032
0 0.29426106526631657 0.562 0.025881470367591898 0.031
0 0.3141410352588147 0.4925 0.030382595648912228 0.034
0 0.3225806451612903 0.57 0.018754688672168042 0.036
0 0.34058514628657166 0.5805 0.024756189047261814 0.033
0 0.23068267066766693 0.67125 0.019504876219054765 0.0295
0 0.24062265566391597 0.70675 0.020630157539384845 0.0275
0 0.24774943735933982 0.73375 0.024381095273818456 0.0295
0 0.268192048012003 0.72625 0.024006001500375095 0.0305
0 0.25900225056264065 0.65225 0.02288072018004501 0.0285
0 0.26650412603150786 0.66775 0.02663165791447862 0.0255
0 0.2940735183795949 0.6755 0.02625656414103526 0.027
0 0.31451612903225806 0.6925 0.02738184546136534 0.032
0 0.29632408102025504 0.6445 0.024756189047261814 0.031
0 0.31451612903225806 0.6205 0.02138034508627157 0.03
0 0.33064516129032256 0.618 0.029632408102025505 0.03
0 0.3310202550637659 0.64875 0.02663165791447862 0.0335
0 0.3117029257314329 0.7455 0.024006001500375095 0.038
0 0.3207051762940735 0.79825 0.02625656414103526 0.0295
0 0.34827456864216055 0.8045 0.02138034508627157 0.034
0 0.327456864216054 0.71625 0.021005251312828207 0.0355
0 0.345648912228057 0.713 0.025881470367591898 0.033
0 0.36534133533383345 0.6635 0.02625656414103526 0.03
0 0.3413353338334584 0.7475 0.021005251312828207 0.024
0 0.3486496624156039 0.77925 0.02288072018004501 0.0305
0 0.354463615903976 0.76275 0.025506376594148537 0.0285
0 0.36552888222055513 0.78125 0.02738184546136534 0.0335
0 0.37884471117779445 0.8055 0.01800450112528132 0.03
0 0.37209302325581395 0.8425 0.02250562640660165 0.032
0 0.3822205551387847 0.75825 0.03075768942235559 0.0285
0 0.3784696174043511 0.715 0.021005251312828207 0.036
0 0.3649662415603901 0.61875 0.02700675168792198 0.0345
0 0.38372093023255816 0.6445 0.023255813953488372 0.038
0 0.36552888222055513 0.57975 0.028132033008252063 0.0305
0 0.34039759939985 0.55275 0.028882220555138786 0.0345
0 0.37490622655663913 0.544 0.03188297074268567 0.031
0 0.3184546136534134 0.38775 0.028507126781695424 0.0425
0 0.31939234808702177 0.4115 0.025881470367591898 0.027
0 0.32239309827456863 0.4405 0.019879969992498126 0.044
0 0.345648912228057 0.46925 0.028882220555138786 0.0405
0 0.3533383345836459 0.458 0.0277569392348087 0.045
0 0.3477119279819955 0.40025 0.02700675168792198 0.0435
0 0.3687171792948237 0.4255 0.02700675168792198 0.039
0 0.3445236309077269 0.50675 0.023630907726931733 0.0385
0 0.36346586646661666 0.51025 0.03075768942235559 0.0315
0 0.3775318829707427 0.48625 0.03113278319579895 0.0395
0 0.3325206301575394 0.32925 0.023630907726931733 0.0435
0 0.3477119279819955 0.32 0.030007501875468866 0.045
0 0.359714928732183 0.34825 0.028507126781695424 0.0335
0 0.38297074268567144 0.34925 0.024756189047261814 0.0445
0 0.38615903975994 0.37575 0.028132033008252063 0.0345
0 0.4148537134283571 0.312 0.024006001500375095 0.043
0 0.4172918229557389 0.36725 0.028882220555138786 0.0395
0 0.44223555888972244 0.3865 0.0277569392348087 0.043
0 0.40960240060015 0.4415 0.03075768942235559 0.037
0 0.43904726181545384 0.45275 0.02663165791447862 0.0345
0 0.4568642160540135 0.4175 0.0345086271567892 0.033
0 0.47918229557389347 0.43775 0.032633158289572396 0.0395
0 0.47074268567141786 0.3895 0.03225806451612903 0.044
0 0.4703675918979745 0.34325 0.03375843960990248 0.0425
0 0.5060015003750937 0.36675 0.030007501875468866 0.0465
0 0.5255063765941486 0.3355 0.03075768942235559 0.042
0 0.5558889722430608 0.3415 0.028507126781695424 0.035
0 0.5399474868717179 0.4015 0.02738184546136534 0.044
0 0.5174418604651163 0.42675 0.03113278319579895 0.0435
0 0.4030382595648912 0.50775 0.028132033008252063 0.0375
0 0.4206676669167292 0.5015 0.028132033008252063 0.035
0 0.4512378094523631 0.4835 0.0277569392348087 0.038
0 0.47168042010502625 0.474 0.03338334583645911 0.04
0 0.5060015003750937 0.47725 0.03075768942235559 0.0375
0 0.5339459864966242 0.45625 0.030382595648912228 0.0425
0 0.5367591897974494 0.48725 0.03075768942235559 0.0345
0 0.4553638409602401 0.5065 0.03075768942235559 0.031
0 0.42948237059264815 0.5305 0.02625656414103526 0.031
0 0.4086646661665416 0.5785 0.02663165791447862 0.034
0 0.39478619654913727 0.61675 0.030382595648912228 0.0305
0 0.4461740435108777 0.5625 0.03338334583645911 0.031
0 0.46905476369092275 0.5465 0.030382595648912228 0.033
0 0.4816204051012753 0.52325 0.0277569392348087 0.0375
0 0.5071267816954238 0.51325 0.03225806451612903 0.0345
0 0.5120030007501876 0.543 0.03075768942235559 0.036
0 0.5391972993248312 0.52675 0.03113278319579895 0.0415
0 0.5648912228057015 0.48525 0.03150787696924231 0.0325
0 0.5723930982745686 0.52575 0.03375843960990248 0.0375
0 0.41935483870967744 0.635 0.02175543885971493 0.039
0 0.4472993248312078 0.626 0.030382595648912228 0.027
0 0.4863090772693173 0.59 0.028882220555138786 0.031
0 0.5157539384846211 0.5895 0.030007501875468866 0.032
0 0.5425731432858214 0.56625 0.03188297074268567 0.0335
0 0.5768942235558889 0.5725 0.029257314328582147 0.039
0 0.5390097524381096 0.61475 0.03225806451612903 0.0355
0 0.5671417854463616 0.6105 0.033008252063015754 0.037
0 0.48330832708177046 0.624 0.02213053263315829 0.031
0 0.5037509377344336 0.6265 0.0277569392348087 0.039
0 0.5301950487621906 0.64375 0.02738184546136534 0.0355
0 0.5577644411102776 0.6525 0.030007501875468866 0.044
0 0.5881470367591898 0.64575 0.03075768942235559 0.0375
0 0.4405476369092273 0.667 0.03488372093023256 0.026
0 0.38728432108027006 0.67175 0.023630907726931733 0.0335
0 0.4006001500375094 0.69225 0.03150787696924231 0.0285
0 0.4722430607651913 0.67875 0.028507126781695424 0.0375
0 0.43904726181545384 0.70775 0.03113278319579895 0.0365
0 0.46399099774943736 0.70375 0.029257314328582147 0.0315
0 0.42029257314328583 0.7355 0.024381095273818456 0.03
0 0.4356714178544636 0.75125 0.03188297074268567 0.0325
0 0.4857464366091523 0.7455 0.030007501875468866 0.04
0 0.5065641410352588 0.673 0.028882220555138786 0.03
0 0.49868717179294825 0.69675 0.025881470367591898 0.0345
0 0.5260690172543135 0.70775 0.029632408102025505 0.0325
0 0.5384471117779445 0.68375 0.03113278319579895 0.0355
0 0.5594523630907727 0.7085 0.028132033008252063 0.034
0 0.5782070517629407 0.71075 0.030382595648912228 0.0395
0 0.5902100525131283 0.6845 0.03338334583645911 0.043
0 0.4111027756939235 0.79125 0.02700675168792198 0.0335
0 0.3953488372093023 0.81425 0.025506376594148537 0.0295
0 0.39572393098274566 0.83975 0.029257314328582147 0.0235
0 0.39797449362340587 0.891 0.03075768942235559 0.026
0 0.4212303075768942 0.84425 0.024006001500375095 0.0355
0 0.4426106526631658 0.85525 0.033008252063015754 0.0275
0 0.44561140285071266 0.83975 0.024756189047261814 0.0305
0 0.4384846211552888 0.795 0.0277569392348087 0.029
0 0.4619279819954989 0.81225 0.028132033008252063 0.0295
0 0.46136534133533386 0.785 0.02625656414103526 0.033
0 0.4876219054763691 0.791 0.02625656414103526 0.035
0 0.48424606151537886 0.847 0.0277569392348087 0.033
0 0.46774193548387094 0.87725 0.0277569392348087 0.0245
0 0.45573893473368343 0.90475 0.024006001500375095 0.0365
0 0.5015003750937734 0.879 0.028507126781695424 0.025
0 0.5078769692423106 0.832 0.024756189047261814 0.034
0 0.5022505626406601 0.8525 0.023255813953488372 0.028
0 0.5313203300825207 0.8525 0.024381095273818456 0.024
0 0.5153788447111778 0.7935 0.03075768942235559 0.034
0 0.5210052513128282 0.7735 0.0277569392348087 0.031
0 0.5461365341335334 0.76675 0.03225806451612903 0.0305
0 0.5459489872468117 0.78525 0.028882220555138786 0.0275
0 0.554576144036009 0.8025 0.025131282820705175 0.03
0 0.5386346586646662 0.81975 0.02250562640660165 0.0265
0 0.5707051762940735 0.75025 0.03113278319579895 0.0345
0 0.5740810202550638 0.81 0.029632408102025505 0.029
0 0.5570142535633908 0.8475 0.0277569392348087 0.029
0 0.5669542385596399 0.87775 0.02663165791447862 0.0315
0 0.578019504876219 0.8345 0.02700675168792198 0.029
0 0.5943360840210052 0.82475 0.028132033008252063 0.0315
0 0.6168417104276069 0.8195 0.028882220555138786 0.035
0 0.6350337584396099 0.84625 0.029257314328582147 0.0265
0 0.6519129782445612 0.80125 0.03150787696924231 0.0335
0 0.6631657914478619 0.82225 0.025506376594148537 0.0265
0 0.6742310577644411 0.787 0.032633158289572396 0.039
0 0.6787321830457614 0.80975 0.030382595648912228 0.0325
0 0.6982370592648162 0.79425 0.02738184546136534 0.0405
0 0.7164291072768192 0.831 0.024006001500375095 0.036
0 0.6204051012753188 0.77275 0.03225806451612903 0.0385
0 0.5973368342085521 0.7645 0.024381095273818456 0.035
0 0.6241560390097525 0.73025 0.037509377344336084 0.0295
0 0.650225056264066 0.745 0.023630907726931733 0.037
0 0.6256564141035259 0.69775 0.03150787696924231 0.0395
0 0.6500375093773444 0.7105 0.029257314328582147 0.035
0 0.6738559639909978 0.70925 0.037134283570892726 0.0405
0 0.7031132783195799 0.72175 0.04013503375843961 0.0365
0 0.7098649662415604 0.7475 0.034133533383345835 0.032
0 0.7378094523630908 0.7685 0.03225806451612903 0.034
0 0.6177794448612153 0.65925 0.03225806451612903 0.0405
0 0.6494748687171793 0.66325 0.03188297074268567 0.0345
0 0.6809827456864216 0.65975 0.032633158289572396 0.0375
0 0.7226181545386346 0.66075 0.03188297074268567 0.0375
0 0.7348087021755438 0.68875 0.03600900225056264 0.0345
0 0.6560390097524381 0.6305 0.0345086271567892 0.041
0 0.6886721680420105 0.62325 0.03600900225056264 0.0365
0 0.609152288072018 0.588 0.03225806451612903 0.033
0 0.6129032258064516 0.555 0.03375843960990248 0.037
0 0.6005251312828207 0.5175 0.033008252063015754 0.04
0 0.59152288072018 0.47525 0.03075768942235559 0.0445
0 0.5778319579894974 0.42675 0.03488372093023256 0.0415
0 0.5654538634658665 0.39275 0.03338334583645911 0.0455
0 0.5793323330832708 0.3385 0.030382595648912228 0.043
0 0.6082145536384096 0.33025 0.03488372093023256 0.0485
0 0.609714928732183 0.3775 0.03563390847711928 0.046
0 0.6172168042010503 0.436 0.034133533383345835 0.042
0 0.6372843210802701 0.43025 0.03225806451612903 0.0395
0 0.6792948237059265 0.42075 0.03675918979744936 0.0355
0 0.6644786196549137 0.38225 0.03338334583645911 0.0475
0 0.6886721680420105 0.3665 0.04126031507876969 0.045
0 0.714178544636159 0.40275 0.04276069017254314 0.0465
0 0.7327456864216054 0.433 0.03938484621155289 0.046
0 0.6327831957989497 0.48175 0.03600900225056264 0.0435
0 0.6618529632408102 0.506 0.02738184546136534 0.042
0 0.686046511627907 0.49275 0.03975993998499625 0.0435
0 0.7248687171792948 0.4875 0.03113278319579895 0.039
0 0.6892348087021756 0.525 0.028882220555138786 0.045
0 0.7179294823705926 0.5345 0.03225806451612903 0.045
0 0.7481245311327832 0.54575 0.03488372093023256 0.0425
0 0.6483495873968492 0.53675 0.036384096024006 0.0405
0 0.6460990247561891 0.587 0.03563390847711928 0.04
0 0.6877344336084021 0.57375 0.03488372093023256 0.0415
0 0.7154913728432108 0.56675 0.03338334583645911 0.0385
0 0.7288072018004501 0.60925 0.03375843960990248 0.0455
0 0.7481245311327832 0.64225 0.037134283570892726 0.0375
0 0.7610652663165791 0.67775 0.03600900225056264 0.0345
0 0.7636909227306826 0.6255 0.03600900225056264 0.04
0 0.7965116279069767 0.635 0.034133533383345835 0.04
0 0.7968867216804201 0.67225 0.038634658664666165 0.0425
0 0.7933233308327082 0.72575 0.033008252063015754 0.0425
0 0.7800075018754689 0.748 0.03188297074268567 0.037
0 0.7471867966991748 0.73425 0.033008252063015754 0.0375
0 0.8302700675168793 0.73 0.036384096024006 0.039
0 0.845086271567892 0.7585 0.03825956489122281 0.035
0 0.8578394598649662 0.70475 0.03675918979744936 0.0355
0 0.8599024756189048 0.6635 0.04013503375843961 0.033
0 0.8225806451612904 0.66075 0.03075768942235559 0.0425
0 0.8319579894973743 0.619 0.028507126781695424 0.04
0 0.8608402100525131 0.60275 0.03975993998499625 0.0435
0 0.7912603150787697 0.56825 0.038634658664666165 0.0405
0 0.804013503375844 0.53475 0.036384096024006 0.0395
0 0.8257689422355589 0.5575 0.03488372093023256 0.044
0 0.8467741935483871 0.49325 0.041635408852213056 0.0395
0 0.7897599399849963 0.455 0.03788447111777944 0.047
0 0.8100150037509377 0.47875 0.034133533383345835 0.0435