0 0.4111027756939235 0.1875 0.06751687921980495 0.088
0 0.47843210802700675 0.233 0.061890472618154536 0.086
0 0.5105026256564141 0.2985 0.06376594148537135 0.086
0 0.3495873968492123 0.256 0.06526631657914479 0.085
0 0.41597899474868716 0.28275 0.06601650412603151 0.0845
0 0.36946736684171044 0.32725 0.06376594148537135 0.0815
0 0.3107651912978245 0.30075 0.07014253563390847 0.0885
0 0.4418604651162791 0.354 0.06601650412603151 0.085
0 0.5236309077269318 0.3925 0.05701425356339085 0.085
0 0.5791447861965492 0.35425 0.06376594148537135 0.0925
0 0.24943735933983496 0.33725 0.0622655663915979 0.0775
0 0.29688672168042013 0.38925 0.061890472618154536 0.0975
0 0.3531507876969242 0.41925 0.06939234808702176 0.0805
0 0.4086646661665416 0.45425 0.06264066016504126 0.0855
0 0.46924231057764443 0.4285 0.06151537884471118 0.086
0 0.5206301575393848 0.4805 0.05326331582895724 0.087
0 0.5750187546886721 0.44 0.06151537884471118 0.083
0 0.6374718679669917 0.386 0.05888972243060765 0.087
0 0.6241560390097525 0.47075 0.06301575393848462 0.0805
0 0.682483120780195 0.443 0.061890472618154536 0.085
0 0.24587396849212304 0.42625 0.061140285071267814 0.0925
0 0.34827456864216055 0.4795 0.061140285071267814 0.072
0 0.3983495873968492 0.5275 0.05776444111027757 0.082
0 0.45236309077269315 0.5075 0.06601650412603151 0.083
0 0.5007501875468867 0.553 0.06451612903225806 0.084
0 0.5939609902475619 0.5435 0.0603900975243811 0.086
0 0.6659789947486872 0.51975 0.0641410352588147 0.0925
0 0.7199924981245311 0.50975 0.06489122280570142 0.0845
0 0.16279069767441862 0.42725 0.07126781695423856 0.0885
0 0.12996999249812452 0.4695 0.07014253563390847 0.075
0 0.20273818454613654 0.5095 0.07014253563390847 0.083
0 0.1522880720180045 0.5565 0.06451612903225806 0.088
0 0.2668792198049512 0.515 0.06264066016504126 0.07
0 0.22861965491372843 0.57675 0.0671417854463616 0.0905
0 0.18135783945986497 0.62725 0.06564141035258815 0.0795
0 0.3117029257314329 0.55725 0.0622655663915979 0.0805
0 0.2897599399849963 0.636 0.0671417854463616 0.073
0 0.3522130532633158 0.617 0.05776444111027757 0.087
0 0.4118529632408102 0.61875 0.06601650412603151 0.0755
0 0.42273068267066766 0.68175 0.06526631657914479 0.0725
0 0.39816204051012755 0.74325 0.059639909977494375 0.0665
0 0.4382970742685671 0.7885 0.061890472618154536 0.069
0 0.5384471117779445 0.6105 0.061140285071267814 0.07
0 0.5159414853713429 0.67325 0.059639909977494375 0.0805
0 0.49549887471867965 0.74025 0.0622655663915979 0.0715
0 0.5221305326331583 0.81975 0.0622655663915979 0.0865
0 0.740060015003751 0.58975 0.06151537884471118 0.0795
0 0.6374718679669917 0.599 0.06339084771192798 0.074
0 0.59152288072018 0.63075 0.058514628657164294 0.0755
0 0.6817329332333083 0.63 0.05738934733683421 0.065
0 0.7252438109527382 0.66075 0.05738934733683421 0.0815
0 0.6337209302325582 0.67525 0.06639159789947487 0.0765
0 0.5738934733683421 0.71725 0.06376594148537135 0.0805
0 0.6057764441110277 0.78 0.060765191297824456 0.077
0 0.6695423855963991 0.74725 0.060765191297824456 0.0745
0 0.6389722430607652 0.8165 0.061890472618154536 0.073
0 0.5731432858214554 0.8445 0.06601650412603151 0.075
0 0.70423855963991 0.8005 0.05888972243060765 0.071
0 0.7627531882970743 0.775 0.06639159789947487 0.074
0 0.7462490622655664 0.83925 0.06339084771192798 0.0775
0 0.6849212303075769 0.8605 0.06676669167291822 0.097
0 0.632033008252063 0.90875 0.06601650412603151 0.0785