0 0.14234808702175544 0.249 0.03788447111777944 0.057
0 0.09489872468117029 0.32025 0.03675918979744936 0.0495
0 0.1562265566391598 0.3125 0.04088522130532633 0.047
0 0.17123030757689423 0.35575 0.032633158289572396 0.0435
0 0.14047261815453863 0.38725 0.037134283570892726 0.0495
0 0.0918979744936234 0.43375 0.042010502625656414 0.0475
0 0.09283570892723181 0.4905 0.038634658664666165 0.049
0 0.17891972993248312 0.39325 0.037509377344336084 0.0525
0 0.19036009002250562 0.4355 0.038634658664666165 0.042
0 0.1599774943735934 0.469 0.034133533383345835 0.049
0 0.1541635408852213 0.52575 0.03675918979744936 0.0495
0 0.12865716429107277 0.56975 0.03675918979744936 0.0545
0 0.1744186046511628 0.56375 0.04051012753188297 0.0505
0 0.1896099024756189 0.525 0.03488372093023256 0.053
0 0.20817704426106526 0.56125 0.03375843960990248 0.0485
0 0.2334958739684921 0.59525 0.03788447111777944 0.0445
0 0.1706676669167292 0.64425 0.03825956489122281 0.0435
0 0.22993248312078018 0.6405 0.03825956489122281 0.046
0 0.2501875468867217 0.6695 0.03825956489122281 0.042
0 0.26987996999249814 0.62975 0.036384096024006 0.0425
0 0.20442610652663165 0.487 0.03825956489122281 0.047
0 0.2334958739684921 0.51375 0.03113278319579895 0.0425
0 0.2567516879219805 0.54525 0.030382595648912228 0.0475
0 0.28507126781695424 0.581 0.035258814703675916 0.043
0 0.3175168792198049 0.60925 0.03338334583645911 0.0425
0 0.32633158289572395 0.56875 0.0345086271567892 0.0445
0 0.2923855963990998 0.54175 0.03338334583645911 0.0475
0 0.27644411102775696 0.499 0.03600900225056264 0.05
0 0.245311327831958 0.46675 0.03225806451612903 0.0465
0 0.231807951987997 0.418 0.04276069017254314 0.047
0 0.23199549887471868 0.3775 0.04088522130532633 0.047
0 0.21849212303075768 0.33525 0.04088522130532633 0.0475
0 0.20798949737434358 0.289 0.036384096024006 0.047
0 0.23124531132783196 0.26125 0.028132033008252063 0.0435
0 0.24193548387096775 0.30175 0.03375843960990248 0.0425
0 0.25900225056264065 0.33975 0.03338334583645911 0.0475
0 0.2768192048012003 0.3765 0.0345086271567892 0.046
0 0.29182295573893474 0.41025 0.033008252063015754 0.0405
0 0.2846961740435109 0.4495 0.037509377344336084 0.044
0 0.3287696924231058 0.45225 0.04013503375843961 0.0495
0 0.3265191297824456 0.49825 0.034133533383345835 0.0425
0 0.3681545386346587 0.50425 0.03788447111777944 0.0465
0 0.34414853713428356 0.414 0.032633158289572396 0.046
0 0.3278319579894974 0.37975 0.033008252063015754 0.0505
0 0.2972618154538635 0.3355 0.032633158289572396 0.043
0 0.2601275318829707 0.255 0.03563390847711928 0.047
0 0.2595648912228057 0.2 0.03900975243810953 0.055
0 0.29669917479369845 0.23475 0.035258814703675916 0.0455
0 0.30532633158289574 0.19825 0.0345086271567892 0.0455
0 0.32408102025506375 0.25675 0.037509377344336084 0.0465
0 0.31470367591897974 0.2935 0.04126031507876969 0.041
0 0.3300825206301575 0.32925 0.035258814703675916 0.0485
0 0.3677794448612153 0.3585 0.036384096024006 0.049
0 0.2700675168792198 0.7065 0.03225806451612903 0.039
0 0.2888222055513878 0.7315 0.04576144036009002 0.046
0 0.3090772693173293 0.6705 0.03375843960990248 0.049
0 0.33177044261065264 0.70625 0.03488372093023256 0.0475
0 0.354463615903976 0.669 0.03675918979744936 0.049
0 0.36196549137284323 0.714 0.0345086271567892 0.047
0 0.350337584396099 0.74925 0.035258814703675916 0.0405
0 0.3447111777944486 0.78825 0.035258814703675916 0.0435
0 0.3435858964741185 0.82825 0.03600900225056264 0.0435
0 0.4129782445611403 0.9455 0.03375843960990248 0.037
0 0.4512378094523631 0.96575 0.03375843960990248 0.0445
0 0.4122280570142536 0.90325 0.03150787696924231 0.0445
0 0.4529257314328582 0.91125 0.03188297074268567 0.0455
0 0.4816204051012753 0.9095 0.028507126781695424 0.037
0 0.3994748687171793 0.85775 0.030007501875468866 0.0415
0 0.39234808702175544 0.823 0.0345086271567892 0.036
0 0.42085521380345087 0.8415 0.028507126781695424 0.043
0 0.4347336834208552 0.8675 0.030007501875468866 0.039
0 0.45480120030007504 0.82625 0.03338334583645911 0.0375
0 0.4686796699174794 0.8605 0.03113278319579895 0.041
0 0.47655663915978996 0.87125 0.030382595648912228 0.0385
0 0.38972243060765194 0.77875 0.03675918979744936 0.0475
0 0.4036009002250563 0.73925 0.0345086271567892 0.0465
0 0.4281695423855964 0.7855 0.030382595648912228 0.041
0 0.4441110277569392 0.75525 0.03375843960990248 0.0405
0 0.45911477869467365 0.78925 0.03150787696924231 0.0405
0 0.49456114028507125 0.81975 0.034133533383345835 0.0415
0 0.5015003750937734 0.838 0.030007501875468866 0.039
0 0.49699924981245314 0.77 0.033008252063015754 0.043
0 0.39234808702175544 0.687 0.03150787696924231 0.049
0 0.42666916729182297 0.7085 0.030382595648912228 0.048
0 0.4576144036009002 0.71075 0.033008252063015754 0.0505
0 0.40735183795948987 0.6325 0.0345086271567892 0.037
0 0.4476744186046512 0.64675 0.03188297074268567 0.0485
0 0.47655663915978996 0.675 0.02738184546136534 0.051
0 0.49624906226556637 0.69325 0.030007501875468866 0.0435
0 0.5105026256564141 0.721 0.0345086271567892 0.043
0 0.38747186796699173 0.56825 0.03600900225056264 0.0485
0 0.40247561890472616 0.59475 0.03675918979744936 0.0435
0 0.44973743435858965 0.594 0.037509377344336084 0.045
0 0.4808702175543886 0.60025 0.03375843960990248 0.0495
0 0.4941860465116279 0.644 0.038634658664666165 0.048
0 0.41335333833458365 0.53725 0.03675918979744936 0.0495
0 0.45311327831957987 0.54725 0.03375843960990248 0.0515
0 0.48443360840210054 0.5565 0.028882220555138786 0.053
0 0.4045386346586647 0.4675 0.034133533383345835 0.042
0 0.43360840210052515 0.5025 0.0345086271567892 0.043
0 0.46305326331582897 0.48925 0.034133533383345835 0.0515
0 0.4186046511627907 0.42325 0.037509377344336084 0.0425
0 0.4433608402100525 0.45225 0.03375843960990248 0.0485
0 0.4021005251312828 0.37675 0.035258814703675916 0.0445
0 0.43642160540135033 0.39075 0.03188297074268567 0.0495
0 0.4664291072768192 0.40475 0.03338334583645911 0.0465
0 0.4827456864216054 0.4435 0.03150787696924231 0.04
0 0.4981245311327832 0.40875 0.030007501875468866 0.0465
0 0.4731807951987997 0.363 0.036384096024006 0.04
0 0.4062265566391598 0.3385 0.035258814703675916 0.04
0 0.35952738184546135 0.25575 0.03338334583645911 0.0485
0 0.3782820705176294 0.295 0.03788447111777944 0.048
0 0.39891222805701426 0.26225 0.03938484621155289 0.0455
0 0.4204801200300075 0.2975 0.03375843960990248 0.046
0 0.4424231057764441 0.33075 0.03188297074268567 0.0425
0 0.47580645161290325 0.32 0.038634658664666165 0.044
0 0.4508627156789197 0.2855 0.035258814703675916 0.049
0 0.42104276069017255 0.2275 0.03488372093023256 0.045
0 0.4521755438859715 0.22925 0.03113278319579895 0.0415
0 0.47168042010502625 0.2585 0.030382595648912228 0.04
0 0.5003750937734434 0.28425 0.0345086271567892 0.0445
0 0.423105776444111 0.17175 0.03900975243810953 0.0485
0 0.4617404351087772 0.1755 0.03675918979744936 0.049
0 0.5037509377344336 0.2215 0.04351087771942986 0.047
0 0.5260690172543135 0.25425 0.03488372093023256 0.0445
0 0.5015003750937734 0.14875 0.03375843960990248 0.0495
0 0.5365716429107277 0.1405 0.03338334583645911 0.045
0 0.5738934733683421 0.121 0.03075768942235559 0.051
0 0.5382595648912228 0.21375 0.033008252063015754 0.0455
0 0.5750187546886721 0.18125 0.0345086271567892 0.0455
0 0.6104651162790697 0.16775 0.036384096024006 0.0465
0 0.6339084771192798 0.14125 0.035258814703675916 0.0455
0 0.6759189797449362 0.1435 0.03375843960990248 0.046
0 0.5684546136534133 0.22675 0.028132033008252063 0.0425
0 0.5990247561890473 0.21175 0.03150787696924231 0.0485
0 0.6237809452363091 0.2055 0.0277569392348087 0.044
0 0.654351087771943 0.19225 0.03188297074268567 0.0425
0 0.5343210802700675 0.2955 0.032633158289572396 0.045
0 0.5677044261065266 0.267 0.03113278319579895 0.044
0 0.5618904726181545 0.30575 0.029257314328582147 0.0455
0 0.5969617404351087 0.27175 0.030382595648912228 0.0395
0 0.6217179294823706 0.24525 0.03188297074268567 0.0385
0 0.6500375093773444 0.241 0.028507126781695424 0.038
0 0.6779819954988747 0.22775 0.03113278319579895 0.0505
0 0.690735183795949 0.20275 0.03113278319579895 0.0365
0 0.7179294823705926 0.22625 0.030007501875468866 0.0485
0 0.7370592648162041 0.25725 0.028507126781695424 0.0425
0 0.7696924231057765 0.24625 0.03150787696924231 0.0465
0 0.6312828207051763 0.282 0.03375843960990248 0.039
0 0.6612903225806451 0.27575 0.028507126781695424 0.0395
0 0.6944861215303826 0.2605 0.032633158289572396 0.043
0 0.5941485371342836 0.31175 0.029257314328582147 0.0445
0 0.6243435858964741 0.3235 0.03188297074268567 0.04
0 0.654351087771943 0.316 0.030382595648912228 0.041
0 0.686046511627907 0.3055 0.030007501875468866 0.045
0 0.7123030757689423 0.2965 0.028507126781695424 0.045
0 0.7593773443360841 0.30975 0.036384096024006 0.0395
0 0.527006751687922 0.33225 0.0345086271567892 0.0445
0 0.5146286571642911 0.3745 0.03375843960990248 0.039
0 0.5521380345086272 0.36175 0.035258814703675916 0.0345
0 0.581582895723931 0.3575 0.029632408102025505 0.04
0 0.6072768192048013 0.379 0.028507126781695424 0.048
0 0.6415978994748687 0.38775 0.03338334583645911 0.0445
0 0.6569767441860465 0.3545 0.028882220555138786 0.041
0 0.6798574643660915 0.34125 0.028132033008252063 0.0405
0 0.7106151537884471 0.35375 0.032633158289572396 0.0415
0 0.7421230307576894 0.34 0.03488372093023256 0.043
0 0.7820705176294074 0.33725 0.03075768942235559 0.0435
0 0.754688672168042 0.36925 0.033008252063015754 0.0395
0 0.8208927231807952 0.33775 0.036384096024006 0.0345
0 0.809264816204051 0.35675 0.03113278319579895 0.0395
0 0.8302700675168793 0.37625 0.03113278319579895 0.0435
0 0.7807576894223556 0.39725 0.032633158289572396 0.0435
0 0.7243060765191298 0.384 0.02625656414103526 0.033
0 0.6967366841710427 0.38075 0.03113278319579895 0.0495
0 0.6699174793698425 0.39475 0.0277569392348087 0.0385
0 0.5463240810202551 0.3975 0.03188297074268567 0.038
0 0.5787696924231058 0.405 0.0277569392348087 0.041
0 0.6262190547636909 0.416 0.032633158289572396 0.042
0 0.6723555888972244 0.434 0.03338334583645911 0.039
0 0.70423855963991 0.4335 0.029632408102025505 0.047
0 0.7496249062265566 0.41475 0.030382595648912228 0.0375
0 0.8147036759189797 0.41875 0.033008252063015754 0.0395
0 0.7959489872468117 0.45575 0.028507126781695424 0.0385
0 0.7648162040510128 0.45575 0.030007501875468866 0.0375
0 0.7355588897224306 0.44975 0.028507126781695424 0.0425
0 0.7168042010502625 0.47125 0.03075768942235559 0.0455
0 0.6837959489872468 0.472 0.033008252063015754 0.041
0 0.7528132033008252 0.4875 0.03375843960990248 0.046
0 0.7852588147036759 0.5135 0.028882220555138786 0.052
0 0.794073518379595 0.4885 0.030007501875468866 0.037
0 0.5253188297074268 0.43025 0.030382595648912228 0.0405
0 0.5547636909227307 0.4385 0.030007501875468866 0.041
0 0.5853338334583645 0.4535 0.030382595648912228 0.045
0 0.6102775693923481 0.46225 0.0277569392348087 0.0415
0 0.6365341335333834 0.475 0.028507126781695424 0.045
0 0.6691672918229558 0.497 0.02625656414103526 0.045
0 0.6948612153038259 0.52325 0.028132033008252063 0.0395
0 0.72768192048012 0.5165 0.02625656414103526 0.042
0 0.7625656414103525 0.53025 0.029257314328582147 0.0395
0 0.5030007501875469 0.4755 0.035258814703675916 0.045
0 0.5103150787696924 0.5145 0.034133533383345835 0.041
0 0.5408852213053263 0.469 0.030007501875468866 0.041
0 0.5425731432858214 0.511 0.030382595648912228 0.04
0 0.5290697674418605 0.55275 0.030382595648912228 0.0405
0 0.5345086271567892 0.59425 0.03150787696924231 0.0425
0 0.5290697674418605 0.63375 0.03338334583645911 0.0475
0 0.518754688672168 0.67275 0.033008252063015754 0.0445
0 0.5375093773443361 0.68425 0.029257314328582147 0.0405
0 0.5502625656414104 0.646 0.02700675168792198 0.043
0 0.5660165041260315 0.628 0.028507126781695424 0.04
0 0.5840210052513128 0.64725 0.03150787696924231 0.0415
0 0.5873968492123031 0.6835 0.03075768942235559 0.037
0 0.5731432858214554 0.70475 0.033008252063015754 0.0405
0 0.5935858964741185 0.728 0.02738184546136534 0.046
0 0.5613278319579895 0.744 0.03188297074268567 0.044
0 0.5523255813953488 0.7805 0.030382595648912228 0.04
0 0.5382595648912228 0.81675 0.03225806451612903 0.0425
0 0.5311327831957989 0.86925 0.03150787696924231 0.0445
0 0.5444486121530383 0.91125 0.03188297074268567 0.0385
0 0.5688297074268567 0.906 0.028882220555138786 0.043
0 0.563953488372093 0.86275 0.032633158289572396 0.0465
0 0.5804576144036009 0.82325 0.03488372093023256 0.0385
0 0.594523630907727 0.8405 0.028507126781695424 0.035
0 0.5971492873218305 0.89125 0.030007501875468866 0.0425
0 0.6234058514628658 0.88525 0.0277569392348087 0.0445
0 0.6436609152288072 0.8585 0.028507126781695424 0.045
0 0.5808327081770442 0.78575 0.02738184546136534 0.0415
0 0.6070892723180795 0.808 0.029632408102025505 0.039
0 0.6297824456114028 0.8165 0.028507126781695424 0.041
0 0.6127156789197299 0.77125 0.029632408102025505 0.0405
0 0.6344711177794449 0.735 0.03113278319579895 0.04
0 0.6519129782445612 0.7625 0.033008252063015754 0.038
0 0.667854463615904 0.8095 0.034133533383345835 0.04
0 0.6779819954988747 0.83 0.037134283570892726 0.039
0 0.6164666166541636 0.66475 0.029632408102025505 0.0405
0 0.6393473368342085 0.6965 0.03113278319579895 0.039
0 0.6624156039009752 0.72475 0.030007501875468866 0.0435
0 0.6832333083270817 0.751 0.028132033008252063 0.037
0 0.6922355588897224 0.778 0.03113278319579895 0.04
0 0.6166541635408852 0.6235 0.0345086271567892 0.04
0 0.5806451612903226 0.58425 0.03150787696924231 0.0415
0 0.5701425356339085 0.5565 0.03600900225056264 0.037
0 0.568642160540135 0.48075 0.028507126781695424 0.0375
0 0.5787696924231058 0.5195 0.03375843960990248 0.04
0 0.6009002250562641 0.55025 0.02700675168792198 0.0365
0 0.6076519129782446 0.50625 0.03150787696924231 0.0425
0 0.6162790697674418 0.582 0.030007501875468866 0.04
0 0.6378469617404351 0.5135 0.03113278319579895 0.039
0 0.6369092273068268 0.5535 0.029257314328582147 0.041
0 0.6594148537134283 0.546 0.025506376594148537 0.04
0 0.6560390097524381 0.591 0.033008252063015754 0.042
0 0.6611027756939235 0.633 0.03488372093023256 0.04
0 0.6464741185296324 0.665 0.030382595648912228 0.042
0 0.6749812453113279 0.6875 0.028132033008252063 0.046
0 0.7310577644411103 0.7365 0.030007501875468866 0.042
0 0.708927231807952 0.70375 0.033008252063015754 0.0385
0 0.7374343585896475 0.68675 0.03375843960990248 0.0395
0 0.7063015753938484 0.66775 0.024756189047261814 0.0395
0 0.7004876219054764 0.6375 0.03563390847711928 0.039
0 0.6828582145536384 0.60525 0.024381095273818456 0.0425
0 0.7246811702925732 0.63225 0.030007501875468866 0.0375
0 0.7462490622655664 0.64625 0.029632408102025505 0.0405
0 0.6858589647411854 0.562 0.03113278319579895 0.047
0 0.7108027006751688 0.5485 0.03075768942235559 0.04
0 0.7218679669917479 0.594 0.03188297074268567 0.043
0 0.7496249062265566 0.6045 0.024381095273818456 0.045
0 0.7385596399099775 0.55925 0.025506376594148537 0.0445
0 0.7567516879219804 0.5675 0.02138034508627157 0.039