0 0.08308327081770443 0.29125 0.06639159789947487 0.1045
0 0.12584396099024756 0.3505 0.055138784696174045 0.073
0 0.16504126031507876 0.41175 0.056264066016504126 0.0725
0 0.20705176294073518 0.41175 0.051762940735183796 0.0755
0 0.21867966991747936 0.45975 0.05401350337584396 0.0595
0 0.11252813203300825 0.4315 0.04801200300075019 0.071
0 0.16354088522130533 0.4785 0.05926481620405101 0.067
0 0.21136534133533383 0.54775 0.04913728432108027 0.0745
0 0.24081020255063765 0.517 0.05476369092273068 0.073
0 0.2762565641410353 0.503 0.05813953488372093 0.065
0 0.26125281320330085 0.42875 0.0536384096024006 0.0795
0 0.326894223555889 0.44125 0.05438859714928732 0.0785
0 0.1704801200300075 0.344 0.05138784696174044 0.073
0 0.2203675918979745 0.291 0.0536384096024006 0.077
0 0.26387846961740435 0.3285 0.050637659414853715 0.076
0 0.3148912228057014 0.3625 0.0641410352588147 0.078
0 0.37284321080270066 0.39425 0.05926481620405101 0.0685
0 0.38465866466616655 0.457 0.055138784696174045 0.075
0 0.33833458364591146 0.51575 0.051762940735183796 0.0705
0 0.3036384096024006 0.5635 0.05288822205551388 0.072
0 0.26500375093773443 0.594 0.050637659414853715 0.075
0 0.24081020255063765 0.617 0.04801200300075019 0.058
0 0.29519879969992496 0.63975 0.04426106526631658 0.0625
0 0.326894223555889 0.655 0.055138784696174045 0.059
0 0.28094523630907725 0.6745 0.05026256564141035 0.052
0 0.32633158289572395 0.6905 0.047261815453863466 0.049
0 0.2897599399849963 0.72475 0.05438859714928732 0.0545
0 0.34321080270067517 0.721 0.04126031507876969 0.052
0 0.37303075768942234 0.677 0.04688672168042011 0.055
0 0.38559639909977494 0.73175 0.0450112528132033 0.0635
0 0.36721680420105024 0.79075 0.04951237809452363 0.0525
0 0.4221680420105026 0.783 0.04913728432108027 0.067
0 0.4129782445611403 0.70575 0.04876219054763691 0.0655
0 0.44204801200300076 0.6625 0.04688672168042011 0.067
0 0.463615903975994 0.725 0.047261815453863466 0.066
0 0.4814328582145536 0.75825 0.04463615903975994 0.0535
0 0.4885596399099775 0.61225 0.052138034508627154 0.0665
0 0.4216054013503376 0.5865 0.04576144036009002 0.066
0 0.40172543135783945 0.611 0.047261815453863466 0.059
0 0.3612153038259565 0.572 0.056264066016504126 0.067
0 0.40097524381095273 0.5235 0.056264066016504126 0.056
0 0.4399849962490623 0.48525 0.051762940735183796 0.0675
0 0.46605401350337583 0.5495 0.05588897224306077 0.07
0 0.4240435108777194 0.412 0.05738934733683421 0.074
0 0.4036009002250563 0.35375 0.06001500375093773 0.0745
0 0.29932483120780196 0.2905 0.06151537884471118 0.077
0 0.367966991747937 0.30475 0.05701425356339085 0.0685
0 0.3445236309077269 0.239 0.05738934733683421 0.066
0 0.39722430607651915 0.23775 0.058514628657164294 0.0865
0 0.36946736684171044 0.17675 0.06451612903225806 0.0695
0 0.3094523630907727 0.1615 0.06526631657914479 0.084
0 0.1879219804951238 0.13375 0.06826706676669167 0.1145
0 0.1569767441860465 0.21575 0.06339084771192798 0.0915
0 0.23293323330832708 0.227 0.0622655663915979 0.093
0 0.4274193548387097 0.12625 0.05813953488372093 0.0995
0 0.4549887471867967 0.20025 0.06151537884471118 0.0985
0 0.4450487621905476 0.29025 0.05888972243060765 0.0805
0 0.4949362340585146 0.3015 0.05138784696174044 0.095
0 0.4684921230307577 0.36875 0.05251312828207052 0.0765
0 0.48237059264816207 0.4375 0.05701425356339085 0.073
0 0.5 0.50425 0.058514628657164294 0.0795
0 0.5015003750937734 0.68175 0.05401350337584396 0.0575
0 0.518192048012003 0.72875 0.0603900975243811 0.0645
0 0.5532633158289573 0.6715 0.051762940735183796 0.063
0 0.5292573143285821 0.80875 0.0555138784696174 0.0555
0 0.5795198799699925 0.77925 0.05251312828207052 0.0535
0 0.6224681170292573 0.74425 0.05288822205551388 0.0635
0 0.6622280570142536 0.71375 0.05288822205551388 0.0645
0 0.673668417104276 0.75725 0.05101275318829707 0.0655
0 0.7284321080270068 0.7495 0.04951237809452363 0.075
0 0.7753188297074268 0.712 0.05026256564141035 0.061
0 0.772880720180045 0.6645 0.059639909977494375 0.066
0 0.718304576144036 0.684 0.05926481620405101 0.056
0 0.717741935483871 0.634 0.0536384096024006 0.065
0 0.6547261815453863 0.63875 0.05588897224306077 0.0695
0 0.6039009752438109 0.62825 0.05026256564141035 0.0695
0 0.6065266316579144 0.67775 0.05026256564141035 0.0505
0 0.5292573143285821 0.587 0.060765191297824456 0.067
0 0.5438859714928732 0.61975 0.05251312828207052 0.0605
0 0.5416354088522131 0.446 0.058514628657164294 0.079
0 0.562828207051763 0.52475 0.055138784696174045 0.0795
0 0.6063390847711928 0.5465 0.056639159789947484 0.062
0 0.6207801950487621 0.48575 0.06001500375093773 0.0775
0 0.6481620405101275 0.50675 0.047261815453863466 0.0695
0 0.6761065266316579 0.58075 0.06264066016504126 0.0585
0 0.7145536384096024 0.51175 0.06001500375093773 0.0715
0 0.7558139534883721 0.56775 0.06001500375093773 0.0715
0 0.812828207051763 0.60825 0.05326331582895724 0.0715
0 0.8156414103525882 0.66125 0.046136534133533386 0.0675
0 0.8728432108027007 0.61 0.06526631657914479 0.07
0 0.8160165041260315 0.5335 0.056639159789947484 0.071
0 0.77344336084021 0.498 0.05701425356339085 0.079
0 0.7252438109527382 0.446 0.061140285071267814 0.072
0 0.6650412603150788 0.4345 0.058514628657164294 0.068
0 0.6082145536384096 0.40175 0.05438859714928732 0.0765
0 0.5285071267816954 0.37775 0.05926481620405101 0.0765
0 0.5738934733683421 0.33975 0.06001500375093773 0.0895
0 0.6245311327831958 0.2765 0.06751687921980495 0.092
0 0.6534133533383346 0.34775 0.0622655663915979 0.0725
0 0.7079894973743436 0.37725 0.06264066016504126 0.0815
0 0.7569392348087022 0.38 0.05326331582895724 0.082
0 0.7460615153788447 0.30725 0.06676669167291822 0.0845
0 0.6899849962490623 0.27425 0.059639909977494375 0.0905
0 0.8152663165791448 0.28025 0.07239309827456865 0.0885
0 0.8600900225056264 0.365 0.06826706676669167 0.098
0 0.8794073518379595 0.399 0.04913728432108027 0.07
0 0.8422730682670667 0.44125 0.0641410352588147 0.0785
0 0.8690922730682671 0.47475 0.05776444111027757 0.0785
0 0.9103525881470368 0.559 0.06376594148537135 0.059
0 0.5496999249812453 0.2475 0.034133533383345835 0.05