0 0.09114778694673668 0.2235 0.04876219054763691 0.069
0 0.10521380345086272 0.28825 0.046136534133533386 0.0685
0 0.13653413353338334 0.252 0.04951237809452363 0.07
0 0.17404351087771944 0.30925 0.05251312828207052 0.0605
0 0.1254688672168042 0.3385 0.050637659414853715 0.065
0 0.15285071267816955 0.40175 0.047636909227306824 0.0665
0 0.11609152288072018 0.40925 0.041635408852213056 0.0655
0 0.12678169542385595 0.46675 0.046511627906976744 0.0675
0 0.1168417104276069 0.52525 0.04688672168042011 0.0615
0 0.1837959489872468 0.53925 0.04576144036009002 0.0625
0 0.20948987246811704 0.5755 0.04838709677419355 0.059
0 0.1946736684171043 0.46175 0.04126031507876969 0.0665
0 0.2385596399099775 0.5065 0.04426106526631658 0.071
0 0.2711927981995499 0.54675 0.04576144036009002 0.0675
0 0.25468867216804203 0.45375 0.04801200300075019 0.0695
0 0.23799699924981246 0.38825 0.043135783945986494 0.0665
0 0.2785071267816954 0.40625 0.04913728432108027 0.0675
0 0.25825206301575393 0.32225 0.04538634658664666 0.0675
0 0.30045011252813203 0.34025 0.04951237809452363 0.0655
0 0.3237059264816204 0.385 0.04051012753188297 0.07
0 0.3411477869467367 0.4515 0.03938484621155289 0.072
0 0.3707801950487622 0.38975 0.04838709677419355 0.0665
0 0.373218304576144 0.33125 0.04351087771942986 0.0655
0 0.33570892723180795 0.28325 0.05101275318829707 0.0615
0 0.2738184546136534 0.2405 0.05026256564141035 0.073
0 0.25975243810952736 0.17875 0.05138784696174044 0.0745
0 0.21024006001500375 0.2485 0.04538634658664666 0.073
0 0.060952738184546135 0.34775 0.04988747186796699 0.0825
0 0.05138784696174044 0.40875 0.05251312828207052 0.0645
0 0.07014253563390847 0.46325 0.05026256564141035 0.0605
0 0.25637659414853714 0.6135 0.04988747186796699 0.065
0 0.28113278319579893 0.665 0.04988747186796699 0.063
0 0.322768192048012 0.6685 0.04688672168042011 0.075
0 0.32051762940735185 0.6 0.04088522130532633 0.07
0 0.33983495873968494 0.528 0.05101275318829707 0.065
0 0.3743435858964741 0.51875 0.03900975243810953 0.0745
0 0.3992873218304576 0.458 0.04913728432108027 0.063
0 0.41766691672918227 0.5185 0.04538634658664666 0.069
0 0.45480120030007504 0.47225 0.04388597149287322 0.0755
0 0.4808702175543886 0.5365 0.05251312828207052 0.072
0 0.42666916729182297 0.58425 0.0536384096024006 0.0655
0 0.36159039759939987 0.59025 0.0450112528132033 0.0725
0 0.39741185296324083 0.6585 0.04988747186796699 0.067
0 0.4553638409602401 0.64625 0.051762940735183796 0.0615
0 0.4891222805701425 0.6015 0.05026256564141035 0.065
0 0.33289572393098277 0.73725 0.03788447111777944 0.0625
0 0.37284321080270066 0.72 0.042010502625656414 0.072
0 0.3758439609902476 0.7915 0.05026256564141035 0.063
0 0.4249812453113278 0.79925 0.04126031507876969 0.0685
0 0.42966991747936983 0.7455 0.050637659414853715 0.069
0 0.4643660915228807 0.7035 0.04801200300075019 0.06
0 0.49287321830457614 0.76325 0.04801200300075019 0.0705
0 0.47093023255813954 0.817 0.043135783945986494 0.058
0 0.49531132783195797 0.9135 0.04088522130532633 0.077
0 0.5172543135783946 0.833 0.047261815453863466 0.069
0 0.5525131282820706 0.86025 0.051762940735183796 0.0705
0 0.5517629407351838 0.78875 0.05026256564141035 0.0695
0 0.5260690172543135 0.72075 0.05138784696174044 0.0655
0 0.522880720180045 0.6525 0.05101275318829707 0.064
0 0.5436984246061516 0.559 0.050637659414853715 0.069
0 0.5716429107276819 0.60575 0.05101275318829707 0.0675
0 0.5825206301575394 0.69275 0.04876219054763691 0.0685
0 0.5941485371342836 0.73725 0.05026256564141035 0.0665
0 0.6391597899474869 0.68725 0.05101275318829707 0.0695
0 0.6224681170292573 0.5275 0.055138784696174045 0.067
0 0.5236309077269318 0.4905 0.05101275318829707 0.065
0 0.5782070517629407 0.48 0.050637659414853715 0.071
0 0.6275318829707427 0.44025 0.058514628657164294 0.0645
0 0.5500750187546887 0.42275 0.05738934733683421 0.0665
0 0.4551762940735184 0.4025 0.055138784696174045 0.073
0 0.5060015003750937 0.39425 0.04951237809452363 0.0645
0 0.4876219054763691 0.3215 0.04426106526631658 0.07
0 0.44373593398349587 0.32725 0.04951237809452363 0.0635
0 0.4118529632408102 0.285 0.04876219054763691 0.062
0 0.3278319579894974 0.1865 0.04876219054763691 0.075
0 0.37865716429107277 0.2325 0.05288822205551388 0.063
0 0.4097899474868717 0.17575 0.05138784696174044 0.0675
0 0.42966991747936983 0.2155 0.05288822205551388 0.068
0 0.46924231057764443 0.263 0.046511627906976744 0.071
0 0.4939984996249062 0.20475 0.058514628657164294 0.0725
0 0.5361965491372843 0.24875 0.05588897224306077 0.0735
0 0.5812078019504876 0.2805 0.05588897224306077 0.071
0 0.5963990997749438 0.3525 0.051762940735183796 0.069
0 0.6515378844711178 0.28075 0.056264066016504126 0.0675
0 0.7439984996249063 0.3115 0.06489122280570142 0.069
0 0.7289947486871718 0.38375 0.06489122280570142 0.0665
0 0.7256189047261815 0.444 0.06339084771192798 0.068
0 0.6980495123780945 0.519 0.05776444111027757 0.077
0 0.699549887471868 0.596 0.05701425356339085 0.066
0 0.7091147786946737 0.658 0.05438859714928732 0.074
0 0.771755438859715 0.66625 0.055138784696174045 0.0695
0 0.7590022505626407 0.597 0.05813953488372093 0.069
0 0.7691297824456114 0.51625 0.0536384096024006 0.0745
0 0.831020255063766 0.42525 0.05438859714928732 0.0795
0 0.844523630907727 0.35575 0.05588897224306077 0.0915
0 0.9212303075768942 0.381 0.05026256564141035 0.072
0 0.8852213053263316 0.43125 0.05776444111027757 0.0755
0 0.9544261065266316 0.4665 0.05888972243060765 0.075
0 0.9021005251312828 0.5125 0.05251312828207052 0.071
0 0.8424606151537885 0.49525 0.05401350337584396 0.0695
0 0.8578394598649662 0.56025 0.06001500375093773 0.0715
0 0.8848462115528882 0.59275 0.056264066016504126 0.0765
0 0.8068267066766691 0.60575 0.05251312828207052 0.0745