0 0.25225056264066015 0.61475 0.04838709677419355 0.0495
0 0.2880720180045011 0.67025 0.04801200300075019 0.0495
0 0.31939234808702177 0.639 0.050637659414853715 0.049
0 0.3327081770442611 0.69425 0.04801200300075019 0.0465
0 0.3745311327831958 0.6555 0.05138784696174044 0.053
0 0.37621905476369094 0.695 0.04801200300075019 0.044
0 0.42273068267066766 0.636 0.04876219054763691 0.051
0 0.4204801200300075 0.69975 0.047261815453863466 0.0415
0 0.41766691672918227 0.7415 0.04538634658664666 0.047
0 0.4696174043510878 0.64175 0.04876219054763691 0.0585
0 0.4638034508627157 0.70075 0.04838709677419355 0.0535
0 0.4714928732183046 0.72875 0.05701425356339085 0.0415
0 0.5202550637659414 0.67425 0.04801200300075019 0.0485
0 0.5150037509377344 0.71275 0.05101275318829707 0.0455
0 0.5647036759189797 0.69475 0.05438859714928732 0.0515
0 0.5708927231807952 0.6445 0.05026256564141035 0.046
0 0.5176294073518379 0.6125 0.051762940735183796 0.055
0 0.6275318829707427 0.6455 0.051762940735183796 0.057
0 0.6209677419354839 0.688 0.0536384096024006 0.05
0 0.6357839459864967 0.7245 0.0555138784696174 0.045
0 0.668417104276069 0.6735 0.05326331582895724 0.061
0 0.6757314328582146 0.6245 0.05138784696174044 0.057
0 0.6627906976744186 0.5225 0.05701425356339085 0.068
0 0.6061515378844711 0.527 0.05926481620405101 0.059
0 0.6256564141035259 0.58075 0.06376594148537135 0.0565
0 0.5710802700675168 0.6055 0.05738934733683421 0.064
0 0.5435108777194299 0.546 0.05476369092273068 0.059
0 0.48330832708177046 0.5745 0.050637659414853715 0.06
0 0.423105776444111 0.56075 0.06301575393848462 0.0525
0 0.3878469617404351 0.59825 0.05401350337584396 0.0525
0 0.33289572393098277 0.588 0.05738934733683421 0.058
0 0.2826331582895724 0.5975 0.050637659414853715 0.051
0 0.19579894973743436 0.5455 0.056264066016504126 0.053
0 0.23687171792948236 0.5105 0.050637659414853715 0.057
0 0.24287321830457614 0.54275 0.041635408852213056 0.0365
0 0.2835708927231808 0.53575 0.05026256564141035 0.0515
0 0.3630907726931733 0.52875 0.05026256564141035 0.0555
0 0.25881470367591897 0.45225 0.056264066016504126 0.0615
0 0.26481620405101275 0.39925 0.05401350337584396 0.0695
0 0.313390847711928 0.41975 0.05738934733683421 0.0645
0 0.33064516129032256 0.45575 0.055138784696174045 0.0545
0 0.3801575393848462 0.44425 0.056639159789947484 0.0685
0 0.39328582145536384 0.479 0.03563390847711928 0.046
0 0.43548387096774194 0.4985 0.060765191297824456 0.073
0 0.47074268567141786 0.44625 0.05926481620405101 0.0675
0 0.49099774943735935 0.509 0.0555138784696174 0.07
0 0.532258064516129 0.47975 0.06001500375093773 0.0675
0 0.42179294823705926 0.3865 0.055138784696174045 0.065
0 0.4405476369092273 0.332 0.06564141035258815 0.079
0 0.4579894973743436 0.23975 0.06301575393848462 0.0785
0 0.530570142535634 0.28375 0.059639909977494375 0.0895
0 0.49793698424606153 0.35725 0.0603900975243811 0.0745
0 0.5527006751687922 0.39825 0.07014253563390847 0.0625
0 0.5900225056264066 0.16 0.07201800450112528 0.096
0 0.6708552138034508 0.19375 0.07839459864966242 0.0935
0 0.7466241560390098 0.15825 0.08214553638409602 0.0895
0 0.6054013503375844 0.2425 0.06601650412603151 0.087
0 0.6564141035258815 0.29025 0.06376594148537135 0.0805
0 0.7259939984996249 0.26325 0.07614403600900226 0.0995
0 0.8270817704426107 0.23175 0.07051762940735183 0.0885
0 0.8717179294823706 0.31925 0.07201800450112528 0.0855
0 0.7736309077269318 0.347 0.07464366091522881 0.08
0 0.5813953488372093 0.33375 0.06676669167291822 0.0795
0 0.6254688672168042 0.40425 0.06564141035258815 0.0625
0 0.7046136534133534 0.42075 0.07614403600900226 0.0755
0 0.7968867216804201 0.4005 0.06564141035258815 0.075
0 0.9217929482370593 0.422 0.0671417854463616 0.073
0 0.8495873968492123 0.45325 0.06376594148537135 0.0705
0 0.7785071267816954 0.46625 0.061890472618154536 0.0695
0 0.7244936234058514 0.44925 0.06639159789947487 0.0605
0 0.6560390097524381 0.45975 0.06676669167291822 0.0635
0 0.5900225056264066 0.46475 0.06301575393848462 0.0725
0 0.7338709677419355 0.53375 0.061890472618154536 0.0685
0 0.8298949737434359 0.51925 0.0641410352588147 0.0675
0 0.7306826706676669 0.5995 0.06376594148537135 0.055
0 0.7303075768942235 0.6575 0.06301575393848462 0.051
0 0.7903225806451613 0.64175 0.06301575393848462 0.0515
0 0.8073893473368342 0.56725 0.0641410352588147 0.0565
0 0.8570892723180795 0.60225 0.05701425356339085 0.0505
0 0.8475243810952738 0.63975 0.056639159789947484 0.0505
0 0.8925356339084771 0.563 0.06564141035258815 0.055
0 0.8917854463615904 0.601 0.04538634658664666 0.039
0 0.9444861215303826 0.5715 0.0555138784696174 0.067