0 0.2049887471867967 0.5115 0.04538634658664666 0.062
0 0.2490622655663916 0.5145 0.04051012753188297 0.057
0 0.23143285821455364 0.60275 0.04051012753188297 0.0625
0 0.2659414853713428 0.583 0.04276069017254314 0.064
0 0.2533758439609902 0.6555 0.04238559639909977 0.06
0 0.2668792198049512 0.682 0.04988747186796699 0.065
0 0.2950112528132033 0.722 0.04913728432108027 0.057
0 0.31207801950487624 0.7565 0.04801200300075019 0.071
0 0.3675918979744936 0.77875 0.05326331582895724 0.0795
0 0.359152288072018 0.699 0.0536384096024006 0.069
0 0.4240435108777194 0.752 0.05438859714928732 0.074
0 0.4746811702925731 0.744 0.04913728432108027 0.078
0 0.4484246061515379 0.69175 0.04838709677419355 0.0645
0 0.39572393098274566 0.64 0.05251312828207052 0.069
0 0.336834208552138 0.65675 0.05101275318829707 0.0635
0 0.29688672168042013 0.62825 0.04688672168042011 0.0635
0 0.3034508627156789 0.571 0.04126031507876969 0.065
0 0.3447111777944486 0.56025 0.051762940735183796 0.0625
0 0.38559639909977494 0.52375 0.04876219054763691 0.0635
0 0.3869092273068267 0.58975 0.047636909227306824 0.0565
0 0.42591897974493625 0.55775 0.047636909227306824 0.0685
0 0.4568642160540135 0.61875 0.04351087771942986 0.0685
0 0.48537134283570893 0.66475 0.051762940735183796 0.0795
0 0.5481995498874719 0.70175 0.04988747186796699 0.0635
0 0.5873968492123031 0.67825 0.05026256564141035 0.0695
0 0.4898724681170293 0.58025 0.0555138784696174 0.0755
0 0.5373218304576144 0.62675 0.05438859714928732 0.0775
0 0.5875843960990248 0.60275 0.04988747186796699 0.0715
0 0.6397224306076519 0.6355 0.05738934733683421 0.076
0 0.690735183795949 0.6015 0.0603900975243811 0.072
0 0.6899849962490623 0.53625 0.04988747186796699 0.0705
0 0.6400975243810952 0.5695 0.05738934733683421 0.07
0 0.6391597899474869 0.51325 0.05326331582895724 0.0615
0 0.5896474118529632 0.52725 0.046511627906976744 0.0685
0 0.5510127531882971 0.55925 0.05326331582895724 0.0715
0 0.514066016504126 0.5385 0.04913728432108027 0.058
0 0.46136534133533386 0.4975 0.051762940735183796 0.059
0 0.5502625656414104 0.49475 0.047261815453863466 0.0635
0 0.5965866466616654 0.4595 0.050637659414853715 0.06
0 0.6479744936234059 0.44025 0.056639159789947484 0.0665
0 0.6982370592648162 0.44775 0.055138784696174045 0.0765
0 0.6879219804951238 0.39325 0.05251312828207052 0.0665
0 0.7147411852963241 0.33125 0.052138034508627154 0.0665
0 0.6836084021005251 0.299 0.05138784696174044 0.064
0 0.6228432108027007 0.3215 0.047636909227306824 0.059
0 0.6579144786196549 0.354 0.05101275318829707 0.065
0 0.572768192048012 0.3465 0.04951237809452363 0.057
0 0.6172168042010503 0.39225 0.05138784696174044 0.0585
0 0.5714553638409603 0.41225 0.05138784696174044 0.0705
0 0.5273818454613654 0.382 0.05326331582895724 0.063
0 0.5258814703675919 0.43125 0.05101275318829707 0.0605
0 0.4731807951987997 0.42075 0.046136534133533386 0.0625
0 0.47336834208552137 0.366 0.05251312828207052 0.059
0 0.4199174793698425 0.4145 0.043135783945986494 0.06
0 0.4234808702175544 0.4465 0.04876219054763691 0.062
0 0.38559639909977494 0.4675 0.04576144036009002 0.06
0 0.3478994748687172 0.49475 0.050637659414853715 0.0595
0 0.2938859714928732 0.4985 0.04838709677419355 0.061
0 0.22824456114028507 0.43 0.050637659414853715 0.064
0 0.26481620405101275 0.46075 0.046511627906976744 0.0625
0 0.31732933233308325 0.447 0.04351087771942986 0.058
0 0.35521380345086273 0.4215 0.046511627906976744 0.062
0 0.2576894223555889 0.371 0.04951237809452363 0.046
0 0.2805701425356339 0.40875 0.04876219054763691 0.0485
0 0.2948237059264816 0.35475 0.04801200300075019 0.0585
0 0.2991372843210803 0.282 0.04688672168042011 0.049
0 0.32708177044261066 0.3 0.04426106526631658 0.059
0 0.3302700675168792 0.368 0.046136534133533386 0.059
0 0.37978244561140284 0.30125 0.04463615903975994 0.0685
0 0.3790322580645161 0.37 0.047636909227306824 0.059
0 0.4283570892723181 0.352 0.04801200300075019 0.06
0 0.4253563390847712 0.289 0.046511627906976744 0.056
0 0.46249062265566393 0.31275 0.04576144036009002 0.0635
0 0.5022505626406601 0.27625 0.046511627906976744 0.0615
0 0.5331957989497375 0.31975 0.04238559639909977 0.0655
0 0.5795198799699925 0.29575 0.0555138784696174 0.0595
0 0.6219054763690923 0.246 0.05026256564141035 0.06
0 0.7038634658664666 0.2305 0.05438859714928732 0.068
0 0.6972993248312078 0.16025 0.04576144036009002 0.0535
0 0.7021755438859715 0.116 0.0450112528132033 0.055
0 0.6207801950487621 0.12 0.05251312828207052 0.056
0 0.6474118529632408 0.20075 0.03975993998499625 0.0585
0 0.6033383345836459 0.18975 0.04988747186796699 0.0585
0 0.5733308327081771 0.23325 0.04538634658664666 0.0545
0 0.5264441110277569 0.2305 0.04913728432108027 0.06
0 0.5436984246061516 0.11625 0.04988747186796699 0.0525
0 0.545198799699925 0.155 0.04538634658664666 0.052
0 0.49268567141785446 0.138 0.046136534133533386 0.058
0 0.47749437359339836 0.20025 0.05101275318829707 0.0565
0 0.45911477869467365 0.23775 0.04876219054763691 0.0615
0 0.4172918229557389 0.23775 0.047636909227306824 0.0615
0 0.38615903975994 0.20875 0.04238559639909977 0.0555
0 0.35258814703675917 0.24575 0.051762940735183796 0.0635
0 0.7554388597149287 0.118 0.04876219054763691 0.062
0 0.7948237059264817 0.155 0.04951237809452363 0.061
0 0.8750937734433608 0.1555 0.05701425356339085 0.062
0 0.9234808702175544 0.197 0.058514628657164294 0.07
0 0.7434358589647412 0.1785 0.051762940735183796 0.059
0 0.7833833458364591 0.21975 0.05288822205551388 0.0705
0 0.8308327081770442 0.21025 0.05101275318829707 0.0635
0 0.8831582895723931 0.2375 0.05738934733683421 0.069
0 0.932483120780195 0.28325 0.05776444111027757 0.0695
0 0.849774943735934 0.2695 0.0536384096024006 0.071
0 0.7895723930982745 0.27025 0.05326331582895724 0.0695
0 0.7366841710427607 0.28025 0.0555138784696174 0.0695
0 0.7693173293323331 0.33875 0.05101275318829707 0.0705
0 0.8278319579894974 0.3455 0.05101275318829707 0.069
0 0.8895348837209303 0.334 0.055138784696174045 0.078
0 0.7430607651912978 0.3945 0.05251312828207052 0.067
0 0.7929482370592649 0.414 0.05326331582895724 0.069
0 0.8535258814703676 0.41175 0.052138034508627154 0.0715
0 0.8124531132783196 0.47275 0.05251312828207052 0.0735
0 0.7605026256564141 0.45675 0.04988747186796699 0.0705
0 0.7794448612153039 0.52225 0.06151537884471118 0.0765
0 0.7454988747186797 0.5795 0.061140285071267814 0.074