0 0.07389347336834208 0.11925 0.06151537884471118 0.0905
0 0.06601650412603151 0.1595 0.06301575393848462 0.074
0 0.11384096024006002 0.2045 0.059639909977494375 0.08
0 0.16204051012753187 0.19625 0.05701425356339085 0.0795
0 0.21530382595648911 0.14275 0.06301575393848462 0.0875
0 0.14759939984996248 0.05125 0.0708927231807952 0.1025
0 0.22843210802700675 0.0625 0.0690172543135784 0.103
0 0.30026256564141035 0.1445 0.06564141035258815 0.079
0 0.3516504126031508 0.0855 0.061140285071267814 0.091
0 0.4088522130532633 0.0925 0.05926481620405101 0.091
0 0.4773068267066767 0.04975 0.06639159789947487 0.0995
0 0.459489872468117 0.146 0.06151537884471118 0.093
0 0.5148162040510128 0.162 0.05438859714928732 0.103
0 0.48349587396849214 0.238 0.05026256564141035 0.086
0 0.41335333833458365 0.21525 0.060765191297824456 0.0815
0 0.37509377344336087 0.16175 0.060765191297824456 0.0765
0 0.26294073518379596 0.186 0.05476369092273068 0.084
0 0.31732933233308325 0.223 0.06376594148537135 0.088
0 0.3810952738184546 0.262 0.06001500375093773 0.079
0 0.43285821455363843 0.291 0.05926481620405101 0.085
0 0.39066016504126033 0.332 0.05588897224306077 0.082
0 0.3276444111027757 0.31225 0.05813953488372093 0.0865
0 0.25881470367591897 0.29075 0.05326331582895724 0.0895
0 0.20161290322580644 0.26975 0.055138784696174045 0.0885
0 0.15753938484621155 0.2695 0.056264066016504126 0.086
0 0.10390097524381095 0.2945 0.05476369092273068 0.08
0 0.15397599399849962 0.345 0.056639159789947484 0.073
0 0.21192798199549887 0.326 0.056264066016504126 0.066
0 0.23818454613653414 0.39025 0.05326331582895724 0.0755
0 0.27325581395348836 0.376 0.05813953488372093 0.073
0 0.20667666916729183 0.4275 0.05101275318829707 0.08
0 0.2618154538634659 0.47675 0.051762940735183796 0.0745
0 0.2385596399099775 0.5005 0.047261815453863466 0.056
0 0.2923855963990998 0.5245 0.04988747186796699 0.061
0 0.32895723930982745 0.538 0.058514628657164294 0.065
0 0.3032633158289572 0.442 0.05438859714928732 0.075
0 0.3377719429857464 0.3895 0.05813953488372093 0.077
0 0.3614028507126782 0.45675 0.05288822205551388 0.0685
0 0.40247561890472616 0.49825 0.04801200300075019 0.0655
0 0.42591897974493625 0.47675 0.04913728432108027 0.0685
0 0.40378844711177797 0.407 0.0536384096024006 0.065
0 0.4463615903975994 0.367 0.05326331582895724 0.073
0 0.47430607651912976 0.436 0.05888972243060765 0.074
0 0.4943735933983496 0.5 0.0555138784696174 0.069
0 0.5399474868717179 0.474 0.061140285071267814 0.074
0 0.5523255813953488 0.5095 0.0536384096024006 0.062
0 0.562828207051763 0.572 0.04838709677419355 0.066
0 0.4472993248312078 0.5505 0.04988747186796699 0.075
0 0.5041260315078769 0.573 0.05101275318829707 0.057
0 0.5210052513128282 0.62275 0.05476369092273068 0.0655
0 0.46924231057764443 0.61575 0.05101275318829707 0.0655
0 0.4829332333083271 0.652 0.047636909227306824 0.053
0 0.41522880720180044 0.59825 0.0450112528132033 0.0665
0 0.372655663915979 0.56675 0.04838709677419355 0.0605
0 0.27738184546136535 0.5595 0.05438859714928732 0.055
0 0.3257689422355589 0.57625 0.050637659414853715 0.0525
0 0.3411477869467367 0.61325 0.04388597149287322 0.0485
0 0.38447111777944487 0.6235 0.0450112528132033 0.062
0 0.2888222055513878 0.612 0.05326331582895724 0.056
0 0.36627906976744184 0.681 0.04988747186796699 0.051
0 0.4212303075768942 0.67225 0.05476369092273068 0.0645
0 0.5320705176294074 0.70375 0.052138034508627154 0.0615
0 0.5838334583645911 0.6745 0.05288822205551388 0.057
0 0.6275318829707427 0.64025 0.06001500375093773 0.0615
0 0.6140285071267817 0.57225 0.05101275318829707 0.0555
0 0.6164666166541636 0.51925 0.05288822205551388 0.0715
0 0.6704801200300075 0.5345 0.04913728432108027 0.078
0 0.5817704426106527 0.41375 0.05701425356339085 0.0765
0 0.622093023255814 0.43875 0.05813953488372093 0.0635
0 0.509939984996249 0.388 0.06264066016504126 0.08
0 0.4913728432108027 0.3175 0.056264066016504126 0.076
0 0.5523255813953488 0.322 0.0603900975243811 0.085
0 0.5463240810202551 0.249 0.06264066016504126 0.086
0 0.5947111777944486 0.206 0.05888972243060765 0.099
0 0.6301575393848462 0.27875 0.05476369092273068 0.0875
0 0.6399099774943736 0.37175 0.06451612903225806 0.0815
0 0.6644786196549137 0.39675 0.05888972243060765 0.0745
0 0.690735183795949 0.4735 0.061140285071267814 0.068
0 0.6717929482370593 0.60875 0.05926481620405101 0.0665
0 0.68192048012003 0.65925 0.051762940735183796 0.0605
0 0.7366841710427607 0.65 0.05251312828207052 0.071
0 0.7304951237809453 0.585 0.061890472618154536 0.058
0 0.7861965491372843 0.61775 0.0555138784696174 0.0655
0 0.7882595648912228 0.56225 0.06264066016504126 0.0725
0 0.7323705926481621 0.53075 0.05438859714928732 0.0685
0 0.8312078019504876 0.56525 0.05251312828207052 0.0665
0 0.8304576144036009 0.506 0.06376594148537135 0.074
0 0.8983495873968492 0.51 0.06751687921980495 0.075
0 0.7773818454613654 0.46175 0.06264066016504126 0.0775
0 0.7366841710427607 0.4015 0.06526631657914479 0.072
0 0.7995123780945236 0.39175 0.0603900975243811 0.0765
0 0.8358964741185296 0.43025 0.056639159789947484 0.0775
0 0.7516879219804952 0.332 0.06451612903225806 0.08
0 0.6875468867216804 0.3145 0.06151537884471118 0.069
0 0.6815453863465867 0.2215 0.0690172543135784 0.083
0 0.7363090772693174 0.25425 0.06826706676669167 0.0885
0 0.7835708927231808 0.2645 0.051762940735183796 0.088
0 0.878469617404351 0.328 0.0690172543135784 0.084
0 0.8981620405101275 0.36825 0.061140285071267814 0.0825
0 0.9326706676669168 0.46425 0.061140285071267814 0.0605
0 0.9028507126781695 0.23925 0.07726931732933233 0.1035
0 0.9096024006001501 0.284 0.06151537884471118 0.064
0 0.7848837209302325 0.18 0.06939234808702176 0.089
0 0.8599024756189048 0.15075 0.07014253563390847 0.0985
0 0.7261815453863466 0.14225 0.06451612903225806 0.0985
0 0.6586646661665416 0.137 0.06376594148537135 0.104
0 0.5637659414853713 0.13375 0.03150787696924231 0.0565