0 0.11609152288072018 0.8355 0.04088522130532633 0.061
0 0.17310577644411101 0.7425 0.04463615903975994 0.053
0 0.1693548387096774 0.77525 0.04013503375843961 0.0485
0 0.1656039009752438 0.82325 0.041635408852213056 0.0525
0 0.16072768192048012 0.86475 0.05138784696174044 0.0495
0 0.20198799699924982 0.8 0.04238559639909977 0.055
0 0.22618154538634658 0.84125 0.04351087771942986 0.0505
0 0.2259939984996249 0.76325 0.046136534133533386 0.0495
0 0.2126781695423856 0.72875 0.04351087771942986 0.0565
0 0.2259939984996249 0.62925 0.05288822205551388 0.0515
0 0.28075768942235557 0.8395 0.04088522130532633 0.051
0 0.3310202550637659 0.83025 0.04013503375843961 0.0545
0 0.3122655663915979 0.7805 0.04463615903975994 0.047
0 0.2920105026256564 0.73325 0.04688672168042011 0.0495
0 0.3312078019504876 0.72325 0.047261815453863466 0.0565
0 0.3113278319579895 0.65775 0.04801200300075019 0.0525
0 0.2970742685671418 0.60475 0.04801200300075019 0.0655
0 0.290510127531883 0.545 0.04538634658664666 0.06
0 0.30026256564141035 0.50425 0.04688672168042011 0.0605
0 0.3184546136534134 0.4405 0.046511627906976744 0.071
0 0.3936609152288072 0.36225 0.05438859714928732 0.0585
0 0.39216054013503376 0.42475 0.050637659414853715 0.0575
0 0.35765191297824456 0.48025 0.04238559639909977 0.0625
0 0.34058514628657166 0.539 0.04876219054763691 0.058
0 0.3745311327831958 0.577 0.047636909227306824 0.057
0 0.36946736684171044 0.6425 0.04126031507876969 0.053
0 0.4028507126781695 0.63275 0.04876219054763691 0.0565
0 0.3775318829707427 0.6965 0.043135783945986494 0.055
0 0.41335333833458365 0.67175 0.04576144036009002 0.0555
0 0.3799699924981245 0.74825 0.04051012753188297 0.0585
0 0.3677794448612153 0.80025 0.043135783945986494 0.0555
0 0.3735933983495874 0.836 0.042010502625656414 0.053
0 0.4054763690922731 0.834 0.042010502625656414 0.05
0 0.4351087771942986 0.86475 0.04051012753188297 0.0515
0 0.44954988747186797 0.8125 0.038634658664666165 0.054
0 0.42029257314328583 0.77475 0.04238559639909977 0.0525
0 0.4139159789947487 0.73025 0.04538634658664666 0.0595
0 0.4167291822955739 0.56725 0.046511627906976744 0.0585
0 0.4148537134283571 0.48675 0.05101275318829707 0.0655
0 0.4476744186046512 0.521 0.04838709677419355 0.062
0 0.4491747936984246 0.42675 0.047636909227306824 0.0585
0 0.440735183795949 0.354 0.05101275318829707 0.064
0 0.45836459114778694 0.2795 0.04576144036009002 0.069
0 0.49568642160540133 0.35625 0.046136534133533386 0.0615
0 0.5324456114028507 0.3015 0.05288822205551388 0.067
0 0.5602025506376594 0.251 0.04988747186796699 0.069
0 0.6063390847711928 0.202 0.0536384096024006 0.073
0 0.5887096774193549 0.30175 0.04838709677419355 0.0595
0 0.5397599399849963 0.362 0.05026256564141035 0.063
0 0.5073143285821455 0.4175 0.052138034508627154 0.067
0 0.4855588897224306 0.4645 0.052138034508627154 0.059
0 0.5354463615903976 0.46725 0.04688672168042011 0.0555
0 0.5105026256564141 0.5175 0.04801200300075019 0.05
0 0.5112528132033008 0.5745 0.046511627906976744 0.061
0 0.4686796699174794 0.60425 0.04688672168042011 0.0495
0 0.4585521380345086 0.65175 0.04463615903975994 0.0575
0 0.5022505626406601 0.63725 0.05026256564141035 0.0525
0 0.463615903975994 0.69575 0.04126031507876969 0.0525
0 0.5120030007501876 0.6755 0.04351087771942986 0.049
0 0.5005626406601651 0.72175 0.041635408852213056 0.0595
0 0.47580645161290325 0.76075 0.04538634658664666 0.0555
0 0.4874343585896474 0.8195 0.04538634658664666 0.05
0 0.4831207801950488 0.87275 0.04426106526631658 0.0455
0 0.5253188297074268 0.862 0.038634658664666165 0.051
0 0.5311327831957989 0.80175 0.03825956489122281 0.0535
0 0.5708927231807952 0.83825 0.046511627906976744 0.0485
0 0.5517629407351838 0.77725 0.042010502625656414 0.0525
0 0.5926481620405101 0.78525 0.03675918979744936 0.0585
0 0.5354463615903976 0.71625 0.04238559639909977 0.0635
0 0.5971492873218305 0.7385 0.046511627906976744 0.059
0 0.6385971492873218 0.7525 0.047636909227306824 0.053
0 0.54576144036009 0.6445 0.047261815453863466 0.057
0 0.5881470367591898 0.684 0.04426106526631658 0.055
0 0.6258439609902475 0.6875 0.04238559639909977 0.053
0 0.5812078019504876 0.61875 0.04538634658664666 0.0495
0 0.5594523630907727 0.55925 0.04538634658664666 0.0575
0 0.5618904726181545 0.5085 0.042010502625656414 0.065
0 0.6127156789197299 0.5825 0.04013503375843961 0.065
0 0.6481620405101275 0.64575 0.047261815453863466 0.0515
0 0.6545386346586647 0.58625 0.04426106526631658 0.0595
0 0.609152288072018 0.518 0.0450112528132033 0.055
0 0.6573518379594899 0.532 0.046136534133533386 0.052
0 0.567516879219805 0.42775 0.04351087771942986 0.0615
0 0.595648912228057 0.46375 0.04426106526631658 0.0605
0 0.640285071267817 0.48575 0.047261815453863466 0.0535
0 0.690735183795949 0.64 0.038634658664666165 0.053
0 0.7025506376594148 0.5995 0.0450112528132033 0.063
0 0.7421230307576894 0.612 0.04463615903975994 0.059
0 0.7192423105776444 0.53375 0.04238559639909977 0.0625
0 0.7631282820705176 0.55 0.04538634658664666 0.048
0 0.596211552888222 0.3595 0.047636909227306824 0.061
0 0.622093023255814 0.41025 0.04388597149287322 0.0615
0 0.6385971492873218 0.3125 0.047636909227306824 0.059
0 0.6648537134283571 0.22 0.050637659414853715 0.066
0 0.6894223555888972 0.26925 0.04576144036009002 0.0755
0 0.6556639159789948 0.3745 0.04576144036009002 0.065
0 0.6611027756939235 0.4335 0.046136534133533386 0.064
0 0.6941110277569392 0.464 0.04688672168042011 0.055
0 0.7055513878469617 0.40825 0.04051012753188297 0.0695
0 0.6941110277569392 0.33825 0.04463615903975994 0.0675
0 0.7076144036009002 0.0745 0.04913728432108027 0.077
0 0.7340585146286571 0.15375 0.04426106526631658 0.0665
0 0.7693173293323331 0.101 0.05476369092273068 0.073
0 0.846211552888222 0.119 0.05251312828207052 0.077
0 0.7850712678169542 0.18525 0.04951237809452363 0.0705
0 0.8503375843960991 0.187 0.05401350337584396 0.065
0 0.7355588897224306 0.2325 0.04951237809452363 0.063
0 0.7850712678169542 0.2545 0.05101275318829707 0.066
0 0.8516504126031508 0.25875 0.05288822205551388 0.0755
0 0.7372468117029257 0.297 0.05288822205551388 0.06
0 0.7372468117029257 0.36125 0.04838709677419355 0.0655
0 0.7918229557389347 0.31875 0.04801200300075019 0.0715
0 0.8524006001500375 0.329 0.052138034508627154 0.073
0 0.7845086271567892 0.383 0.05288822205551388 0.062
0 0.7565641410352588 0.4315 0.05101275318829707 0.065
0 0.7933233308327082 0.453 0.04276069017254314 0.065
0 0.8486496624156039 0.4175 0.043135783945986494 0.067
0 0.7524381095273819 0.502 0.05101275318829707 0.065
0 0.7955738934733684 0.50675 0.047261815453863466 0.0615