0 0.08945986496624156 0.57725 0.06489122280570142 0.0695
0 0.12321830457614404 0.637 0.04238559639909977 0.068
0 0.1389722430607652 0.7095 0.05138784696174044 0.069
0 0.15960240060015005 0.7765 0.059639909977494375 0.065
0 0.20386346586646661 0.84325 0.050637659414853715 0.0645
0 0.24887471867966993 0.85825 0.05588897224306077 0.0595
0 0.3220180045011253 0.81325 0.052138034508627154 0.0775
0 0.23424606151537886 0.754 0.050637659414853715 0.062
0 0.2845086271567892 0.74575 0.056639159789947484 0.0585
0 0.3420855213803451 0.74625 0.05026256564141035 0.0615
0 0.3859714928732183 0.7675 0.047261815453863466 0.075
0 0.422543135783946 0.75025 0.050637659414853715 0.0635
0 0.38822205551387845 0.70125 0.05101275318829707 0.0605
0 0.45311327831957987 0.6965 0.05401350337584396 0.065
0 0.4731807951987997 0.7995 0.047636909227306824 0.073
0 0.16222805701425355 0.65175 0.06264066016504126 0.0655
0 0.22243060765191297 0.66675 0.04426106526631658 0.0605
0 0.2623780945236309 0.658 0.055138784696174045 0.064
0 0.34152288072018006 0.66625 0.05138784696174044 0.0625
0 0.49568642160540133 0.643 0.05138784696174044 0.071
0 0.45742685671417854 0.5825 0.052138034508627154 0.063
0 0.49568642160540133 0.54775 0.05813953488372093 0.0725
0 0.43435858964741186 0.53475 0.05476369092273068 0.0815
0 0.4111027756939235 0.61125 0.051762940735183796 0.0715
0 0.3754688672168042 0.554 0.05101275318829707 0.068
0 0.35765191297824456 0.6025 0.05438859714928732 0.071
0 0.30007501875468867 0.60625 0.05026256564141035 0.0575
0 0.3160165041260315 0.561 0.0603900975243811 0.075
0 0.23312078019504875 0.617 0.05738934733683421 0.069
0 0.15435108777194298 0.5925 0.0708927231807952 0.07
0 0.213615903975994 0.561 0.05888972243060765 0.076
0 0.2672543135783946 0.529 0.05738934733683421 0.07
0 0.1399099774943736 0.521 0.06151537884471118 0.072
0 0.19654913728432108 0.47125 0.0622655663915979 0.0745
0 0.09921230307576895 0.43225 0.0603900975243811 0.0725
0 0.122655663915979 0.38475 0.0690172543135784 0.0835
0 0.17798199549887472 0.32075 0.0641410352588147 0.0825
0 0.19298574643660915 0.398 0.06639159789947487 0.082
0 0.24343585896474118 0.447 0.05326331582895724 0.069
0 0.2618154538634659 0.36325 0.06376594148537135 0.0875
0 0.3175168792198049 0.41875 0.05288822205551388 0.0755
0 0.3390847711927982 0.48325 0.05776444111027757 0.0725
0 0.3985371342835709 0.46425 0.055138784696174045 0.0745
0 0.3199549887471868 0.34275 0.06151537884471118 0.0785
0 0.3674043510877719 0.3755 0.05438859714928732 0.091
0 0.41241560390097526 0.39975 0.059639909977494375 0.0765
0 0.47430607651912976 0.4765 0.052138034508627154 0.081
0 0.4831207801950488 0.3825 0.056264066016504126 0.081
0 0.23537134283570893 0.2935 0.0641410352588147 0.08
0 0.31976744186046513 0.26375 0.06564141035258815 0.0825
0 0.38147036759189795 0.26075 0.056264066016504126 0.0795
0 0.41935483870967744 0.306 0.06826706676669167 0.081
0 0.48893473368342083 0.30175 0.05738934733683421 0.0745
0 0.2803825956489122 0.1845 0.0671417854463616 0.087
0 0.359152288072018 0.18225 0.0671417854463616 0.0875
0 0.3809077269317329 0.103 0.06339084771192798 0.088
0 0.42516879219804954 0.16925 0.056639159789947484 0.0855
0 0.4606151537884471 0.238 0.058514628657164294 0.082
0 0.48893473368342083 0.09525 0.059639909977494375 0.0855
0 0.48349587396849214 0.17575 0.06376594148537135 0.0765
0 0.5345086271567892 0.13725 0.051762940735183796 0.0795
0 0.6372843210802701 0.08675 0.056264066016504126 0.0825
0 0.7158664666166542 0.142 0.061140285071267814 0.077
0 0.650225056264066 0.16825 0.055138784696174045 0.0795
0 0.5952738184546137 0.172 0.06151537884471118 0.08
0 0.5163165791447862 0.23625 0.0603900975243811 0.0785
0 0.5778319579894974 0.253 0.06264066016504126 0.083
0 0.6447861965491373 0.248 0.05926481620405101 0.083
0 0.6956114028507127 0.22375 0.05438859714928732 0.0755
0 0.6108402100525131 0.3165 0.056639159789947484 0.077
0 0.6845461365341335 0.2965 0.06301575393848462 0.077
0 0.7595648912228057 0.27925 0.05776444111027757 0.0875
0 0.8244561140285072 0.2725 0.06976744186046512 0.082
0 0.7845086271567892 0.35625 0.055138784696174045 0.0785
0 0.7085521380345087 0.35725 0.05776444111027757 0.0715
0 0.6556639159789948 0.36825 0.058514628657164294 0.0715
0 0.5658289572393098 0.369 0.06864216054013503 0.078
0 0.5641410352588146 0.42775 0.05326331582895724 0.0675
0 0.5245686421605401 0.475 0.05738934733683421 0.064
0 0.6245311327831958 0.4345 0.05701425356339085 0.072
0 0.6815453863465867 0.447 0.04426106526631658 0.08
0 0.7633158289572393 0.43425 0.05326331582895724 0.0795
0 0.8278319579894974 0.401 0.05926481620405101 0.078
0 0.8392723180795199 0.43925 0.05138784696174044 0.0735
0 0.7991372843210802 0.494 0.05813953488372093 0.076
0 0.7342460615153789 0.4875 0.061890472618154536 0.07
0 0.5948987246811703 0.50025 0.05326331582895724 0.0705
0 0.6340960240060015 0.518 0.04463615903975994 0.063
0 0.6971117779444861 0.5335 0.05738934733683421 0.074
0 0.7458739684921231 0.54625 0.055138784696174045 0.0695
0 0.559264816204051 0.5565 0.056264066016504126 0.075
0 0.5990247561890473 0.5965 0.05401350337584396 0.071
0 0.8343960990247562 0.56875 0.055138784696174045 0.0695
0 0.805701425356339 0.61075 0.0450112528132033 0.0515
0 0.7584396099024756 0.59425 0.051762940735183796 0.0615
0 0.5200675168792198 0.60025 0.052138034508627154 0.0655
0 0.5095648912228057 0.734 0.04988747186796699 0.062
0 0.5632033008252063 0.7085 0.0536384096024006 0.064
0 0.6042760690172543 0.65 0.051762940735183796 0.068
0 0.6612903225806451 0.6785 0.04951237809452363 0.069
0 0.7241185296324081 0.64275 0.04688672168042011 0.0675
0 0.7560015003750937 0.6635 0.04538634658664666 0.07
0 0.8195798949737434 0.70275 0.04951237809452363 0.0665
0 0.7338709677419355 0.748 0.04988747186796699 0.074
0 0.6742310577644411 0.75975 0.05288822205551388 0.0635
0 0.677231807951988 0.799 0.04988747186796699 0.047
0 0.6269692423105776 0.746 0.050637659414853715 0.062
0 0.6063390847711928 0.771 0.03488372093023256 0.044
0 0.5703300825206301 0.748 0.05288822205551388 0.063
0 0.527569392348087 0.789 0.05438859714928732 0.062
0 0.56807951987997 0.80975 0.04463615903975994 0.0575
0 0.5251312828207052 0.84975 0.05926481620405101 0.0585