0 0.1610549943883277 0.146 0.030303030303030304 0.055
0 0.2022072577628133 0.15 0.037037037037037035 0.056
0 0.23251028806584362 0.1755 0.03928170594837262 0.055
0 0.2167976056864946 0.2185 0.034044145155256264 0.048
0 0.24653946876169097 0.229 0.041900486344930786 0.058
0 0.1741488963711186 0.21425 0.03254769921436588 0.0505
0 0.18555929667040777 0.26025 0.035166479610924055 0.0565
0 0.2031425364758698 0.3125 0.03890759446315002 0.057
0 0.24242424242424243 0.27925 0.03367003367003367 0.0505
0 0.2725402169846614 0.2945 0.03479236812570146 0.055
0 0.2886270108492331 0.239 0.03179947624392069 0.057
0 0.27946127946127947 0.1685 0.03965581743359521 0.058
0 0.24579124579124578 0.11925 0.041900486344930786 0.0535
0 0.2850729517396184 0.1145 0.038159371492704826 0.061
0 0.3344556677890011 0.12025 0.03965581743359521 0.0595
0 0.3271604938271605 0.1765 0.034044145155256264 0.059
0 0.3660680882903105 0.1665 0.03554059109614665 0.057
0 0.41320613542835766 0.15225 0.037037037037037035 0.0625
0 0.3986157875046764 0.205 0.03554059109614665 0.051
0 0.3679386457164235 0.24475 0.036288814066591846 0.0545
0 0.32341937897493456 0.232 0.037037037037037035 0.05
0 0.31013842124953234 0.28275 0.03965581743359521 0.0535
0 0.3505424616535728 0.28775 0.041900486344930786 0.0575
0 0.24298540965207632 0.33325 0.03853348297792742 0.0445
0 0.17807706696595585 0.33925 0.03965581743359521 0.0515
0 0.19079685746352412 0.395 0.031425364758698095 0.055
0 0.2224092779648335 0.38125 0.040029928918817806 0.0475
0 0.2714178825289936 0.3715 0.040778151889263 0.053
0 0.29068462401795736 0.331 0.041900486344930786 0.055
0 0.33202394313505423 0.3345 0.03479236812570146 0.056
0 0.3877665544332211 0.30875 0.03853348297792742 0.0555
0 0.36962214739992516 0.36575 0.038159371492704826 0.0515
0 0.3374485596707819 0.3945 0.03367003367003367 0.055
0 0.3039655817433595 0.39875 0.03928170594837262 0.0505
0 0.2719790497568275 0.4215 0.03965581743359521 0.052
0 0.19528619528619529 0.44375 0.038159371492704826 0.0525
0 0.22858211747100635 0.461 0.04040404040404041 0.056
0 0.20800598578376356 0.49375 0.038159371492704826 0.0545
0 0.24653946876169097 0.52225 0.03890759446315002 0.0445
0 0.2751589973812196 0.4755 0.04152637485970819 0.056
0 0.30770669659558547 0.44875 0.03778526000748223 0.0535
0 0.3110736999625889 0.5035 0.03928170594837262 0.056
0 0.2839506172839506 0.5315 0.03965581743359521 0.054
0 0.2353161242050131 0.5675 0.038159371492704826 0.047
0 0.22596333707444818 0.62575 0.035166479610924055 0.0515
0 0.2356902356902357 0.6685 0.03890759446315002 0.063
0 0.2613168724279835 0.6775 0.03554059109614665 0.051
0 0.26038159371492703 0.733 0.0411522633744856 0.05
0 0.2671156004489338 0.772 0.03741114852225964 0.045
0 0.30115974560419007 0.78975 0.0411522633744856 0.0535
0 0.30228208005985785 0.7365 0.035166479610924055 0.054
0 0.3002244668911336 0.6845 0.03928170594837262 0.045
0 0.33146277590722034 0.714 0.038159371492704826 0.052
0 0.27478488589599703 0.6155 0.036288814066591846 0.051
0 0.2755331088664422 0.57325 0.03554059109614665 0.0475
0 0.31387953610175834 0.56575 0.032173587729143284 0.0555
0 0.3183688739244295 0.60475 0.032173587729143284 0.0465
0 0.3380097268986158 0.5505 0.037037037037037035 0.053
0 0.34717545828656937 0.5955 0.03367003367003367 0.057
0 0.33557800224466894 0.64775 0.04414515525626637 0.0565
0 0.36344930789375235 0.68225 0.03554059109614665 0.0555
0 0.38439955106621776 0.71975 0.040029928918817806 0.0425
0 0.4006734006734007 0.679 0.04339693228582117 0.057
0 0.35260007482229705 0.761 0.03928170594837262 0.051
0 0.34249906472128694 0.79825 0.034044145155256264 0.0505
0 0.2721661054994388 0.828 0.040029928918817806 0.052
0 0.32398054620276845 0.8575 0.03591470258136925 0.052
0 0.35877291432846986 0.862 0.035166479610924055 0.052
0 0.377665544332211 0.815 0.03778526000748223 0.058
0 0.3950617283950617 0.868 0.034418256640478866 0.056
0 0.3950617283950617 0.76625 0.04264870931537598 0.0575
0 0.4169472502805836 0.811 0.04377104377104377 0.051
0 0.43621399176954734 0.85 0.0411522633744856 0.054
0 0.4562289562289562 0.8 0.040778151889263 0.044
0 0.43247287691732134 0.762 0.035166479610924055 0.057
0 0.43022820800598577 0.70825 0.034418256640478866 0.0505
0 0.3778526000748223 0.6285 0.038159371492704826 0.054
0 0.38570894126449684 0.57675 0.03890759446315002 0.0525
0 0.41451552562663674 0.6215 0.03890759446315002 0.048
0 0.4390198279087168 0.6615 0.03254769921436588 0.057
0 0.35241301907968575 0.493 0.0411522633744856 0.048
0 0.3829031051253273 0.52775 0.034044145155256264 0.0495
0 0.3838383838383838 0.47275 0.04414515525626637 0.0545
0 0.4176954732510288 0.5165 0.03554059109614665 0.052
0 0.3550317994762439 0.4405 0.03591470258136925 0.052
0 0.38645716423494203 0.419 0.03890759446315002 0.056
0 0.40273101384212495 0.35475 0.040778151889263 0.0555
0 0.42480359147025815 0.41075 0.036288814066591846 0.0585
0 0.427235316124205 0.464 0.038159371492704826 0.049
0 0.4566030677141788 0.43175 0.037037037037037035 0.0485
0 0.44687616909839134 0.3765 0.040778151889263 0.055
0 0.4395809951365507 0.31975 0.041900486344930786 0.0465
0 0.4060980172091283 0.2525 0.040029928918817806 0.054
0 0.43546576879910215 0.225 0.0411522633744856 0.054
0 0.4487467265245043 0.2765 0.03554059109614665 0.054
0 0.4796109240553685 0.30425 0.03666292555181444 0.0545
0 0.4826038159371493 0.16125 0.03965581743359521 0.0595
0 0.5138421249532361 0.21175 0.03928170594837262 0.0495
0 0.5009352787130565 0.26125 0.03965581743359521 0.0485
0 0.5280583613916947 0.303 0.03853348297792742 0.056
0 0.5712682379349046 0.27075 0.04489337822671156 0.0505
0 0.5718294051627385 0.338 0.03928170594837262 0.053
0 0.6094276094276094 0.3175 0.03890759446315002 0.061
0 0.6382341937897493 0.3615 0.04264870931537598 0.059
0 0.5293677515899738 0.358 0.04040404040404041 0.057
0 0.5561167227833894 0.3895 0.03928170594837262 0.052
0 0.4885895997007108 0.38425 0.03666292555181444 0.0575
0 0.5202020202020202 0.4195 0.03853348297792742 0.066
0 0.49532360643471757 0.457 0.041900486344930786 0.056
0 0.5548073325851104 0.4485 0.03666292555181444 0.048
0 0.599700710811822 0.38225 0.04264870931537598 0.0535
0 0.5946502057613169 0.43725 0.04302282080059858 0.0545
0 0.6354283576505799 0.431 0.03778526000748223 0.054
0 0.6765806210250654 0.4105 0.040778151889263 0.056
0 0.6243920688365133 0.49125 0.03741114852225964 0.0495
0 0.5860456416011972 0.4925 0.03853348297792742 0.055
0 0.5462027684249906 0.50675 0.03965581743359521 0.0505
0 0.49738121960344184 0.5125 0.036288814066591846 0.054
0 0.4590347923681257 0.555 0.03666292555181444 0.056
0 0.42368125701459036 0.56725 0.040778151889263 0.0525
0 0.448559670781893 0.60825 0.038159371492704826 0.0475
0 0.47586980920314254 0.65075 0.03741114852225964 0.0535
0 0.4992517770295548 0.61525 0.04152637485970819 0.0475
0 0.4983164983164983 0.56275 0.03741114852225964 0.0465
0 0.5362888140665918 0.55325 0.040029928918817806 0.0535
0 0.5456416011971568 0.60775 0.040029928918817806 0.0525
0 0.5808080808080808 0.585 0.040029928918817806 0.054
0 0.5830527497194163 0.539 0.04377104377104377 0.05
0 0.632435465768799 0.5485 0.04227459783015339 0.057
0 0.622334455667789 0.5945 0.040029928918817806 0.05
0 0.5329218106995884 0.666 0.03853348297792742 0.056
0 0.5089786756453423 0.7025 0.036288814066591846 0.054
0 0.4676393565282454 0.70725 0.038159371492704826 0.0545
0 0.4682005237560793 0.7615 0.040778151889263 0.056
0 0.49214365881032546 0.79525 0.034044145155256264 0.0575
0 0.5117845117845118 0.841 0.03741114852225964 0.052
0 0.47549569771791994 0.85125 0.038159371492704826 0.0575
0 0.5469509913954358 0.82125 0.03591470258136925 0.0515
0 0.5149644594089039 0.75175 0.040029928918817806 0.0525
0 0.5505050505050505 0.7775 0.040029928918817806 0.055
0 0.5834268612046389 0.81175 0.04152637485970819 0.0485
0 0.5867938645716424 0.764 0.040778151889263 0.045
0 0.545828656939768 0.72325 0.03741114852225964 0.0505
0 0.575944631500187 0.67075 0.03778526000748223 0.0615
0 0.6019453797231575 0.71925 0.038159371492704826 0.0475
0 0.6109240553684998 0.65275 0.041900486344930786 0.0515
0 0.6517022072577628 0.66 0.04264870931537598 0.058
0 0.6419753086419753 0.7105 0.03741114852225964 0.055
0 0.6554433221099888 0.7585 0.03666292555181444 0.054
0 0.6251402918069585 0.80825 0.0411522633744856 0.0515
0 0.6833146277590723 0.7265 0.03928170594837262 0.062
0 0.7061354283576505 0.67825 0.03928170594837262 0.0555
0 0.6861204638982417 0.62375 0.04339693228582117 0.0555
0 0.7263374485596708 0.6205 0.034044145155256264 0.059
0 0.6810699588477366 0.56625 0.040029928918817806 0.0515
0 0.6661054994388328 0.512 0.040778151889263 0.054
0 0.6705948372615039 0.46375 0.046763935652824544 0.0515
0 0.7128694350916573 0.46675 0.04152637485970819 0.0575
0 0.7098765432098766 0.516 0.04227459783015339 0.049
0 0.7289562289562289 0.55975 0.036288814066591846 0.0585