0 0.09152288072018004 0.33775 0.05401350337584396 0.0805
0 0.1399099774943736 0.354 0.05326331582895724 0.077
0 0.10183795948987247 0.419 0.06264066016504126 0.082
0 0.15528882220555137 0.472 0.05026256564141035 0.075
0 0.20273818454613654 0.4855 0.06339084771192798 0.077
0 0.2243060765191298 0.55125 0.06151537884471118 0.0735
0 0.26481620405101275 0.495 0.058514628657164294 0.075
0 0.2891972993248312 0.56325 0.05326331582895724 0.0755
0 0.31939234808702177 0.638 0.05588897224306077 0.059
0 0.377344336084021 0.6415 0.05401350337584396 0.059
0 0.3968492123030758 0.69675 0.060765191297824456 0.0565
0 0.4472993248312078 0.74675 0.0603900975243811 0.0555
0 0.5080645161290323 0.7495 0.0536384096024006 0.072
0 0.4529257314328582 0.66675 0.0536384096024006 0.0755
0 0.4139159789947487 0.60725 0.05738934733683421 0.0745
0 0.3606526631657914 0.5825 0.056639159789947484 0.064
0 0.3351462865716429 0.52275 0.055138784696174045 0.0745
0 0.37696924231057766 0.488 0.0622655663915979 0.065
0 0.3085146286571643 0.46025 0.059639909977494375 0.0725
0 0.2511252813203301 0.41675 0.0603900975243811 0.0795
0 0.19861215303825958 0.36 0.0641410352588147 0.075
0 0.1562265566391598 0.2965 0.0641410352588147 0.081
0 0.10746436609152288 0.252 0.055138784696174045 0.081
0 0.12434358589647412 0.1845 0.055138784696174045 0.105
0 0.17029257314328583 0.19475 0.07426856714178545 0.0915
0 0.2098649662415604 0.27625 0.06864216054013503 0.0855
0 0.22768192048012004 0.113 0.06601650412603151 0.101
0 0.2576894223555889 0.22925 0.06601650412603151 0.0905
0 0.27438109527381843 0.3125 0.06339084771192798 0.081
0 0.31357839459864967 0.38475 0.06601650412603151 0.0805
0 0.3126406601650413 0.17325 0.07539384846211553 0.0965
0 0.3265191297824456 0.26175 0.0671417854463616 0.0855
0 0.38484621155288823 0.3235 0.06601650412603151 0.088
0 0.3876594148537134 0.23 0.0641410352588147 0.099
0 0.3765941485371343 0.125 0.06526631657914479 0.096
0 0.3570892723180795 0.0435 0.06601650412603151 0.087
0 0.4189797449362341 0.0515 0.07051762940735183 0.103
0 0.4602400600150037 0.17125 0.060765191297824456 0.0905
0 0.4619279819954989 0.2655 0.0641410352588147 0.093
0 0.5016879219804952 0.33225 0.056639159789947484 0.0845
0 0.4609902475618905 0.3915 0.0622655663915979 0.089
0 0.5058139534883721 0.41875 0.05813953488372093 0.0735
0 0.495873968492123 0.47625 0.05251312828207052 0.0615
0 0.4373593398349587 0.48825 0.060765191297824456 0.0815
0 0.46924231057764443 0.5415 0.060765191297824456 0.071
0 0.49943735933983496 0.60825 0.059639909977494375 0.0745
0 0.5326331582895724 0.5595 0.058514628657164294 0.071
0 0.5654538634658665 0.6035 0.05813953488372093 0.058
0 0.586271567891973 0.53225 0.05251312828207052 0.0675
0 0.5695798949737434 0.67 0.055138784696174045 0.065
0 0.5568267066766691 0.7245 0.05138784696174044 0.059
0 0.6084021005251313 0.73975 0.051762940735183796 0.0505
0 0.6230307576894224 0.67725 0.04951237809452363 0.0575
0 0.6288447111777945 0.63 0.059639909977494375 0.058
0 0.6785446361590397 0.61925 0.05251312828207052 0.0625
0 0.6442235558889723 0.55825 0.05438859714928732 0.0715
0 0.7019879969992499 0.5565 0.05438859714928732 0.075
0 0.6644786196549137 0.4915 0.06264066016504126 0.077
0 0.6087771942985747 0.4745 0.05776444111027757 0.082
0 0.5607651912978244 0.451 0.05401350337584396 0.081
0 0.5605776444111028 0.37925 0.05888972243060765 0.0865
0 0.623218304576144 0.3955 0.06339084771192798 0.081
0 0.6264066016504126 0.322 0.060765191297824456 0.081
0 0.5455738934733684 0.274 0.06864216054013503 0.088
0 0.5225056264066017 0.2055 0.0622655663915979 0.092
0 0.554576144036009 0.10875 0.0671417854463616 0.0955
0 0.5980870217554388 0.2175 0.059639909977494375 0.083
0 0.6382220555138785 0.13325 0.06939234808702176 0.0985
0 0.6984246061515379 0.21375 0.07051762940735183 0.1035
0 0.7231807951987997 0.3015 0.060765191297824456 0.095
0 0.7561890472618155 0.35525 0.06676669167291822 0.0745
0 0.7961365341335334 0.27875 0.059639909977494375 0.0975
0 0.6839834958739685 0.3625 0.0671417854463616 0.087
0 0.7064891222805701 0.4105 0.059639909977494375 0.077
0 0.7398724681170292 0.4805 0.050637659414853715 0.075
0 0.7856339084771192 0.4 0.056639159789947484 0.082
0 0.8499624906226556 0.33575 0.05701425356339085 0.0895
0 0.8996624156039009 0.3745 0.05888972243060765 0.089
0 0.864403600900225 0.437 0.05888972243060765 0.075
0 0.8117029257314329 0.4865 0.06151537884471118 0.082
0 0.8542760690172543 0.5075 0.04988747186796699 0.076
0 0.8010127531882971 0.55225 0.056639159789947484 0.0715
0 0.7539384846211553 0.59175 0.05701425356339085 0.0675
0 0.755251312828207 0.6645 0.050637659414853715 0.064
0 0.6987996999249813 0.69625 0.04801200300075019 0.0675
0 0.7522505626406601 0.71625 0.055138784696174045 0.0545
0 0.6830457614403601 0.758 0.05776444111027757 0.07
0 0.7548762190547637 0.77375 0.05888972243060765 0.0555
0 0.8124531132783196 0.7885 0.05251312828207052 0.059
0 0.831582895723931 0.718 0.05326331582895724 0.065
0 0.8960990247561891 0.69875 0.0555138784696174 0.0695
0 0.8493998499624906 0.65125 0.059639909977494375 0.0665
0 0.8561515378844711 0.58675 0.055138784696174045 0.0725
0 0.881470367591898 0.6045 0.04426106526631658 0.046
0 0.9186046511627907 0.56625 0.06151537884471118 0.0785
0 0.923668417104276 0.4875 0.061140285071267814 0.073