0 0.3917854463615904 0.22125 0.06339084771192798 0.0775
0 0.4551762940735184 0.22275 0.05588897224306077 0.0845
0 0.40397599399849965 0.29425 0.058514628657164294 0.0685
0 0.46005251312828205 0.30525 0.055138784696174045 0.0665
0 0.4686796699174794 0.369 0.059639909977494375 0.069
0 0.5208177044261065 0.32425 0.0603900975243811 0.0805
0 0.5375093773443361 0.24425 0.06301575393848462 0.0845
0 0.5808327081770442 0.20975 0.05813953488372093 0.0835
0 0.5808327081770442 0.29325 0.050637659414853715 0.0785
0 0.627906976744186 0.3145 0.05251312828207052 0.071
0 0.6663540885221305 0.225 0.06789197299324831 0.077
0 0.7436234058514629 0.2475 0.059639909977494375 0.093
0 0.7211177794448612 0.3275 0.04688672168042011 0.065
0 0.6789197299324832 0.3685 0.04951237809452363 0.075
0 0.8132033008252063 0.328 0.05251312828207052 0.071
0 0.844523630907727 0.383 0.05138784696174044 0.07
0 0.8859714928732183 0.425 0.0622655663915979 0.065
0 0.8932858214553638 0.49575 0.05888972243060765 0.0665
0 0.33664666166541635 0.282 0.050637659414853715 0.083
0 0.2914478619654914 0.3345 0.047261815453863466 0.08
0 0.21849212303075768 0.4045 0.05138784696174044 0.07
0 0.1562265566391598 0.40875 0.0603900975243811 0.0685
0 0.14591147786946737 0.47925 0.03975993998499625 0.0725
0 0.08983495873968492 0.56125 0.05588897224306077 0.0675
0 0.12903225806451613 0.6095 0.051762940735183796 0.06
0 0.14122280570142537 0.57425 0.05438859714928732 0.0625
0 0.19373593398349587 0.5195 0.05438859714928732 0.065
0 0.22955738934733683 0.48225 0.05326331582895724 0.0685
0 0.23405851462865718 0.5675 0.0555138784696174 0.077
0 0.1886721680420105 0.61625 0.06451612903225806 0.0735
0 0.16654163540885222 0.643 0.0450112528132033 0.059
0 0.12771942985746437 0.681 0.05288822205551388 0.065
0 0.1359714928732183 0.723 0.043135783945986494 0.036
0 0.16747936984246062 0.7735 0.043135783945986494 0.065
0 0.1926106526631658 0.708 0.04988747186796699 0.052
0 0.231807951987997 0.66075 0.047261815453863466 0.0595
0 0.21324081020255065 0.77125 0.04988747186796699 0.0525
0 0.21774193548387097 0.8035 0.04838709677419355 0.038
0 0.2528132033008252 0.93 0.05251312828207052 0.063
0 0.28094523630907725 0.8335 0.04426106526631658 0.052
0 0.32708177044261066 0.8535 0.05026256564141035 0.057
0 0.31095273818454616 0.78325 0.05101275318829707 0.0595
0 0.27813203300825207 0.7225 0.047636909227306824 0.055
0 0.30795198799699924 0.69825 0.05101275318829707 0.0625
0 0.34921230307576895 0.71975 0.04351087771942986 0.0625
0 0.272880720180045 0.63225 0.04988747186796699 0.0615
0 0.31976744186046513 0.643 0.047636909227306824 0.066
0 0.2940735183795949 0.5665 0.05101275318829707 0.063
0 0.2923855963990998 0.50125 0.05438859714928732 0.0675
0 0.3058889722430608 0.414 0.043135783945986494 0.063
0 0.3505251312828207 0.37025 0.04913728432108027 0.0605
0 0.35090022505626406 0.437 0.04988747186796699 0.069
0 0.3514628657164291 0.52275 0.05101275318829707 0.0675
0 0.3533383345836459 0.618 0.04801200300075019 0.062
0 0.36702925731432856 0.649 0.0536384096024006 0.055
0 0.40153788447111777 0.7245 0.046136534133533386 0.059
0 0.44317329332333083 0.7355 0.04688672168042011 0.056
0 0.44298574643660915 0.69025 0.05101275318829707 0.0565
0 0.4943735933983496 0.699 0.04426106526631658 0.055
0 0.5003750937734434 0.78175 0.04876219054763691 0.0575
0 0.4472993248312078 0.7975 0.04013503375843961 0.055
0 0.40341335333833456 0.78875 0.050637659414853715 0.0555
0 0.4204801200300075 0.83325 0.047261815453863466 0.0515
0 0.5371342835708928 0.71125 0.04051012753188297 0.0575
0 0.4079144786196549 0.625 0.050637659414853715 0.048
0 0.4472993248312078 0.5915 0.04988747186796699 0.057
0 0.4013503375843961 0.55575 0.051762940735183796 0.0585
0 0.39047261815453865 0.513 0.05251312828207052 0.065
0 0.44298574643660915 0.51875 0.04951237809452363 0.0585
0 0.3966616654163541 0.3665 0.0536384096024006 0.072
0 0.4307951987996999 0.4355 0.06264066016504126 0.079
0 0.47918229557389347 0.454 0.05438859714928732 0.074
0 0.49174793698424607 0.52075 0.051762940735183796 0.0715
0 0.5071267816954238 0.578 0.04276069017254314 0.057
0 0.5262565641410353 0.636 0.056264066016504126 0.062
0 0.5735183795948987 0.67 0.051762940735183796 0.058
0 0.5982745686421606 0.6665 0.024006001500375095 0.057
0 0.6406601650412603 0.69 0.05326331582895724 0.055
0 0.6656039009752438 0.72425 0.046136534133533386 0.0585
0 0.6794823705926482 0.65175 0.0536384096024006 0.0605
0 0.7336834208552138 0.71575 0.0555138784696174 0.0575
0 0.7638784696174044 0.6785 0.041635408852213056 0.06
0 0.7291822955738935 0.6355 0.047261815453863466 0.06
0 0.7171792948237059 0.57825 0.05251312828207052 0.0505
0 0.6517254313578394 0.57225 0.05138784696174044 0.0605
0 0.6117779444861215 0.614 0.04801200300075019 0.061
0 0.5641410352588146 0.6095 0.04426106526631658 0.061
0 0.5481995498874719 0.55075 0.041635408852213056 0.0615
0 0.6007126781695424 0.553 0.047636909227306824 0.051
0 0.5326331582895724 0.492 0.05476369092273068 0.067
0 0.5806451612903226 0.454 0.058514628657164294 0.06
0 0.5860840210052514 0.4985 0.041635408852213056 0.063
0 0.626781695423856 0.483 0.047261815453863466 0.056
0 0.6241560390097525 0.44 0.04801200300075019 0.061
0 0.5300075018754689 0.42475 0.05251312828207052 0.0615
0 0.5772693173293323 0.36825 0.05401350337584396 0.0705
0 0.687171792948237 0.4675 0.058514628657164294 0.07
0 0.6877344336084021 0.50925 0.0536384096024006 0.0505
0 0.7612528132033008 0.39375 0.061890472618154536 0.0765
0 0.799324831207802 0.437 0.05101275318829707 0.064
0 0.7528132033008252 0.464 0.0450112528132033 0.072
0 0.7880720180045011 0.4825 0.03975993998499625 0.053
0 0.7580645161290323 0.531 0.05101275318829707 0.06
0 0.7987621905476369 0.53825 0.04538634658664666 0.0625
0 0.8402100525131283 0.5205 0.04801200300075019 0.062
0 0.8878469617404351 0.57675 0.04801200300075019 0.0625
0 0.836271567891973 0.59275 0.05138784696174044 0.0625
0 0.8675918979744937 0.639 0.04351087771942986 0.053
0 0.8297074268567142 0.66725 0.04876219054763691 0.0655
0 0.781695423855964 0.61375 0.046511627906976744 0.0585