0 0.03507126781695424 0.5955 0.02288072018004501 0.039
0 0.06001500375093773 0.6155 0.02700675168792198 0.038
0 0.07670667666916729 0.66975 0.02138034508627157 0.0425
0 0.09696174043510877 0.688 0.028132033008252063 0.035
0 0.1005251312828207 0.71875 0.03150787696924231 0.0335
0 0.11646661665416354 0.74475 0.028882220555138786 0.0395
0 0.1389722430607652 0.74075 0.028882220555138786 0.0445
0 0.12565641410352588 0.686 0.028507126781695424 0.039
0 0.08439609902475619 0.5965 0.033008252063015754 0.04
0 0.06432858214553638 0.5725 0.025131282820705175 0.033
0 0.09039759939984997 0.5555 0.03375843960990248 0.045
0 0.07314328582145536 0.52075 0.029257314328582147 0.0365
0 0.05701425356339085 0.4735 0.029257314328582147 0.039
0 0.09939984996249063 0.4605 0.02700675168792198 0.041
0 0.10596399099774943 0.50525 0.03188297074268567 0.0395
0 0.13090772693173294 0.509 0.03075768942235559 0.041
0 0.1447861965491373 0.5565 0.0345086271567892 0.045
0 0.13053263315828958 0.548 0.0172543135783946 0.036
0 0.13240810202550637 0.58925 0.02700675168792198 0.0395
0 0.14703675918979744 0.6325 0.02625656414103526 0.043
0 0.1704801200300075 0.62725 0.028132033008252063 0.0475
0 0.16504126031507876 0.59325 0.0345086271567892 0.0285
0 0.18717179294823705 0.57025 0.029257314328582147 0.0435
0 0.1839834958739685 0.5235 0.03563390847711928 0.044
0 0.16072768192048012 0.489 0.032633158289572396 0.037
0 0.1350337584396099 0.47 0.02625656414103526 0.032
0 0.12996999249812452 0.43375 0.028132033008252063 0.0455
0 0.10408852213053263 0.401 0.032633158289572396 0.04
0 0.0918979744936234 0.35975 0.03375843960990248 0.0445
0 0.145536384096024 0.39125 0.01800450112528132 0.0405
0 0.16316579144786197 0.402 0.03150787696924231 0.042
0 0.1697299324831208 0.4425 0.028132033008252063 0.043
0 0.21867966991747936 0.45 0.029257314328582147 0.044
0 0.24174793698424607 0.47425 0.029632408102025505 0.0435
0 0.21530382595648911 0.496 0.030007501875468866 0.047
0 0.22993248312078018 0.55675 0.02700675168792198 0.0475
0 0.22393098274568643 0.615 0.03075768942235559 0.045
0 0.20630157539384847 0.662 0.02700675168792198 0.047
0 0.23893473368342086 0.64625 0.02625656414103526 0.0455
0 0.2569392348087022 0.6615 0.028507126781695424 0.042
0 0.21867966991747936 0.6995 0.02700675168792198 0.045
0 0.2423105776444111 0.69275 0.03600900225056264 0.0425
0 0.2798199549887472 0.63175 0.03150787696924231 0.0455
0 0.24193548387096775 0.72525 0.029257314328582147 0.0335
0 0.17873218304576144 0.76775 0.029632408102025505 0.0385
0 0.20555138784696175 0.754 0.028507126781695424 0.048
0 0.20855213803450862 0.774 0.0277569392348087 0.026
0 0.23912228057014254 0.787 0.030382595648912228 0.043
0 0.2846961740435109 0.79975 0.0277569392348087 0.0515
0 0.2931357839459865 0.72875 0.037134283570892726 0.0365
0 0.2914478619654914 0.7475 0.03150787696924231 0.025
0 0.2856339084771193 0.679 0.028132033008252063 0.04
0 0.3038259564891223 0.65625 0.024756189047261814 0.0375
0 0.2576894223555889 0.5715 0.019504876219054765 0.043
0 0.2779444861215304 0.60425 0.028507126781695424 0.0295
0 0.27813203300825207 0.57425 0.036384096024006 0.0465
0 0.2678169542385596 0.53575 0.0277569392348087 0.0455
0 0.2820705176294073 0.5175 0.029257314328582147 0.043
0 0.2726931732933233 0.48075 0.03075768942235559 0.0435
0 0.2518754688672168 0.43925 0.02138034508627157 0.0395
0 0.26406601650412603 0.43375 0.029257314328582147 0.0485
0 0.20123780945236308 0.418 0.02288072018004501 0.04
0 0.22093023255813954 0.3985 0.030007501875468866 0.046
0 0.259377344336084 0.39075 0.030382595648912228 0.0425
0 0.29951237809452363 0.40025 0.02738184546136534 0.0525
0 0.17573143285821455 0.36325 0.02663165791447862 0.0425
0 0.20236309077269318 0.3785 0.02663165791447862 0.034
0 0.18079519879969994 0.32525 0.024006001500375095 0.0395
0 0.19767441860465115 0.34225 0.02700675168792198 0.0445
0 0.23105776444111029 0.359 0.0277569392348087 0.046
0 0.19786196549137283 0.29875 0.03113278319579895 0.0435
0 0.21774193548387097 0.2645 0.03938484621155289 0.048
0 0.24249812453113279 0.3155 0.028132033008252063 0.044
0 0.2747561890472618 0.31625 0.03488372093023256 0.0445
0 0.2702550637659415 0.35575 0.037134283570892726 0.0375
0 0.07970742685671418 0.43975 0.02288072018004501 0.0435
0 0.2702550637659415 0.25775 0.030382595648912228 0.0465
0 0.29369842460615153 0.2385 0.03225806451612903 0.044
0 0.3107651912978245 0.20175 0.036384096024006 0.0495
0 0.31564141035258814 0.25925 0.024381095273818456 0.0555
0 0.3430232558139535 0.26275 0.043135783945986494 0.0575
0 0.34602400600150035 0.219 0.03338334583645911 0.051
0 0.3722805701425356 0.208 0.029632408102025505 0.053
0 0.396099024756189 0.23725 0.0345086271567892 0.0525
0 0.38372093023255816 0.28475 0.035258814703675916 0.0495
0 0.41429107276819205 0.2715 0.03788447111777944 0.058
0 0.3126406601650413 0.315 0.04013503375843961 0.049
0 0.30776444111027756 0.34825 0.03788447111777944 0.0385
0 0.32314328582145535 0.38375 0.03488372093023256 0.0425
0 0.3448987246811703 0.34925 0.032633158289572396 0.0485
0 0.43210802700675166 0.32725 0.03675918979744936 0.0455
0 0.36440360090022506 0.3305 0.032633158289572396 0.054
0 0.3983495873968492 0.34075 0.0345086271567892 0.0465
0 0.35783945986496624 0.4 0.03225806451612903 0.047
0 0.39122280570142537 0.38425 0.0450112528132033 0.0465
0 0.4281695423855964 0.3695 0.04013503375843961 0.05
0 0.46136534133533386 0.3465 0.04051012753188297 0.052
0 0.340960240060015 0.4285 0.033008252063015754 0.037
0 0.3150787696924231 0.455 0.0345086271567892 0.038
0 0.34527381845461363 0.46525 0.028882220555138786 0.0415
0 0.3675918979744936 0.446 0.037509377344336084 0.045
0 0.40566391597899476 0.42575 0.036384096024006 0.0495
0 0.3124531132783196 0.50425 0.03675918979744936 0.0515
0 0.3313953488372093 0.5255 0.03563390847711928 0.044
0 0.32033008252063017 0.53875 0.030007501875468866 0.0415
0 0.36534133533383345 0.5305 0.033008252063015754 0.046
0 0.37490622655663913 0.48675 0.037134283570892726 0.0495
0 0.40097524381095273 0.51675 0.033008252063015754 0.0445
0 0.35877719429857463 0.5705 0.03563390847711928 0.038
0 0.39403600900225055 0.56325 0.036384096024006 0.0475
0 0.3313953488372093 0.61325 0.030382595648912228 0.0465
0 0.3418979744936234 0.6455 0.032633158289572396 0.05
0 0.3623405851462866 0.62 0.0345086271567892 0.055
0 0.3962865716429107 0.60625 0.030382595648912228 0.0455
0 0.39216054013503376 0.65475 0.03563390847711928 0.0485
0 0.32614403600900227 0.68725 0.03488372093023256 0.0425
0 0.3435858964741185 0.727 0.02700675168792198 0.047
0 0.36459114778694673 0.7365 0.03675918979744936 0.045
0 0.36384096024006 0.76075 0.030007501875468866 0.0395
0 0.3824081020255064 0.79225 0.030382595648912228 0.0445
0 0.31807951987997 0.77475 0.0345086271567892 0.0345
0 0.3034508627156789 0.78675 0.030007501875468866 0.0325
0 0.3225806451612903 0.81325 0.035258814703675916 0.0385
0 0.345648912228057 0.8445 0.029632408102025505 0.041
0 0.349774943735934 0.797 0.03488372093023256 0.034
0 0.382033008252063 0.836 0.029632408102025505 0.039
0 0.39891222805701426 0.85775 0.023630907726931733 0.0345
0 0.41710427606901723 0.89475 0.033008252063015754 0.0435
0 0.44317329332333083 0.907 0.030382595648912228 0.042
0 0.42273068267066766 0.833 0.03225806451612903 0.041
0 0.4508627156789197 0.84925 0.0277569392348087 0.0455
0 0.47505626406601653 0.88075 0.034133533383345835 0.0445
0 0.4739309827456864 0.91175 0.030382595648912228 0.0415
0 0.5067516879219804 0.895 0.028507126781695424 0.041
0 0.5148162040510128 0.87025 0.025881470367591898 0.0475
0 0.509939984996249 0.83075 0.03938484621155289 0.0415
0 0.4608027006751688 0.82075 0.025131282820705175 0.0455
0 0.4769317329332333 0.808 0.03338334583645911 0.047
0 0.44786196549137286 0.77 0.035258814703675916 0.047
0 0.41616654163540884 0.72625 0.032633158289572396 0.0405
0 0.44898724681170293 0.72075 0.03225806451612903 0.0405
0 0.38653413353338334 0.6815 0.03488372093023256 0.042
0 0.4195423855963991 0.684 0.030382595648912228 0.044
0 0.4493623405851463 0.6785 0.028507126781695424 0.051
0 0.46155288822205554 0.666 0.034133533383345835 0.046
0 0.48199549887471865 0.692 0.029257314328582147 0.049
0 0.48012003000750186 0.73525 0.03075768942235559 0.0475
0 0.49868717179294825 0.76675 0.03488372093023256 0.0405
0 0.5093773443360841 0.72275 0.03900975243810953 0.0585
0 0.52344336084021 0.76225 0.036384096024006 0.0425
0 0.5343210802700675 0.80275 0.032633158289572396 0.0475
0 0.4433608402100525 0.62925 0.03150787696924231 0.0425
0 0.42666916729182297 0.58275 0.030382595648912228 0.0475
0 0.4444861215303826 0.5465 0.030007501875468866 0.047
0 0.45930232558139533 0.6005 0.03338334583645911 0.048
0 0.49099774943735935 0.621 0.03075768942235559 0.052
0 0.5118154538634658 0.607 0.03788447111777944 0.048
0 0.47336834208552137 0.5535 0.029257314328582147 0.043
0 0.49699924981245314 0.56375 0.028507126781695424 0.0525
0 0.5311327831957989 0.56925 0.04426106526631658 0.0565
0 0.45573893473368343 0.50525 0.03150787696924231 0.0495
0 0.4840585146286572 0.5015 0.03113278319579895 0.048
0 0.5200675168792198 0.5225 0.03563390847711928 0.05
0 0.4386721680420105 0.467 0.024381095273818456 0.048
0 0.4424231057764441 0.4195 0.030382595648912228 0.052
0 0.4628657164291073 0.44725 0.03675918979744936 0.0455
0 0.4696174043510878 0.40025 0.03375843960990248 0.0535
0 0.5091897974493623 0.42275 0.041635408852213056 0.0455
0 0.5226931732933233 0.4705 0.032633158289572396 0.047
0 0.47074268567141786 0.298 0.042010502625656414 0.047
0 0.5 0.3335 0.035258814703675916 0.05
0 0.4553638409602401 0.2525 0.04276069017254314 0.049
0 0.4262940735183796 0.1995 0.038634658664666165 0.057
0 0.40378844711177797 0.16325 0.03563390847711928 0.0515
0 0.42029257314328583 0.119 0.028882220555138786 0.049
0 0.44129782445611404 0.14925 0.036384096024006 0.0535
0 0.4579894973743436 0.096 0.04126031507876969 0.052
0 0.49006001500375096 0.1345 0.043135783945986494 0.046
0 0.4992498124531133 0.17925 0.03825956489122281 0.0545
0 0.4722430607651913 0.1935 0.035258814703675916 0.057
0 0.5466991747936985 0.09525 0.04088522130532633 0.0555
0 0.5033758439609902 0.24425 0.051762940735183796 0.0545
0 0.5191297824456114 0.29025 0.0450112528132033 0.0495
0 0.5935858964741185 0.107 0.03788447111777944 0.051
0 0.5500750187546887 0.16625 0.038634658664666165 0.0455
0 0.5630157539384846 0.20225 0.04126031507876969 0.0535
0 0.5903975993998499 0.17 0.03825956489122281 0.057
0 0.6344711177794449 0.19525 0.03563390847711928 0.0575
0 0.6157164291072769 0.2445 0.04013503375843961 0.056
0 0.5733308327081771 0.2635 0.03938484621155289 0.059
0 0.6440360090022506 0.281 0.03825956489122281 0.053
0 0.6916729182295573 0.26225 0.042010502625656414 0.0575
0 0.5390097524381096 0.341 0.04126031507876969 0.057
0 0.5701425356339085 0.3505 0.033008252063015754 0.058
0 0.6037134283570893 0.35125 0.04538634658664666 0.0525
0 0.6526631657914479 0.33675 0.033008252063015754 0.0545
0 0.6866091522880721 0.3125 0.038634658664666165 0.059
0 0.5414478619654913 0.3905 0.03488372093023256 0.053
0 0.5744561140285072 0.402 0.03938484621155289 0.053
0 0.5611402850712678 0.44325 0.0277569392348087 0.0455
0 0.5519504876219055 0.49175 0.038634658664666165 0.0505
0 0.581020255063766 0.551 0.035258814703675916 0.049
0 0.5920855213803451 0.50275 0.041635408852213056 0.0535
0 0.6016504126031508 0.4665 0.03600900225056264 0.053
0 0.641972993248312 0.48 0.041635408852213056 0.055
0 0.6130907726931732 0.396 0.04013503375843961 0.039
0 0.6500375093773444 0.416 0.047261815453863466 0.063
0 0.6866091522880721 0.389 0.04388597149287322 0.057
0 0.6851087771942985 0.45325 0.043135783945986494 0.0605
0 0.6924231057764441 0.49375 0.04426106526631658 0.0455
0 0.6506001500375094 0.52525 0.046136534133533386 0.0535
0 0.6187171792948237 0.553 0.037134283570892726 0.056
0 0.5667666916729183 0.61125 0.03375843960990248 0.0575
0 0.527569392348087 0.64625 0.03938484621155289 0.0415
0 0.542198049512378 0.689 0.043135783945986494 0.048
0 0.5607651912978244 0.73325 0.03375843960990248 0.0475
0 0.596211552888222 0.74525 0.037134283570892726 0.0465
0 0.5647036759189797 0.83775 0.03188297074268567 0.0415
0 0.5776444111027756 0.81975 0.04126031507876969 0.0465
0 0.5885221305326331 0.87825 0.03600900225056264 0.0465
0 0.5268192048012003 0.929 0.030382595648912228 0.044
0 0.5566391597899475 0.9435 0.03225806451612903 0.037
0 0.6072768192048013 0.83075 0.035258814703675916 0.0405
0 0.6425356339084771 0.83375 0.03675918979744936 0.0455
0 0.6794823705926482 0.801 0.03338334583645911 0.042
0 0.6464741185296324 0.75225 0.03563390847711928 0.0465
0 0.6828582145536384 0.759 0.036384096024006 0.051
0 0.705926481620405 0.73075 0.03825956489122281 0.0465
0 0.6629782445611403 0.701 0.04088522130532633 0.035
0 0.5791447861965492 0.69325 0.03900975243810953 0.0485
0 0.6084021005251313 0.6565 0.04126031507876969 0.05
0 0.6295948987246812 0.67575 0.029632408102025505 0.0465
0 0.6562265566391597 0.6675 0.04088522130532633 0.045
0 0.6929857464366092 0.6345 0.038634658664666165 0.051
0 0.6258439609902475 0.61325 0.03788447111777944 0.0555
0 0.6607276819204801 0.61 0.03788447111777944 0.05
0 0.6714178544636159 0.5685 0.04426106526631658 0.057
0 0.7139909977494373 0.5575 0.037134283570892726 0.049
0 0.7481245311327832 0.57725 0.03938484621155289 0.0515
0 0.77344336084021 0.64575 0.04276069017254314 0.0585
0 0.7644411102775694 0.7275 0.04051012753188297 0.05
0 0.799324831207802 0.661 0.037509377344336084 0.047
0 0.8285821455363841 0.62525 0.04126031507876969 0.0515
0 0.8051387846961741 0.5855 0.038634658664666165 0.054
0 0.77231807951988 0.54225 0.04426106526631658 0.0425
0 0.818642160540135 0.548 0.043135783945986494 0.055
0 0.7349962490622656 0.4995 0.041635408852213056 0.057
0 0.7758814703675919 0.49675 0.034133533383345835 0.0615
0 0.8122655663915979 0.4865 0.04238559639909977 0.046
0 0.8008252063015754 0.44075 0.04426106526631658 0.0525
0 0.7454988747186797 0.45475 0.04388597149287322 0.0535
0 0.7153038259564891 0.41775 0.03975993998499625 0.0495
0 0.7106151537884471 0.3515 0.04013503375843961 0.047
0 0.7616279069767442 0.3745 0.046136534133533386 0.053
0 0.7721305326331583 0.3265 0.037134283570892726 0.053
0 0.7203675918979745 0.304 0.038634658664666165 0.058
0 0.7539384846211553 0.281 0.05026256564141035 0.053
0 0.755251312828207 0.787 0.04013503375843961 0.047
0 0.8021380345086272 0.81625 0.04388597149287322 0.0525
0 0.16260315078769694 0.68025 0.023630907726931733 0.0415
0 0.20180045011252815 0.695 0.024006001500375095 0.038