0 0.04538634658664666 0.36225 0.0450112528132033 0.0515
0 0.08627156789197299 0.3695 0.033008252063015754 0.053
0 0.12059264816204052 0.3725 0.03938484621155289 0.046
0 0.11609152288072018 0.32325 0.04013503375843961 0.0465
0 0.1886721680420105 0.28275 0.0345086271567892 0.0585
0 0.2490622655663916 0.29075 0.04126031507876969 0.0505
0 0.27813203300825207 0.26125 0.038634658664666165 0.0465
0 0.313953488372093 0.27125 0.037509377344336084 0.0555
0 0.34321080270067517 0.24275 0.03075768942235559 0.0535
0 0.3689047261815454 0.21775 0.03788447111777944 0.0555
0 0.11534133533383346 0.42175 0.03563390847711928 0.0445
0 0.07483120780195049 0.47725 0.041635408852213056 0.0445
0 0.1329707426856714 0.44775 0.03788447111777944 0.0445
0 0.1352213053263316 0.48875 0.04688672168042011 0.0415
0 0.122655663915979 0.52875 0.037509377344336084 0.0475
0 0.14009752438109527 0.60025 0.036384096024006 0.0475
0 0.1399099774943736 0.6735 0.04051012753188297 0.045
0 0.16241560390097523 0.723 0.03900975243810953 0.046
0 0.2115528882220555 0.75075 0.03375843960990248 0.0505
0 0.23124531132783196 0.79275 0.03113278319579895 0.0435
0 0.26500375093773443 0.801 0.037134283570892726 0.046
0 0.29538634658664664 0.78425 0.03788447111777944 0.0405
0 0.2670667666916729 0.719 0.037509377344336084 0.038
0 0.2683795948987247 0.68875 0.04088522130532633 0.0405
0 0.18529632408102026 0.64475 0.0345086271567892 0.0505
0 0.21305326331582897 0.6615 0.035258814703675916 0.047
0 0.24437359339834958 0.649 0.034133533383345835 0.049
0 0.21980495123780946 0.611 0.04126031507876969 0.058
0 0.195423855963991 0.57975 0.03675918979744936 0.0445
0 0.195423855963991 0.53175 0.03975993998499625 0.0515
0 0.16879219804951237 0.5165 0.0345086271567892 0.046
0 0.1704801200300075 0.46825 0.029632408102025505 0.0535
0 0.1753563390847712 0.41525 0.03563390847711928 0.0495
0 0.19692423105776444 0.4645 0.03675918979744936 0.051
0 0.21099024756189047 0.4235 0.036384096024006 0.055
0 0.2154913728432108 0.36775 0.037134283570892726 0.0535
0 0.25525131282820707 0.411 0.03788447111777944 0.047
0 0.23293323330832708 0.3265 0.03150787696924231 0.049
0 0.26106526631657917 0.3295 0.03600900225056264 0.048
0 0.2556264066016504 0.36525 0.03188297074268567 0.0445
0 0.28844711177794446 0.36875 0.037509377344336084 0.0465
0 0.29163540885221306 0.42125 0.03488372093023256 0.0465
0 0.23799699924981246 0.46875 0.03938484621155289 0.0435
0 0.27719429857464367 0.4575 0.03600900225056264 0.043
0 0.24512378094523632 0.5235 0.037134283570892726 0.049
0 0.2815078769692423 0.52075 0.03563390847711928 0.0445
0 0.26800450112528135 0.559 0.03788447111777944 0.05
0 0.26312828207051764 0.6095 0.04013503375843961 0.052
0 0.2996999249812453 0.60025 0.03600900225056264 0.0585
0 0.3090772693173293 0.54975 0.03675918979744936 0.0405
0 0.31639159789947485 0.497 0.034133533383345835 0.045
0 0.32970742685671417 0.45025 0.037509377344336084 0.0425
0 0.32558139534883723 0.39675 0.037509377344336084 0.0445
0 0.32895723930982745 0.35025 0.0345086271567892 0.0505
0 0.35427606901725434 0.36775 0.03338334583645911 0.0505
0 0.3754688672168042 0.4045 0.037509377344336084 0.045
0 0.39047261815453865 0.377 0.03825956489122281 0.055
0 0.3381470367591898 0.3085 0.04238559639909977 0.053
0 0.3707801950487622 0.319 0.03563390847711928 0.055
0 0.40472618154538637 0.33575 0.03975993998499625 0.0565
0 0.37621905476369094 0.26825 0.03825956489122281 0.0425
0 0.4118529632408102 0.282 0.03225806451612903 0.046
0 0.4167291822955739 0.23875 0.03375843960990248 0.0515
0 0.44298574643660915 0.2015 0.0345086271567892 0.052
0 0.4540510127531883 0.257 0.036384096024006 0.051
0 0.4881845461365341 0.267 0.03338334583645911 0.053
0 0.5123780945236309 0.21925 0.033008252063015754 0.0455
0 0.5172543135783946 0.27225 0.030007501875468866 0.0525
0 0.47243060765191297 0.31675 0.041635408852213056 0.0525
0 0.5033758439609902 0.309 0.033008252063015754 0.045
0 0.4474868717179295 0.35075 0.035258814703675916 0.0475
0 0.4281695423855964 0.39675 0.03938484621155289 0.0485
0 0.48874718679669915 0.348 0.0345086271567892 0.045
0 0.504688672168042 0.3845 0.03488372093023256 0.049
0 0.4748687171792948 0.40725 0.03675918979744936 0.0535
0 0.45067516879219804 0.428 0.03338334583645911 0.053
0 0.4122280570142536 0.43675 0.03825956489122281 0.0415
0 0.4274193548387097 0.47325 0.038634658664666165 0.0505
0 0.3782820705176294 0.45025 0.036384096024006 0.0455
0 0.34996249062265566 0.48975 0.033008252063015754 0.0495
0 0.3840960240060015 0.5 0.03900975243810953 0.051
0 0.41785446361590395 0.52275 0.03900975243810953 0.0425
0 0.3463990997749437 0.544 0.029632408102025505 0.052
0 0.3745311327831958 0.55025 0.03338334583645911 0.0465
0 0.29182295573893474 0.632 0.0345086271567892 0.042
0 0.31451612903225806 0.6655 0.037134283570892726 0.045
0 0.3150787696924231 0.70775 0.03975993998499625 0.0425
0 0.2970742685671418 0.8045 0.0345086271567892 0.032
0 0.35090022505626406 0.7905 0.03788447111777944 0.05
0 0.37621905476369094 0.85325 0.03675918979744936 0.0425
0 0.4088522130532633 0.8575 0.03225806451612903 0.056
0 0.4109152288072018 0.81 0.03563390847711928 0.043
0 0.36459114778694673 0.746 0.03375843960990248 0.042
0 0.35108777194298574 0.71225 0.03375843960990248 0.0415
0 0.3962865716429107 0.766 0.036384096024006 0.05
0 0.4291072768192048 0.7645 0.03825956489122281 0.045
0 0.43810952738184544 0.801 0.0345086271567892 0.044
0 0.39722430607651915 0.71925 0.03375843960990248 0.0435
0 0.3319579894973743 0.62925 0.030007501875468866 0.0455
0 0.36252813203300827 0.65275 0.03563390847711928 0.0475
0 0.35783945986496624 0.61375 0.03675918979744936 0.0415
0 0.40172543135783945 0.59175 0.03600900225056264 0.0425
0 0.4105401350337584 0.65025 0.036384096024006 0.0445
0 0.4253563390847712 0.56825 0.03825956489122281 0.0485
0 0.44486121530382594 0.59925 0.03675918979744936 0.0505
0 0.4426106526631658 0.64725 0.03675918979744936 0.0555
0 0.44992498124531133 0.882 0.03338334583645911 0.045
0 0.45236309077269315 0.82925 0.03150787696924231 0.0455
0 0.47843210802700675 0.8645 0.037134283570892726 0.044
0 0.5071267816954238 0.91725 0.04126031507876969 0.0435
0 0.5161290322580645 0.85425 0.035258814703675916 0.0465
0 0.48330832708177046 0.82 0.03338334583645911 0.046
0 0.5001875468867217 0.778 0.036384096024006 0.045
0 0.4617404351087772 0.74875 0.03600900225056264 0.0365
0 0.440735183795949 0.703 0.033008252063015754 0.046
0 0.47655663915978996 0.707 0.038634658664666165 0.048
0 0.5105026256564141 0.69525 0.03150787696924231 0.0425
0 0.5172543135783946 0.726 0.0345086271567892 0.04
0 0.47561890472618157 0.654 0.035258814703675916 0.043
0 0.5245686421605401 0.65075 0.03338334583645911 0.0465
0 0.5412603150787697 0.6575 0.028507126781695424 0.048
0 0.4913728432108027 0.59875 0.03900975243810953 0.0335
0 0.46136534133533386 0.56075 0.04051012753188297 0.0395
0 0.49774943735933985 0.5635 0.028507126781695424 0.05
0 0.5320705176294074 0.58925 0.041635408852213056 0.0405
0 0.5300075018754689 0.5415 0.03675918979744936 0.041
0 0.46980495123780946 0.50675 0.03488372093023256 0.0475
0 0.5022505626406601 0.488 0.03900975243810953 0.04
0 0.4806826706676669 0.45175 0.03338334583645911 0.0405
0 0.5031882970742686 0.4235 0.03188297074268567 0.04
0 0.5307576894223556 0.45025 0.03375843960990248 0.0405
0 0.5570142535633908 0.232 0.03600900225056264 0.054
0 0.5695798949737434 0.19725 0.032633158289572396 0.0535
0 0.6018379594898725 0.2005 0.032633158289572396 0.04
0 0.6331582895723931 0.181 0.0345086271567892 0.05
0 0.5990247561890473 0.25825 0.03675918979744936 0.0485
0 0.5393848462115529 0.3095 0.035258814703675916 0.049
0 0.5733308327081771 0.3015 0.03338334583645911 0.05
0 0.5346961740435109 0.356 0.03938484621155289 0.048
0 0.5466991747936985 0.4115 0.04088522130532633 0.048
0 0.5590772693173294 0.493 0.037134283570892726 0.039
0 0.5590772693173294 0.545 0.03113278319579895 0.042
0 0.5605776444111028 0.6045 0.029632408102025505 0.048
0 0.5828957239309828 0.625 0.035258814703675916 0.046
0 0.5716429107276819 0.69975 0.03225806451612903 0.0485
0 0.5326331582895724 0.7745 0.03375843960990248 0.042
0 0.5572018004501126 0.74775 0.034133533383345835 0.0435
0 0.558702175543886 0.79 0.034133533383345835 0.044
0 0.5444486121530383 0.83325 0.03563390847711928 0.0425
0 0.5391972993248312 0.8695 0.03488372093023256 0.036
0 0.572205551387847 0.88225 0.03338334583645911 0.0385
0 0.5624531132783196 0.926 0.029632408102025505 0.045
0 0.5990247561890473 0.889 0.0345086271567892 0.031
0 0.5903975993998499 0.82675 0.03675918979744936 0.0455
0 0.6003375843960991 0.8395 0.028132033008252063 0.031
0 0.618529632408102 0.84775 0.02700675168792198 0.0405
0 0.6110277569392348 0.8 0.029257314328582147 0.048
0 0.6275318829707427 0.797 0.012753188297074268 0.039
0 0.5819579894973743 0.75775 0.029632408102025505 0.0465
0 0.6110277569392348 0.7505 0.03075768942235559 0.039
0 0.6177794448612153 0.71375 0.035258814703675916 0.0385
0 0.645536384096024 0.689 0.03600900225056264 0.043
0 0.6404726181545386 0.72525 0.03113278319579895 0.0395
0 0.6498499624906227 0.74875 0.03488372093023256 0.0435
0 0.6145911477869468 0.63 0.03113278319579895 0.047
0 0.5918979744936234 0.58775 0.0345086271567892 0.0355
0 0.6303450862715679 0.589 0.03488372093023256 0.048
0 0.5911477869467366 0.52575 0.03675918979744936 0.0395
0 0.6204051012753188 0.5395 0.03375843960990248 0.045
0 0.6521005251312828 0.538 0.030382595648912228 0.048
0 0.5952738184546137 0.478 0.033008252063015754 0.044
0 0.6271567891972993 0.49625 0.03375843960990248 0.0445
0 0.5838334583645911 0.43125 0.03563390847711928 0.0425
0 0.5783945986496624 0.391 0.03600900225056264 0.042
0 0.5716429107276819 0.35025 0.03600900225056264 0.0485
0 0.6033383345836459 0.35775 0.032633158289572396 0.0455
0 0.6076519129782446 0.30725 0.0345086271567892 0.0535
0 0.6324081020255063 0.22975 0.03825956489122281 0.0515
0 0.6674793698424606 0.15975 0.034133533383345835 0.0525
0 0.6702925731432858 0.2135 0.035258814703675916 0.049
0 0.6430982745686422 0.27575 0.038634658664666165 0.0505
0 0.6826706676669168 0.2825 0.033008252063015754 0.039
0 0.6309077269317329 0.35 0.03075768942235559 0.04
0 0.6569767441860465 0.33 0.03188297074268567 0.048
0 0.6123405851462865 0.40375 0.03563390847711928 0.0455
0 0.6235933983495874 0.44075 0.03788447111777944 0.0485
0 0.6562265566391597 0.485 0.03788447111777944 0.046
0 0.6571642910727682 0.437 0.0345086271567892 0.049
0 0.6899849962490623 0.45225 0.036384096024006 0.0415
0 0.6941110277569392 0.4065 0.04088522130532633 0.047
0 0.6485371342835708 0.3865 0.037509377344336084 0.046
0 0.6712303075768942 0.3705 0.04013503375843961 0.049
0 0.7244936234058514 0.381 0.03788447111777944 0.042
0 0.7083645911477869 0.31325 0.03488372093023256 0.0495
0 0.7314328582145536 0.34075 0.030007501875468866 0.0455
0 0.753563390847712 0.31725 0.03600900225056264 0.0465
0 0.7595648912228057 0.35925 0.029257314328582147 0.0435
0 0.7085521380345087 0.25425 0.03600900225056264 0.0475
0 0.7156789197299325 0.2105 0.03675918979744936 0.047
0 0.7438109527381845 0.18 0.03375843960990248 0.049
0 0.741185296324081 0.24275 0.03375843960990248 0.0445
0 0.7771942985746436 0.21125 0.03975993998499625 0.0445
0 0.7875093773443361 0.254 0.03563390847711928 0.044
0 0.7901350337584396 0.297 0.03338334583645911 0.047
0 0.7891972993248312 0.351 0.03675918979744936 0.044
0 0.8208927231807952 0.352 0.028882220555138786 0.049
0 0.8630907726931732 0.3635 0.03600900225056264 0.048
0 0.8730307576894224 0.3215 0.03563390847711928 0.043
0 0.8552138034508627 0.23625 0.0345086271567892 0.0485
0 0.8668417104276069 0.26575 0.03675918979744936 0.0485
0 0.9017254313578394 0.27325 0.03375843960990248 0.0505
0 0.8878469617404351 0.3505 0.03150787696924231 0.042
0 0.9266691672918229 0.37975 0.034133533383345835 0.0455
0 0.7327456864216054 0.426 0.036384096024006 0.051
0 0.7676294073518379 0.4045 0.03788447111777944 0.047
0 0.7916354088522131 0.38975 0.03338334583645911 0.0395
0 0.745311327831958 0.47725 0.03600900225056264 0.0445
0 0.6858589647411854 0.51225 0.037134283570892726 0.0405
0 0.713053263315829 0.522 0.0277569392348087 0.042
0 0.741185296324081 0.521 0.03075768942235559 0.04
0 0.6897974493623406 0.55575 0.03225806451612903 0.0465
0 0.6807951987997 0.596 0.037509377344336084 0.043
0 0.6515378844711178 0.6175 0.03225806451612903 0.04
0 0.6740435108777194 0.6555 0.033008252063015754 0.04
0 0.6905476369092273 0.682 0.03075768942235559 0.042
0 0.6796699174793699 0.72875 0.037509377344336084 0.0495
0 0.654913728432108 0.80675 0.03075768942235559 0.0445
0 0.6751687921980495 0.84225 0.028507126781695424 0.0405
0 0.6785446361590397 0.78 0.030007501875468866 0.039
0 0.7029257314328582 0.75125 0.03075768942235559 0.0365
0 0.7263690922730682 0.72625 0.03488372093023256 0.0465
0 0.7456864216054013 0.76 0.03225806451612903 0.044
0 0.7151162790697675 0.67075 0.023630907726931733 0.0305
0 0.732933233308327 0.65375 0.03975993998499625 0.0435
0 0.7530007501875469 0.69625 0.030382595648912228 0.0375
0 0.7788822205551388 0.698 0.025881470367591898 0.04
0 0.7424981245311327 0.62475 0.02288072018004501 0.0315
0 0.7248687171792948 0.60475 0.04088522130532633 0.0415
0 0.7243060765191298 0.56625 0.03150787696924231 0.0495
0 0.75 0.571 0.029632408102025505 0.04
0 0.7856339084771192 0.651 0.032633158289572396 0.049
0 0.7953863465866466 0.67625 0.032633158289572396 0.0395
0 0.8233308327081771 0.6975 0.0277569392348087 0.048
0 0.8328957239309828 0.61825 0.028882220555138786 0.0395
0 0.804576144036009 0.605 0.03150787696924231 0.038
0 0.7779444861215303 0.55275 0.035258814703675916 0.0415
0 0.8015753938484621 0.56725 0.03675918979744936 0.0415
0 0.8448987246811703 0.563 0.032633158289572396 0.043
0 0.8762190547636909 0.56975 0.03075768942235559 0.0475
0 0.8895348837209303 0.52875 0.03188297074268567 0.0485
0 0.8197674418604651 0.5215 0.041635408852213056 0.038
0 0.8486496624156039 0.49725 0.036384096024006 0.0365
0 0.7764441110277569 0.49925 0.03225806451612903 0.0435
0 0.8132033008252063 0.49025 0.033008252063015754 0.0405
0 0.7798199549887472 0.45375 0.04051012753188297 0.0375
0 0.8073893473368342 0.43275 0.03188297074268567 0.0495
0 0.8342085521380345 0.45725 0.03375843960990248 0.0395
0 0.8495873968492123 0.423 0.037509377344336084 0.045
0 0.8842835708927231 0.42575 0.03488372093023256 0.0475
0 0.8863465866466617 0.4725 0.03825956489122281 0.046
0 0.9026631657914479 0.45025 0.02663165791447862 0.0445
0 0.9019129782445612 0.40675 0.029632408102025505 0.0425
0 0.9345461365341335 0.4445 0.03563390847711928 0.036
0 0.9396099024756189 0.48525 0.035258814703675916 0.0365
0 0.9257314328582146 0.51925 0.03600900225056264 0.0445
0 0.9388597149287322 0.54875 0.03975993998499625 0.0395