0 0.16916729182295573 0.36125 0.06001500375093773 0.0995
0 0.19598649662415604 0.42375 0.059639909977494375 0.0945
0 0.19767441860465115 0.294 0.058514628657164294 0.097
0 0.23068267066766693 0.33975 0.05926481620405101 0.1045
0 0.26500375093773443 0.42275 0.0603900975243811 0.0995
0 0.31789197299324834 0.35575 0.0641410352588147 0.1025
0 0.29163540885221306 0.2665 0.0641410352588147 0.094
0 0.2108027006751688 0.2025 0.060765191297824456 0.098
0 0.2856339084771193 0.1555 0.06864216054013503 0.096
0 0.34171042760690173 0.213 0.0690172543135784 0.088
0 0.36027756939234806 0.1155 0.06639159789947487 0.096
0 0.4165416354088522 0.09975 0.06489122280570142 0.1095
0 0.4099774943735934 0.22 0.07201800450112528 0.094
0 0.3735933983495874 0.30925 0.06601650412603151 0.0985
0 0.4831207801950488 0.20225 0.072768192048012 0.1155
0 0.4759939984996249 0.317 0.0690172543135784 0.109
0 0.4249812453113278 0.3675 0.06451612903225806 0.108
0 0.37209302325581395 0.4355 0.07201800450112528 0.104
0 0.1879219804951238 0.514 0.06151537884471118 0.089
0 0.25056264066016504 0.53175 0.060765191297824456 0.0945
0 0.22111777944486122 0.5965 0.0603900975243811 0.088
0 0.3100150037509377 0.533 0.056639159789947484 0.103
0 0.36927981995498876 0.53225 0.06789197299324831 0.0955
0 0.43023255813953487 0.4945 0.07651912978244561 0.108
0 0.4960615153788447 0.41775 0.08664666166541636 0.1005
0 0.4433608402100525 0.593 0.07126781695423856 0.096
0 0.30007501875468867 0.622 0.06976744186046512 0.099
0 0.36365341335333834 0.6165 0.0671417854463616 0.092
0 0.4157914478619655 0.66775 0.07164291072768192 0.0925
0 0.49549887471867965 0.6695 0.08177044261065267 0.098
0 0.25825206301575393 0.68225 0.06264066016504126 0.0935
0 0.304576144036009 0.71875 0.05926481620405101 0.0965
0 0.2704426106526632 0.783 0.06001500375093773 0.091
0 0.36459114778694673 0.73375 0.06526631657914479 0.0955
0 0.3782820705176294 0.802 0.06864216054013503 0.075
0 0.44992498124531133 0.80125 0.06489122280570142 0.0995
0 0.5163165791447862 0.79375 0.07164291072768192 0.1015
0 0.5718304576144037 0.74175 0.07914478619654913 0.1085
0 0.555701425356339 0.63125 0.07389347336834208 0.1045
0 0.5063765941485371 0.102 0.0690172543135784 0.101
0 0.5776444111027756 0.1535 0.07876969242310577 0.11
0 0.6170292573143286 0.24675 0.07726931732933233 0.1125
0 0.5568267066766691 0.32725 0.07164291072768192 0.1115
0 0.6509752438109527 0.34075 0.08514628657164292 0.1055
0 0.7044261065266316 0.26775 0.08702175543885972 0.1085
0 0.7342460615153789 0.3905 0.08589647411852963 0.112
0 0.5892723180795199 0.43975 0.08027006751687922 0.1035
0 0.5313203300825207 0.506 0.0708927231807952 0.119
0 0.6245311327831958 0.5455 0.0795198799699925 0.104
0 0.6717929482370593 0.46225 0.07651912978244561 0.1135
0 0.7297449362340586 0.52125 0.08514628657164292 0.1145
0 0.6982370592648162 0.608 0.08289572393098274 0.109
0 0.6481620405101275 0.71375 0.08327081770442611 0.0955
0 0.7288072018004501 0.7815 0.08477119279819954 0.107
0 0.6020255063765941 0.80175 0.06451612903225806 0.0685
0 0.6515378844711178 0.77825 0.07801950487621906 0.0705
0 0.8010127531882971 0.7745 0.0986496624156039 0.112
0 0.890847711927982 0.6995 0.09752438109527382 0.11
0 0.777006751687922 0.631 0.08814703675918979 0.109
0 0.86384096024006 0.58875 0.09527381845461365 0.1055
0 0.7981995498874719 0.47425 0.09827456864216054 0.1095
0 0.8068267066766691 0.31325 0.09902475618904726 0.1195