0 0.3124531132783196 0.20375 0.023255813953488372 0.0295
0 0.31714178544636157 0.24625 0.02213053263315829 0.0315
0 0.29069767441860467 0.265 0.01800450112528132 0.037
0 0.2762565641410353 0.2955 0.020630157539384845 0.037
0 0.28863465866466614 0.3015 0.023630907726931733 0.037
0 0.3207051762940735 0.27825 0.02175543885971493 0.0325
0 0.3388972243060765 0.27875 0.02288072018004501 0.0375
0 0.3507126781695424 0.22725 0.021005251312828207 0.0345
0 0.3794073518379595 0.24625 0.024381095273818456 0.0355
0 0.390847711927982 0.21125 0.024006001500375095 0.0365
0 0.413165791447862 0.229 0.034133533383345835 0.042
0 0.41504126031507876 0.2655 0.019879969992498126 0.034
0 0.427231807951988 0.266 0.02700675168792198 0.039
0 0.445423855963991 0.278 0.02738184546136534 0.039
0 0.46811702925731435 0.26225 0.02625656414103526 0.0355
0 0.49174793698424607 0.28 0.024006001500375095 0.034
0 0.41166541635408854 0.28975 0.02213053263315829 0.0235
0 0.40922730682670666 0.3135 0.024756189047261814 0.039
0 0.4358589647411853 0.30275 0.024006001500375095 0.0325
0 0.37134283570892723 0.27675 0.02625656414103526 0.0355
0 0.3734058514628657 0.3025 0.02213053263315829 0.034
0 0.376781695423856 0.33375 0.020630157539384845 0.0385
0 0.33308327081770445 0.313 0.02625656414103526 0.037
0 0.31957989497374345 0.31275 0.014253563390847712 0.0395
0 0.29538634658664664 0.33975 0.02288072018004501 0.0405
0 0.2584396099024756 0.32475 0.024006001500375095 0.0365
0 0.26481620405101275 0.35925 0.02700675168792198 0.0315
0 0.26875468867216806 0.39575 0.024381095273818456 0.0405
0 0.28244561140285074 0.4125 0.021005251312828207 0.038
0 0.29669917479369845 0.41125 0.02175543885971493 0.0415
0 0.30045011252813203 0.3765 0.023255813953488372 0.036
0 0.33083270817704424 0.35775 0.024756189047261814 0.0375
0 0.340960240060015 0.3425 0.0277569392348087 0.041
0 0.3355213803450863 0.387 0.025131282820705175 0.034
0 0.32820705176294074 0.42725 0.025506376594148537 0.0345
0 0.3276444111027757 0.458 0.024381095273818456 0.033
0 0.34921230307576895 0.4195 0.02175543885971493 0.039
0 0.35877719429857463 0.386 0.025131282820705175 0.041
0 0.37134283570892723 0.41325 0.02625656414103526 0.0455
0 0.38372093023255816 0.37525 0.024756189047261814 0.0365
0 0.4054763690922731 0.3885 0.02700675168792198 0.03
0 0.3987246811702926 0.345 0.023255813953488372 0.041
0 0.4086646661665416 0.418 0.02213053263315829 0.035
0 0.40003750937734434 0.444 0.023630907726931733 0.032
0 0.2717554388597149 0.4325 0.02288072018004501 0.033
0 0.26106526631657917 0.4715 0.02175543885971493 0.035
0 0.29669917479369845 0.456 0.023255813953488372 0.034
0 0.3083270817704426 0.48425 0.018754688672168042 0.0355
0 0.27550637659414856 0.5055 0.02663165791447862 0.03
0 0.2526256564141035 0.5165 0.024381095273818456 0.037
0 0.2786946736684171 0.5445 0.025506376594148537 0.037
0 0.3158289572393098 0.5185 0.025506376594148537 0.041
0 0.3355213803450863 0.493 0.025881470367591898 0.034
0 0.34733683420855216 0.5235 0.02625656414103526 0.03
0 0.34508627156789196 0.545 0.0277569392348087 0.035
0 0.372655663915979 0.52025 0.02288072018004501 0.0375
0 0.36852963240810205 0.4855 0.02213053263315829 0.036
0 0.3944111027756939 0.484 0.025131282820705175 0.03
0 0.4120405101275319 0.49075 0.02288072018004501 0.0405
0 0.4223555888972243 0.45925 0.024756189047261814 0.0385
0 0.4367966991747937 0.48075 0.028132033008252063 0.0345
0 0.450112528132033 0.45025 0.0172543135783946 0.0375
0 0.4351087771942986 0.51875 0.025506376594148537 0.0315
0 0.400225056264066 0.52325 0.024756189047261814 0.0305
0 0.3910352588147037 0.55375 0.02288072018004501 0.0355
0 0.4139159789947487 0.548 0.019879969992498126 0.037
0 0.43135783945986494 0.55225 0.02250562640660165 0.0445
0 0.4118529632408102 0.58175 0.024006001500375095 0.0385
0 0.38915978994748684 0.59925 0.024381095273818456 0.0395
0 0.3477119279819955 0.57975 0.024756189047261814 0.0385
0 0.31114028507126784 0.5775 0.023630907726931733 0.04
0 0.28582145536384096 0.5875 0.0277569392348087 0.038
0 0.2940735183795949 0.618 0.025506376594148537 0.036
0 0.26969242310577646 0.63025 0.024006001500375095 0.0365
0 0.30101275318829707 0.6625 0.020630157539384845 0.033
0 0.3152663165791448 0.65 0.02138034508627157 0.035
0 0.33495873968492124 0.64 0.023255813953488372 0.037
0 0.3582145536384096 0.618 0.02625656414103526 0.038
0 0.37471867966991745 0.64225 0.023255813953488372 0.0385
0 0.35408852213053266 0.658 0.0277569392348087 0.037
0 0.32239309827456863 0.6855 0.016129032258064516 0.034
0 0.33964741185296327 0.688 0.02738184546136534 0.036
0 0.36702925731432856 0.68775 0.02288072018004501 0.0335
0 0.3812828207051763 0.71 0.029632408102025505 0.041
0 0.39722430607651915 0.68825 0.024006001500375095 0.0315
0 0.39984996249062266 0.65925 0.02625656414103526 0.0395
0 0.4069767441860465 0.62225 0.02625656414103526 0.0305
0 0.42441860465116277 0.6445 0.019129782445611403 0.043
0 0.43210802700675166 0.597 0.021005251312828207 0.038
0 0.4484246061515379 0.61 0.025881470367591898 0.037
0 0.45461365341335336 0.584 0.025506376594148537 0.032
0 0.4482370592648162 0.649 0.0277569392348087 0.042
0 0.4472993248312078 0.68075 0.02288072018004501 0.0325
0 0.42291822955738934 0.69375 0.02663165791447862 0.0345
0 0.33477119279819956 0.72225 0.028882220555138786 0.0385
0 0.33852213053263314 0.7555 0.025131282820705175 0.034
0 0.36196549137284323 0.75225 0.02625656414103526 0.0355
0 0.3493998499624906 0.79375 0.025131282820705175 0.0355
0 0.373218304576144 0.82075 0.02625656414103526 0.0345
0 0.39891222805701426 0.83225 0.025881470367591898 0.0385
0 0.4154163540885221 0.87675 0.024381095273818456 0.0355
0 0.37378094523630906 0.786 0.02663165791447862 0.042
0 0.3945986496624156 0.79125 0.0172543135783946 0.0385
0 0.396099024756189 0.75275 0.02700675168792198 0.0355
0 0.41522880720180044 0.74475 0.024006001500375095 0.0435
0 0.4148537134283571 0.79025 0.02175543885971493 0.0435
0 0.42685671417854465 0.83675 0.024006001500375095 0.0405
0 0.4351087771942986 0.82875 0.028507126781695424 0.0385
0 0.440735183795949 0.877 0.024006001500375095 0.041
0 0.45742685671417854 0.875 0.029632408102025505 0.034
0 0.4662415603900975 0.83 0.028507126781695424 0.038
0 0.4435483870967742 0.79525 0.025881470367591898 0.0335
0 0.4671792948237059 0.79725 0.02663165791447862 0.0315
0 0.4964366091522881 0.7895 0.025131282820705175 0.032
0 0.48799699924981244 0.75825 0.0277569392348087 0.0445
0 0.4737434358589647 0.76 0.021005251312828207 0.042
0 0.43548387096774194 0.7235 0.0277569392348087 0.036
0 0.44129782445611404 0.75525 0.028132033008252063 0.0335
0 0.47168042010502625 0.7215 0.028132033008252063 0.031
0 0.4701800450112528 0.69 0.023630907726931733 0.045
0 0.5033758439609902 0.70175 0.0277569392348087 0.0425
0 0.5195048762190547 0.68025 0.029257314328582147 0.0365
0 0.5384471117779445 0.71475 0.028132033008252063 0.0475
0 0.527569392348087 0.7435 0.02663165791447862 0.044
0 0.5311327831957989 0.784 0.03375843960990248 0.041
0 0.5255063765941486 0.81775 0.02700675168792198 0.0365
0 0.49474868717179293 0.847 0.028507126781695424 0.037
0 0.5001875468867217 0.88825 0.034133533383345835 0.0425
0 0.5442610652663166 0.88825 0.029257314328582147 0.0395
0 0.5442610652663166 0.8415 0.033008252063015754 0.039
0 0.563953488372093 0.76275 0.032633158289572396 0.0475
0 0.5688297074268567 0.7195 0.028132033008252063 0.044
0 0.555701425356339 0.68125 0.028132033008252063 0.0405
0 0.5472618154538634 0.64375 0.024756189047261814 0.0395
0 0.5067516879219804 0.6375 0.020255063765941484 0.041
0 0.48199549887471865 0.65 0.029257314328582147 0.036
0 0.48255813953488375 0.593 0.03338334583645911 0.048
0 0.5120030007501876 0.5995 0.02250562640660165 0.036
0 0.5309452363090773 0.60775 0.028132033008252063 0.0355
0 0.5588897224306076 0.60575 0.024756189047261814 0.0435
0 0.5281320330082521 0.56775 0.02700675168792198 0.0415
0 0.5515753938484621 0.559 0.028132033008252063 0.04
0 0.5159414853713429 0.533 0.02738184546136534 0.038
0 0.46399099774943736 0.55275 0.02700675168792198 0.0385
0 0.48255813953488375 0.514 0.025131282820705175 0.042
0 0.4806826706676669 0.4745 0.028132033008252063 0.043
0 0.49943735933983496 0.49375 0.02213053263315829 0.0365
0 0.5165041260315079 0.4915 0.02700675168792198 0.04
0 0.5153788447111778 0.457 0.028507126781695424 0.035
0 0.4831207801950488 0.44025 0.02700675168792198 0.0405
0 0.5226931732933233 0.43075 0.02663165791447862 0.0345
0 0.4527381845461365 0.416 0.023255813953488372 0.035
0 0.46774193548387094 0.39625 0.028507126781695424 0.0385
0 0.43454613653413354 0.384 0.02288072018004501 0.035
0 0.44561140285071266 0.36325 0.02700675168792198 0.0425
0 0.4279819954988747 0.346 0.024006001500375095 0.037
0 0.46305326331582897 0.334 0.019129782445611403 0.039
0 0.4814328582145536 0.33775 0.024381095273818456 0.0425
0 0.49362340585146286 0.36925 0.028507126781695424 0.0385
0 0.5172543135783946 0.38175 0.02700675168792198 0.0395
0 0.5401350337584396 0.4025 0.0277569392348087 0.036
0 0.5633908477119279 0.3855 0.029257314328582147 0.042
0 0.5496999249812453 0.36825 0.029632408102025505 0.0345
0 0.5151912978244562 0.35 0.02663165791447862 0.033
0 0.5101275318829708 0.305 0.0277569392348087 0.036
0 0.5350712678169542 0.31375 0.02738184546136534 0.0355
0 0.5112528132033008 0.25925 0.021005251312828207 0.0465
0 0.5286946736684172 0.263 0.024381095273818456 0.04
0 0.5455738934733684 0.23525 0.02663165791447862 0.0375
0 0.5667666916729183 0.24225 0.028507126781695424 0.0395
0 0.5643285821455364 0.28225 0.028882220555138786 0.0395
0 0.595086271567892 0.2695 0.028132033008252063 0.031
0 0.6125281320330083 0.23875 0.030007501875468866 0.0365
0 0.6245311327831958 0.2665 0.029257314328582147 0.04
0 0.6573518379594899 0.20275 0.03113278319579895 0.0425
0 0.6873593398349588 0.23775 0.032633158289572396 0.0405
0 0.7169917479369843 0.2505 0.030382595648912228 0.037
0 0.7184921230307577 0.27425 0.032633158289572396 0.0405
0 0.6896099024756189 0.276 0.029632408102025505 0.043
0 0.7516879219804952 0.2465 0.030007501875468866 0.049
0 0.7755063765941486 0.324 0.03113278319579895 0.049
0 0.8141410352588146 0.314 0.030382595648912228 0.053
0 0.7342460615153789 0.34075 0.034133533383345835 0.0415
0 0.7123030757689423 0.326 0.03225806451612903 0.043
0 0.6978619654913728 0.357 0.03338334583645911 0.041
0 0.740060015003751 0.37525 0.035258814703675916 0.0465
0 0.7650037509377344 0.376 0.025131282820705175 0.048
0 0.7807576894223556 0.41025 0.030382595648912228 0.0395
0 0.79576144036009 0.45275 0.03938484621155289 0.0475
0 0.7348087021755438 0.434 0.03075768942235559 0.047
0 0.758814703675919 0.47075 0.03675918979744936 0.0505
0 0.6986121530382595 0.42175 0.03188297074268567 0.0465
0 0.6731057764441111 0.40825 0.028132033008252063 0.0435
0 0.6586646661665416 0.3735 0.033008252063015754 0.04
0 0.6644786196549137 0.332 0.030382595648912228 0.049
0 0.6352213053263316 0.344 0.03188297074268567 0.04
0 0.5982745686421606 0.30825 0.028507126781695424 0.0405
0 0.5622655663915979 0.33475 0.03075768942235559 0.0375
0 0.5913353338334584 0.34725 0.02663165791447862 0.0435
0 0.5954613653413353 0.407 0.025881470367591898 0.039
0 0.6333458364591148 0.405 0.028882220555138786 0.042
0 0.5703300825206301 0.44625 0.03188297074268567 0.0365
0 0.5465116279069767 0.464 0.0277569392348087 0.033
0 0.5483870967741935 0.489 0.03150787696924231 0.041
0 0.5384471117779445 0.5245 0.02213053263315829 0.043
0 0.5712678169542386 0.53725 0.037509377344336084 0.0395
0 0.5858964741185296 0.505 0.0277569392348087 0.039
0 0.614403600900225 0.49075 0.03150787696924231 0.0445
0 0.6100900225056264 0.451 0.028132033008252063 0.038
0 0.6333458364591148 0.45825 0.029632408102025505 0.0415
0 0.6609152288072018 0.478 0.033008252063015754 0.04
0 0.677794448612153 0.45675 0.03225806451612903 0.0415
0 0.690735183795949 0.49475 0.028132033008252063 0.0445
0 0.7269317329332333 0.49875 0.035258814703675916 0.0435
0 0.741185296324081 0.54075 0.02700675168792198 0.0405
0 0.7976369092273068 0.52575 0.034133533383345835 0.0505
0 0.7906976744186046 0.56925 0.024756189047261814 0.0465
0 0.7385596399099775 0.58325 0.03075768942235559 0.0405
0 0.7768192048012003 0.606 0.0345086271567892 0.047
0 0.7093023255813954 0.5835 0.030007501875468866 0.044
0 0.6841710427606902 0.53625 0.04051012753188297 0.0395
0 0.6521005251312828 0.545 0.028882220555138786 0.039
0 0.6671042760690172 0.57075 0.03488372093023256 0.0445
0 0.6384096024006002 0.58225 0.030007501875468866 0.0435
0 0.6577269317329333 0.6065 0.02738184546136534 0.045
0 0.6099024756189048 0.542 0.03075768942235559 0.041
0 0.5860840210052514 0.5715 0.02663165791447862 0.034
0 0.5977119279819955 0.592 0.03188297074268567 0.04
0 0.6054013503375844 0.626 0.03225806451612903 0.038
0 0.5755813953488372 0.6425 0.029632408102025505 0.032
0 0.5797074268567142 0.674 0.028132033008252063 0.04
0 0.6059639909977494 0.708 0.028132033008252063 0.04
0 0.6346586646661665 0.7305 0.03075768942235559 0.044
0 0.6556639159789948 0.714 0.03225806451612903 0.039
0 0.627344336084021 0.68425 0.028882220555138786 0.0405
0 0.640847711927982 0.64475 0.03563390847711928 0.0405
0 0.6747936984246061 0.67675 0.03150787696924231 0.0425
0 0.6950487621905477 0.6525 0.03675918979744936 0.047
0 0.7149287321830458 0.6695 0.02250562640660165 0.036
0 0.7205551387846961 0.62925 0.0277569392348087 0.0445
0 0.7488747186796699 0.651 0.030382595648912228 0.055
0 0.7704426106526632 0.685 0.03675918979744936 0.036
0 0.7901350337584396 0.64625 0.030382595648912228 0.0455
0 0.7550637659414854 0.728 0.03075768942235559 0.047
0 0.7653788447111778 0.75825 0.028132033008252063 0.0455
0 0.7516879219804952 0.78675 0.033008252063015754 0.0435
0 0.7295573893473368 0.75825 0.025506376594148537 0.0455
0 0.6978619654913728 0.736 0.030382595648912228 0.047
0 0.6704801200300075 0.77625 0.030382595648912228 0.0445
0 0.6796699174793699 0.81075 0.03150787696924231 0.0405
0 0.7076144036009002 0.78575 0.028132033008252063 0.0375
0 0.6125281320330083 0.75475 0.030007501875468866 0.0455
0 0.5948987246811703 0.78425 0.021005251312828207 0.0495
0 0.6153413353338335 0.80175 0.03338334583645911 0.0455
0 0.644973743435859 0.7885 0.025881470367591898 0.04
0 0.6487246811702926 0.83525 0.029632408102025505 0.0445
0 0.6211552888222055 0.85775 0.03150787696924231 0.0505
0 0.5834583645911477 0.8455 0.03338334583645911 0.051
0 0.576331582895724 0.8725 0.030382595648912228 0.05