0 0.16180321735877293 0.83625 0.049756827534605315 0.0595
0 0.21829405162738497 0.807 0.04377104377104377 0.049
0 0.22353161242050132 0.75275 0.04826038159371493 0.0555
0 0.26393565282454173 0.803 0.04526748971193416 0.051
0 0.30901608679386455 0.78875 0.03890759446315002 0.0515
0 0.24223718668163113 0.685 0.040029928918817806 0.064
0 0.21604938271604937 0.58025 0.04751215862326973 0.0645
0 0.2500935278713057 0.61875 0.049756827534605315 0.0605
0 0.26300037411148525 0.566 0.04040404040404041 0.065
0 0.23251028806584362 0.496 0.04751215862326973 0.062
0 0.2740366629255518 0.459 0.04826038159371493 0.065
0 0.2878787878787879 0.513 0.04526748971193416 0.059
0 0.25121586232697346 0.32075 0.04152637485970819 0.0565
0 0.278526000748223 0.2795 0.046763935652824544 0.069
0 0.28114478114478114 0.34 0.04826038159371493 0.056
0 0.30789375233819677 0.39275 0.04564160119715675 0.0645
0 0.3372615039281706 0.445 0.046763935652824544 0.053
0 0.349420127197905 0.5045 0.04713804713804714 0.06
0 0.3658810325476992 0.55825 0.04788627010849233 0.0575
0 0.40198279087167976 0.59675 0.037037037037037035 0.0535
0 0.31369248035914704 0.59625 0.04451926674148896 0.0505
0 0.3574635241301908 0.62725 0.04900860456416012 0.0505
0 0.2875046763935653 0.65675 0.04601571268237935 0.0615
0 0.34081556303778526 0.6705 0.04788627010849233 0.056
0 0.30190796857463525 0.7305 0.038159371492704826 0.058
0 0.3329592218481107 0.73875 0.035166479610924055 0.0485
0 0.35185185185185186 0.7155 0.04377104377104377 0.053
0 0.3838383838383838 0.75425 0.04638982416760194 0.0515
0 0.40329218106995884 0.791 0.041900486344930786 0.046
0 0.36213991769547327 0.838 0.04040404040404041 0.053
0 0.4051627384960718 0.8635 0.04638982416760194 0.042
0 0.44201271979049755 0.8515 0.040029928918817806 0.037
0 0.46464646464646464 0.82225 0.04489337822671156 0.0495
0 0.4822297044519267 0.862 0.03741114852225964 0.049
0 0.5099139543583988 0.81425 0.0411522633744856 0.0435
0 0.547699214365881 0.8205 0.03741114852225964 0.049
0 0.5269360269360269 0.78 0.04302282080059858 0.055
0 0.47624392068836513 0.7625 0.04040404040404041 0.053
0 0.4334081556303779 0.76125 0.03928170594837262 0.0515
0 0.4004863449307894 0.704 0.04152637485970819 0.055
0 0.4442573887018331 0.71975 0.04302282080059858 0.0505
0 0.4487467265245043 0.675 0.04526748971193416 0.048
0 0.4835390946502058 0.707 0.04227459783015339 0.062
0 0.5198279087167976 0.715 0.04227459783015339 0.05
0 0.5233819678264122 0.68375 0.04489337822671156 0.0585
0 0.5600448933782267 0.74375 0.038159371492704826 0.0495
0 0.5757575757575758 0.7665 0.035166479610924055 0.051
0 0.5897867564534232 0.70825 0.04152637485970819 0.0455
0 0.5604190048634493 0.6865 0.038159371492704826 0.053
0 0.551440329218107 0.636 0.03591470258136925 0.067
0 0.4898989898989899 0.63875 0.04451926674148896 0.0595
0 0.44238683127572015 0.6145 0.040778151889263 0.054
0 0.4818555929667041 0.587 0.038159371492704826 0.059
0 0.44594089038533485 0.547 0.04788627010849233 0.049
0 0.4878413767302656 0.52825 0.04564160119715675 0.0575
0 0.4113355780022447 0.498 0.04526748971193416 0.056
0 0.3832772166105499 0.46325 0.04526748971193416 0.0635
0 0.3961840628507295 0.40225 0.0508791619902731 0.0695
0 0.4268612046389824 0.44225 0.041900486344930786 0.0605
0 0.45753834642723534 0.47075 0.04713804713804714 0.0675
0 0.4880284324728769 0.43525 0.046763935652824544 0.0575
0 0.5074822297044519 0.477 0.04751215862326973 0.06
0 0.5389075944631501 0.52875 0.04377104377104377 0.0575
0 0.5664047886270108 0.57175 0.04339693228582117 0.0545
0 0.388327721661055 0.6625 0.0411522633744856 0.057
0 0.33146277590722034 0.22675 0.04788627010849233 0.0645
0 0.3542835765057987 0.289 0.05611672278338945 0.068
0 0.37186681631126073 0.343 0.04788627010849233 0.063
0 0.38196782641227084 0.21125 0.05387205387205387 0.0715
0 0.4010475121586233 0.28075 0.04489337822671156 0.0675
0 0.41432846988402544 0.1625 0.04900860456416012 0.073
0 0.437897493453049 0.23425 0.050505050505050504 0.0685
0 0.4769921436588103 0.16275 0.05387205387205387 0.0605
0 0.5130939019827909 0.19775 0.04377104377104377 0.0705
0 0.5447063224841002 0.131 0.052375607931163484 0.074
0 0.4829779274223719 0.26 0.041900486344930786 0.072
0 0.44556677890011226 0.29975 0.051627384960718295 0.0655
0 0.49270482603815935 0.3215 0.04788627010849233 0.069
0 0.44594089038533485 0.3685 0.0508791619902731 0.065
0 0.5145903479236813 0.38475 0.05499438832772166 0.0645
0 0.5383464272353161 0.3345 0.04339693228582117 0.066
0 0.5304900860456416 0.2665 0.04489337822671156 0.067
0 0.6000748222970446 0.1295 0.048634493078937524 0.072
0 0.6247661803217359 0.08875 0.038159371492704826 0.0705
0 0.6573138795361018 0.16325 0.04938271604938271 0.0775
0 0.5914702581369248 0.18875 0.05312383090160868 0.0695
0 0.6159745604190049 0.2285 0.03479236812570146 0.071
0 0.5845491956603067 0.2705 0.04826038159371493 0.072
0 0.5776281331836888 0.3365 0.038159371492704826 0.07
0 0.5838009726898615 0.3975 0.04601571268237935 0.058
0 0.6277590722035167 0.3905 0.04713804713804714 0.051
0 0.5933408155630377 0.46975 0.04788627010849233 0.0655
0 0.6189674523007856 0.496 0.03853348297792742 0.066
0 0.6588103254769921 0.47525 0.041900486344930786 0.0615
0 0.6797605686494576 0.41625 0.04713804713804714 0.0555
0 0.6034418256640479 0.5745 0.03741114852225964 0.056
0 0.6470258136924804 0.57275 0.04152637485970819 0.0575
0 0.5950243172465395 0.633 0.04526748971193416 0.054
0 0.6049382716049383 0.68025 0.04264870931537598 0.0475
0 0.6382341937897493 0.68825 0.03741114852225964 0.0515
0 0.6690983913206136 0.701 0.03778526000748223 0.053
0 0.6496445940890385 0.63675 0.040029928918817806 0.0555
0 0.6773288439955106 0.653 0.04227459783015339 0.05
0 0.687616909839132 0.596 0.04489337822671156 0.048
0 0.714552936775159 0.55425 0.0411522633744856 0.0535
0 0.7456041900486345 0.55725 0.031425364758698095 0.0555
0 0.7789001122334456 0.558 0.03591470258136925 0.042
0 0.6999625888514778 0.50975 0.03666292555181444 0.0585
0 0.7566404788627011 0.042 0.049756827534605315 0.084
0 0.69884025439581 0.079 0.04788627010849233 0.059
0 0.7166105499438833 0.1545 0.04900860456416012 0.075
0 0.769734380845492 0.11825 0.04526748971193416 0.0745
0 0.81556303778526 0.12925 0.04713804713804714 0.0635
0 0.6790123456790124 0.2215 0.04713804713804714 0.069
0 0.7418630751964085 0.2255 0.04489337822671156 0.069
0 0.7918069584736251 0.2105 0.040029928918817806 0.068
0 0.821174710063599 0.20725 0.032173587729143284 0.0575
0 0.6883651328095772 0.30325 0.04788627010849233 0.0645
0 0.745230078563412 0.28175 0.04788627010849233 0.0535
0 0.8062102506546951 0.30975 0.04638982416760194 0.0675
0 0.8333333333333334 0.28225 0.04377104377104377 0.0645
0 0.7480359147025814 0.35025 0.04227459783015339 0.0615
0 0.7083800972689862 0.36425 0.04377104377104377 0.0625
0 0.7527123082678638 0.4025 0.04564160119715675 0.06
0 0.7921810699588477 0.3695 0.04227459783015339 0.057
0 0.8187429854096521 0.40475 0.03928170594837262 0.0605
0 0.8400673400673401 0.35125 0.04377104377104377 0.0565
0 0.8623269734380845 0.46125 0.04713804713804714 0.0535
0 0.8062102506546951 0.4885 0.04040404040404041 0.055
0 0.7289562289562289 0.45775 0.04377104377104377 0.0505
0 0.7603815937149271 0.491 0.04377104377104377 0.062