0 0.05232558139534884 0.44 0.06339084771192798 0.079
0 0.08495873968492124 0.35725 0.061890472618154536 0.0795
0 0.12396849212303075 0.32575 0.07314328582145536 0.0875
0 0.14797449362340584 0.401 0.06789197299324831 0.084
0 0.12228057014253563 0.45 0.06451612903225806 0.072
0 0.08289572393098274 0.511 0.05776444111027757 0.072
0 0.11346586646661666 0.56925 0.0603900975243811 0.0625
0 0.1399099774943736 0.538 0.05401350337584396 0.071
0 0.17160540135033758 0.5875 0.05288822205551388 0.072
0 0.12303075768942236 0.66025 0.058514628657164294 0.0685
0 0.20198799699924982 0.66025 0.05738934733683421 0.0515
0 0.20817704426106526 0.571 0.05026256564141035 0.066
0 0.18698424606151537 0.48625 0.06264066016504126 0.0645
0 0.20442610652663165 0.46175 0.06601650412603151 0.0775
0 0.22636909227306826 0.37425 0.0708927231807952 0.0835
0 0.20386346586646661 0.28025 0.061140285071267814 0.0825
0 0.29632408102025504 0.2395 0.06526631657914479 0.095
0 0.28675918979744935 0.331 0.07389347336834208 0.084
0 0.31114028507126784 0.4105 0.06789197299324831 0.069
0 0.2745686421605401 0.461 0.06601650412603151 0.075
0 0.24193548387096775 0.51925 0.058514628657164294 0.0675
0 0.2768192048012003 0.585 0.05701425356339085 0.07
0 0.25525131282820707 0.6285 0.05738934733683421 0.045
0 0.2605026256564141 0.68 0.052138034508627154 0.056
0 0.15172543135783945 0.75775 0.055138784696174045 0.0595
0 0.25525131282820707 0.7485 0.05138784696174044 0.055
0 0.30870217554388596 0.746 0.046511627906976744 0.05
0 0.3572768192048012 0.73925 0.050637659414853715 0.0555
0 0.41354088522130533 0.735 0.04913728432108027 0.055
0 0.45930232558139533 0.70425 0.05288822205551388 0.0445
0 0.313390847711928 0.68925 0.059639909977494375 0.0615
0 0.3690922730682671 0.68125 0.05401350337584396 0.0595
0 0.4384846211552888 0.64975 0.05476369092273068 0.0585
0 0.4983120780195049 0.653 0.0536384096024006 0.062
0 0.46774193548387094 0.60375 0.05776444111027757 0.0605
0 0.3799699924981245 0.633 0.05926481620405101 0.042
0 0.3132033008252063 0.63975 0.06151537884471118 0.0585
0 0.34733683420855216 0.58675 0.060765191297824456 0.0695
0 0.30795198799699924 0.52175 0.06751687921980495 0.0685
0 0.3953488372093023 0.55575 0.06001500375093773 0.0565
0 0.4529257314328582 0.54325 0.05888972243060765 0.0695
0 0.48424606151537886 0.47975 0.05776444111027757 0.0545
0 0.4109152288072018 0.49975 0.061890472618154536 0.0695
0 0.3420855213803451 0.48175 0.06376594148537135 0.0805
0 0.3818454613653413 0.41225 0.06601650412603151 0.0775
0 0.4486121530382596 0.4305 0.06751687921980495 0.083
0 0.37528132033008255 0.24775 0.06939234808702176 0.0905
0 0.4064141035258815 0.3535 0.06339084771192798 0.092
0 0.4653038259564891 0.30225 0.0671417854463616 0.0845
0 0.5277569392348087 0.2585 0.07051762940735183 0.095
0 0.6104651162790697 0.2435 0.06489122280570142 0.094
0 0.6836084021005251 0.293 0.0671417854463616 0.086
0 0.518192048012003 0.36 0.07014253563390847 0.08
0 0.590960240060015 0.3655 0.059639909977494375 0.078
0 0.6573518379594899 0.38175 0.06639159789947487 0.0745
0 0.5333833458364591 0.438 0.05926481620405101 0.08
0 0.5881470367591898 0.46375 0.0622655663915979 0.0715
0 0.654351087771943 0.4645 0.0671417854463616 0.073
0 0.7138034508627157 0.43675 0.06526631657914479 0.0645
0 0.5388222055513878 0.497 0.059639909977494375 0.061
0 0.6153413353338335 0.527 0.055138784696174045 0.072
0 0.6792948237059265 0.517 0.06526631657914479 0.064
0 0.7391222805701425 0.51 0.05888972243060765 0.071
0 0.52344336084021 0.56925 0.059639909977494375 0.0535
0 0.5842085521380345 0.5755 0.05588897224306077 0.065
0 0.641972993248312 0.55825 0.04463615903975994 0.0645
0 0.6997374343585896 0.56075 0.055138784696174045 0.0625
0 0.5536384096024006 0.638 0.05401350337584396 0.066
0 0.6104651162790697 0.6385 0.05288822205551388 0.058
0 0.6693548387096774 0.6225 0.061890472618154536 0.055
0 0.7209302325581395 0.6105 0.05401350337584396 0.058
0 0.7638784696174044 0.5715 0.05738934733683421 0.067
0 0.5453863465866466 0.691 0.04801200300075019 0.056
0 0.5941485371342836 0.68475 0.04951237809452363 0.0465
0 0.6506001500375094 0.68225 0.055138784696174045 0.0555
0 0.7021755438859715 0.6725 0.05401350337584396 0.05
0 0.7537509377344336 0.6725 0.05138784696174044 0.053
0 0.8042010502625656 0.67675 0.05101275318829707 0.0515
0 0.8642160540135033 0.67 0.04876219054763691 0.054
0 0.7813203300825207 0.6215 0.056264066016504126 0.052
0 0.8357089272318079 0.6195 0.05026256564141035 0.056
0 0.8970367591897974 0.60925 0.047636909227306824 0.0585
0 0.9073518379594899 0.63625 0.04576144036009002 0.0585
0 0.8259564891222806 0.569 0.05926481620405101 0.052
0 0.8805326331582896 0.55375 0.056639159789947484 0.0655
0 0.9304201050262566 0.54025 0.047636909227306824 0.0665
0 0.8053263315828957 0.51325 0.058514628657164294 0.0695
0 0.8711552888222055 0.482 0.061140285071267814 0.062
0 0.9264816204051013 0.4865 0.0622655663915979 0.062
0 0.7908852213053263 0.45675 0.06789197299324831 0.0705
0 0.8454613653413353 0.4235 0.06601650412603151 0.081
0 0.7700675168792198 0.38425 0.06526631657914479 0.0835
0 0.7792573143285821 0.3035 0.0671417854463616 0.086
0 0.8285821455363841 0.32825 0.05926481620405101 0.0795