0 0.122334455667789 0.2045 0.03890759446315002 0.064
0 0.15114104002992892 0.169 0.055368499812944255 0.071
0 0.18555929667040777 0.12875 0.054620276842499066 0.0715
0 0.2050130939019828 0.18925 0.05686494575383464 0.0685
0 0.14833520389075944 0.24325 0.052749719416386086 0.0665
0 0.11952861952861953 0.285 0.05723905723905724 0.074
0 0.17153011597456042 0.3 0.0512532734754957 0.068
0 0.15076692854470633 0.35325 0.051627384960718295 0.0585
0 0.14552936775158998 0.4035 0.052375607931163484 0.049
0 0.18799102132435466 0.41525 0.03853348297792742 0.0595
0 0.16984661429105874 0.46775 0.04489337822671156 0.0665
0 0.21810699588477367 0.464 0.04713804713804714 0.057
0 0.2040778151889263 0.51075 0.04751215862326973 0.0575
0 0.24279835390946503 0.4995 0.04040404040404041 0.06
0 0.25813692480359146 0.45575 0.04938271604938271 0.0605
0 0.30209502431724655 0.492 0.04302282080059858 0.052
0 0.23475495697717919 0.40125 0.046763935652824544 0.0635
0 0.2035166479610924 0.3485 0.04264870931537598 0.07
0 0.23793490460157127 0.32225 0.04564160119715675 0.0635
0 0.20669659558548448 0.256 0.04900860456416012 0.069
0 0.2787130564908343 0.2835 0.0508791619902731 0.071
0 0.278526000748223 0.37175 0.04751215862326973 0.0595
0 0.30939019827908715 0.33625 0.054620276842499066 0.0605
0 0.30209502431724655 0.42875 0.046763935652824544 0.0575
0 0.34137673026561915 0.46025 0.04601571268237935 0.0585
0 0.3567153011597456 0.51375 0.046763935652824544 0.0505
0 0.39281705948372614 0.5395 0.0411522633744856 0.053
0 0.4371492704826038 0.555 0.04302282080059858 0.053
0 0.45342312008978675 0.5 0.041900486344930786 0.053
0 0.4090909090909091 0.4915 0.04826038159371493 0.051
0 0.38496071829405165 0.43525 0.04788627010849233 0.0615
0 0.4382716049382716 0.448 0.046763935652824544 0.057
0 0.34137673026561915 0.377 0.04900860456416012 0.059
0 0.3836513280957725 0.35225 0.04826038159371493 0.0625
0 0.255331088664422 0.1615 0.053497942386831275 0.073
0 0.29068462401795736 0.2145 0.05387205387205387 0.071
0 0.3389450056116723 0.21025 0.048634493078937524 0.0605
0 0.3060231949120838 0.149 0.04638982416760194 0.073
0 0.29068462401795736 0.07225 0.0508791619902731 0.0745
0 0.33108866442199775 0.04125 0.055368499812944255 0.0805
0 0.343808454919566 0.12 0.05686494575383464 0.074
0 0.38252899364010473 0.0745 0.05873550317994763 0.07
0 0.39150766928544706 0.16325 0.05424616535727647 0.0765
0 0.3892630003741115 0.23 0.04826038159371493 0.07
0 0.39244294799850354 0.2935 0.05312383090160868 0.065
0 0.4279835390946502 0.33575 0.05013093901982791 0.0695
0 0.4173213617658062 0.3865 0.050505050505050504 0.054
0 0.4730639730639731 0.4195 0.049756827534605315 0.055
0 0.48634493078937524 0.4735 0.04564160119715675 0.059
0 0.5 0.5145 0.04526748971193416 0.052
0 0.5001870557426114 0.5745 0.04339693228582117 0.05
0 0.5402169846614291 0.59375 0.04264870931537598 0.0515
0 0.5383464272353161 0.5415 0.03890759446315002 0.057
0 0.5299289188178077 0.492 0.04601571268237935 0.06
0 0.5753834642723532 0.58875 0.03741114852225964 0.0615
0 0.6099887766554434 0.62275 0.04451926674148896 0.0465
0 0.6528245417134306 0.60775 0.04938271604938271 0.0445
0 0.6634867190422746 0.57925 0.046763935652824544 0.0465
0 0.7014590347923682 0.60975 0.05013093901982791 0.0585
0 0.6161616161616161 0.5735 0.0508791619902731 0.054
0 0.5983913206135428 0.535 0.04377104377104377 0.053
0 0.5688365132809577 0.491 0.04826038159371493 0.06
0 0.5542461653572764 0.43925 0.040029928918817806 0.0625
0 0.5145903479236813 0.40175 0.04826038159371493 0.0605
0 0.47418630751964086 0.363 0.0512532734754957 0.058
0 0.43284698840254393 0.26925 0.04788627010849233 0.0695
0 0.4820426487093154 0.305 0.046763935652824544 0.064
0 0.43490460157126826 0.1945 0.05200149644594089 0.075
0 0.43565282454171345 0.106 0.053497942386831275 0.07
0 0.4902731013842125 0.069 0.053497942386831275 0.07
0 0.47493453049008605 0.15475 0.052749719416386086 0.0725
0 0.48110736999625886 0.22125 0.051627384960718295 0.0635
0 0.5394687616909839 0.06525 0.0508791619902731 0.0775
0 0.5329218106995884 0.1415 0.04900860456416012 0.069
0 0.5317994762439207 0.215 0.04526748971193416 0.072
0 0.5243172465394688 0.27925 0.04601571268237935 0.0715
0 0.5579872802095024 0.35525 0.04526748971193416 0.0625
0 0.5968948746726525 0.376 0.04377104377104377 0.068
0 0.6015712682379349 0.436 0.051627384960718295 0.054
0 0.6141040029928919 0.48625 0.04526748971193416 0.0555
0 0.6427235316124205 0.53075 0.04788627010849233 0.0485
0 0.6610549943883277 0.478 0.04489337822671156 0.054
0 0.6835016835016835 0.52175 0.04414515525626637 0.0645
0 0.7160493827160493 0.5485 0.04564160119715675 0.055
0 0.7704826038159371 0.6045 0.037037037037037035 0.053
0 0.7338196782641228 0.507 0.049756827534605315 0.052
0 0.7052001496445941 0.4695 0.05387205387205387 0.06
0 0.666292555181444 0.4275 0.0508791619902731 0.054
0 0.7775907220351664 0.52425 0.046763935652824544 0.0575
0 0.8007856341189674 0.55975 0.04302282080059858 0.0435
0 0.8185559296670408 0.49975 0.048634493078937524 0.0655
0 0.7521511410400299 0.4565 0.049756827534605315 0.057
0 0.7897493453049008 0.46325 0.0411522633744856 0.0565
0 0.8376356154133932 0.45175 0.05312383090160868 0.0565
0 0.70894126449682 0.408 0.04938271604938271 0.064
0 0.6659184436962214 0.367 0.051627384960718295 0.069
0 0.5989524878413768 0.318 0.05312383090160868 0.059
0 0.5824915824915825 0.249 0.04938271604938271 0.061
0 0.5772540216984662 0.1895 0.0508791619902731 0.07
0 0.6341189674523008 0.26225 0.04713804713804714 0.0625
0 0.5963337074448185 0.06375 0.0508791619902731 0.0765
0 0.6157875046763935 0.12775 0.054620276842499066 0.0645
0 0.6277590722035167 0.197 0.05611672278338945 0.059
0 0.6778900112233446 0.17275 0.055368499812944255 0.0675
0 0.6777029554807332 0.2655 0.0512532734754957 0.075
0 0.7005237560793116 0.31475 0.046763935652824544 0.0595
0 0.745230078563412 0.356 0.04788627010849233 0.064
0 0.7775907220351664 0.40125 0.052749719416386086 0.0505
0 0.7884399551066218 0.345 0.04826038159371493 0.058
0 0.8275346053123831 0.3925 0.04339693228582117 0.056
0 0.8784137673026562 0.38025 0.0508791619902731 0.0635
0 0.7450430228208006 0.2785 0.053497942386831275 0.07
0 0.7167976056864945 0.217 0.04713804713804714 0.072
0 0.7263374485596708 0.1305 0.05424616535727647 0.068
0 0.7635615413393191 0.21375 0.052375607931163484 0.0675
0 0.7931163486719043 0.26 0.04489337822671156 0.067
0 0.833707444818556 0.2885 0.0512532734754957 0.075
0 0.33127572016460904 0.272 0.04526748971193416 0.055