0 0.40266316579144784 0.12225 0.0603900975243811 0.0975
0 0.32483120780195046 0.17425 0.05326331582895724 0.0735
0 0.2828207051762941 0.2155 0.04876219054763691 0.081
0 0.21699174793698425 0.23625 0.05813953488372093 0.0885
0 0.40247561890472616 0.21075 0.04276069017254314 0.0685
0 0.3715303825956489 0.2315 0.04688672168042011 0.074
0 0.32633158289572395 0.259 0.06526631657914479 0.076
0 0.28507126781695424 0.3115 0.05701425356339085 0.076
0 0.23330832708177043 0.3465 0.0622655663915979 0.082
0 0.19092273068267065 0.38525 0.05701425356339085 0.0735
0 0.1676669167291823 0.4605 0.058514628657164294 0.075
0 0.2087396849212303 0.507 0.050637659414853715 0.066
0 0.177231807951988 0.56525 0.061890472618154536 0.0685
0 0.13747186796699173 0.64175 0.06264066016504126 0.0745
0 0.15866466616654162 0.6845 0.058514628657164294 0.057
0 0.33477119279819956 0.331 0.04838709677419355 0.076
0 0.3008252063015754 0.3805 0.05401350337584396 0.072
0 0.2535633908477119 0.436 0.05926481620405101 0.072
0 0.2625656414103526 0.492 0.056264066016504126 0.062
0 0.25318829707426854 0.568 0.051762940735183796 0.062
0 0.4461740435108777 0.25625 0.05288822205551388 0.0765
0 0.39909977494373594 0.30375 0.05701425356339085 0.0735
0 0.5281320330082521 0.2345 0.0555138784696174 0.079
0 0.5202550637659414 0.2905 0.042010502625656414 0.056
0 0.48499624906226557 0.324 0.0450112528132033 0.068
0 0.4416729182295574 0.335 0.052138034508627154 0.068
0 0.3809077269317329 0.3665 0.052138034508627154 0.07
0 0.359152288072018 0.42675 0.0603900975243811 0.0735
0 0.31714178544636157 0.47875 0.04913728432108027 0.0775
0 0.3160165041260315 0.53625 0.05588897224306077 0.0645
0 0.20836459114778694 0.6715 0.0671417854463616 0.07
0 0.2738184546136534 0.6735 0.0622655663915979 0.073
0 0.21192798199549887 0.76025 0.06001500375093773 0.0745
0 0.26481620405101275 0.75325 0.047261815453863466 0.0715
0 0.30513878469617406 0.7505 0.046136534133533386 0.061
0 0.304013503375844 0.67475 0.04388597149287322 0.0615
0 0.3546511627906977 0.74375 0.047636909227306824 0.0505
0 0.3486496624156039 0.67775 0.052138034508627154 0.0605
0 0.3332708177044261 0.62175 0.06264066016504126 0.0665
0 0.3657164291072768 0.57825 0.058514628657164294 0.0675
0 0.3840960240060015 0.63025 0.05026256564141035 0.0605
0 0.3977869467366842 0.691 0.046136534133533386 0.066
0 0.4081020255063766 0.74525 0.051762940735183796 0.0635
0 0.4491747936984246 0.71875 0.050637659414853715 0.0615
0 0.4386721680420105 0.666 0.047636909227306824 0.058
0 0.359714928732183 0.49825 0.046511627906976744 0.0725
0 0.4112903225806452 0.53625 0.046136534133533386 0.0645
0 0.4064141035258815 0.4545 0.04688672168042011 0.077
0 0.44017254313578397 0.3925 0.052138034508627154 0.072
0 0.5365716429107277 0.35375 0.047636909227306824 0.0665
0 0.562828207051763 0.31625 0.04388597149287322 0.0775
0 0.486496624156039 0.38325 0.04951237809452363 0.0665
0 0.4604276069017254 0.43925 0.04913728432108027 0.0655
0 0.43960990247561893 0.49475 0.04876219054763691 0.0565
0 0.458927231807952 0.55375 0.046136534133533386 0.0585
0 0.4512378094523631 0.61 0.04426106526631658 0.06
0 0.47936984246061515 0.69025 0.042010502625656414 0.0565
0 0.5198799699924981 0.75125 0.047261815453863466 0.0625
0 0.5446361590397599 0.70325 0.046511627906976744 0.0505
0 0.5435108777194299 0.7445 0.03825956489122281 0.06
0 0.5202550637659414 0.66575 0.04801200300075019 0.0635
0 0.4981245311327832 0.60425 0.04051012753188297 0.0655
0 0.5163165791447862 0.55475 0.047636909227306824 0.0615
0 0.49118529632408103 0.492 0.04988747186796699 0.067
0 0.5163165791447862 0.4495 0.047636909227306824 0.069
0 0.5750187546886721 0.372 0.0450112528132033 0.066
0 0.6012753188297074 0.34525 0.04126031507876969 0.0645
0 0.6363465866466617 0.363 0.038634658664666165 0.07
0 0.5838334583645911 0.43425 0.04988747186796699 0.0665
0 0.5401350337584396 0.50525 0.04576144036009002 0.0605
0 0.5883345836459115 0.49075 0.04238559639909977 0.0605
0 0.5532633158289573 0.5605 0.04276069017254314 0.061
0 0.5965866466616654 0.5425 0.04088522130532633 0.058
0 0.5528882220555139 0.63275 0.046511627906976744 0.0615
0 0.68192048012003 0.3555 0.03375843960990248 0.068
0 0.7087396849212303 0.376 0.03488372093023256 0.06
0 0.7565641410352588 0.36425 0.03225806451612903 0.0605
0 0.722993248312078 0.42025 0.03563390847711928 0.0535
0 0.6843585896474118 0.41275 0.04013503375843961 0.0585
0 0.6378469617404351 0.42775 0.04463615903975994 0.0635
0 0.6172168042010503 0.48575 0.03938484621155289 0.0595
0 0.6695423855963991 0.4855 0.04051012753188297 0.054
0 0.6956114028507127 0.4525 0.03563390847711928 0.056
0 0.763503375843961 0.42175 0.034133533383345835 0.0535
0 0.7856339084771192 0.42425 0.029632408102025505 0.0625
0 0.8210802700675168 0.44975 0.03075768942235559 0.0495
0 0.7126781695423856 0.4815 0.037509377344336084 0.052
0 0.7620030007501876 0.47875 0.037134283570892726 0.0535
0 0.7768192048012003 0.47925 0.029257314328582147 0.0545
0 0.809264816204051 0.51025 0.030382595648912228 0.0515
0 0.6922355588897224 0.50825 0.03938484621155289 0.0565
0 0.6521005251312828 0.53275 0.04388597149287322 0.0535
0 0.5855213803450863 0.604 0.042010502625656414 0.057
0 0.6417854463615904 0.58525 0.04351087771942986 0.0555
0 0.6061515378844711 0.643 0.04351087771942986 0.053
0 0.577456864216054 0.68675 0.04538634658664666 0.0535
0 0.5911477869467366 0.748 0.03975993998499625 0.057
0 0.6303450862715679 0.74375 0.038634658664666165 0.0525
0 0.6249062265566392 0.70075 0.042010502625656414 0.0555
0 0.6436609152288072 0.6795 0.03225806451612903 0.056
0 0.6477869467366841 0.7225 0.03150787696924231 0.048
0 0.6886721680420105 0.755 0.03150787696924231 0.04
0 0.7038634658664666 0.7325 0.030382595648912228 0.05
0 0.682483120780195 0.7035 0.037134283570892726 0.048
0 0.6624156039009752 0.6355 0.03975993998499625 0.056
0 0.6974868717179294 0.654 0.03113278319579895 0.059
0 0.6798574643660915 0.5825 0.036384096024006 0.057
0 0.7016129032258065 0.553 0.032633158289572396 0.059
0 0.6965491372843211 0.59975 0.03600900225056264 0.0435
0 0.7246811702925732 0.57225 0.029257314328582147 0.0575
0 0.7370592648162041 0.52575 0.03675918979744936 0.0525
0 0.7807576894223556 0.53475 0.030382595648912228 0.0515
0 0.8117029257314329 0.54925 0.028507126781695424 0.0455
0 0.839834958739685 0.54675 0.02700675168792198 0.0495
0 0.8148912228057015 0.57325 0.029632408102025505 0.0365
0 0.7873218304576144 0.58325 0.0345086271567892 0.0525
0 0.7963240810202551 0.6015 0.029257314328582147 0.048
0 0.8387096774193549 0.58975 0.029257314328582147 0.0455
0 0.8340210052513128 0.629 0.028132033008252063 0.052
0 0.8148912228057015 0.636 0.029632408102025505 0.05
0 0.741185296324081 0.63725 0.03675918979744936 0.0495
0 0.7659414853713429 0.631 0.03225806451612903 0.052
0 0.7830082520630157 0.64875 0.028882220555138786 0.0455
0 0.7256189047261815 0.67725 0.03488372093023256 0.0515
0 0.7507501875468867 0.67325 0.032633158289572396 0.0495
0 0.7314328582145536 0.70475 0.029257314328582147 0.0385
0 0.753563390847712 0.70775 0.025506376594148537 0.0455
0 0.7481245311327832 0.75775 0.03188297074268567 0.0405
0 0.7691297824456114 0.67525 0.02213053263315829 0.0295
0 0.7925731432858214 0.673 0.030007501875468866 0.051
0 0.8297074268567142 0.6775 0.028507126781695424 0.045
0 0.8060765191297824 0.7055 0.03225806451612903 0.044
0 0.7916354088522131 0.729 0.03563390847711928 0.042
0 0.7931357839459865 0.7495 0.034133533383345835 0.034