0 0.10090022505626407 0.3385 0.03675918979744936 0.052
0 0.1879219804951238 0.276 0.035258814703675916 0.055
0 0.06357839459864967 0.472 0.036384096024006 0.044
0 0.12340585146286571 0.424 0.03225806451612903 0.05
0 0.1744186046511628 0.3445 0.035258814703675916 0.054
0 0.11552888222055514 0.476 0.03600900225056264 0.051
0 0.11552888222055514 0.52125 0.02700675168792198 0.0425
0 0.1339084771192798 0.51225 0.03375843960990248 0.0475
0 0.1532258064516129 0.44125 0.034133533383345835 0.0485
0 0.1905476369092273 0.39675 0.02700675168792198 0.0445
0 0.20761440360090022 0.37625 0.036384096024006 0.0525
0 0.2259939984996249 0.33775 0.036384096024006 0.0455
0 0.25 0.31575 0.037134283570892726 0.0495
0 0.26894223555888974 0.374 0.03825956489122281 0.049
0 0.3083270817704426 0.36025 0.03900975243810953 0.0525
0 0.3055138784696174 0.3105 0.034133533383345835 0.048
0 0.21849212303075768 0.44325 0.04013503375843961 0.0495
0 0.25787696924231057 0.4295 0.041635408852213056 0.058
0 0.18754688672168043 0.47775 0.033008252063015754 0.0475
0 0.1714178544636159 0.54425 0.0345086271567892 0.0505
0 0.1262190547636909 0.572 0.032633158289572396 0.041
0 0.15153788447111777 0.623 0.030007501875468866 0.046
0 0.13953488372093023 0.658 0.03375843960990248 0.042
0 0.1791072768192048 0.614 0.032633158289572396 0.053
0 0.20967741935483872 0.56 0.03375843960990248 0.047
0 0.22280570142535633 0.5205 0.035258814703675916 0.047
0 0.23968492123030757 0.5905 0.03075768942235559 0.042
0 0.20648912228057015 0.64275 0.03338334583645911 0.0375
0 0.2415603900975244 0.65275 0.03375843960990248 0.0395
0 0.19579894973743436 0.67425 0.03225806451612903 0.0385
0 0.23012003000750186 0.674 0.03188297074268567 0.034
0 0.19598649662415604 0.71075 0.03788447111777944 0.0355
0 0.22674418604651161 0.76875 0.032633158289572396 0.0415
0 0.2603150787696924 0.684 0.0277569392348087 0.038
0 0.2888222055513878 0.7045 0.03375843960990248 0.041
0 0.2929482370592648 0.65375 0.0345086271567892 0.0385
0 0.2717554388597149 0.5835 0.032633158289572396 0.044
0 0.27663165791447863 0.5255 0.037134283570892726 0.042
0 0.2633158289572393 0.48075 0.019504876219054765 0.0385
0 0.28113278319579893 0.47375 0.034133533383345835 0.0415
0 0.3057014253563391 0.60075 0.03150787696924231 0.0455
0 0.30626406601650413 0.555 0.030382595648912228 0.045
0 0.3113278319579895 0.50925 0.03675918979744936 0.0435
0 0.3278319579894974 0.44525 0.037509377344336084 0.0455
0 0.336834208552138 0.39925 0.037509377344336084 0.0465
0 0.34527381845461363 0.25725 0.04088522130532633 0.0535
0 0.3790322580645161 0.3135 0.03788447111777944 0.052
0 0.3835333833458365 0.36425 0.036384096024006 0.0445
0 0.41241560390097526 0.3995 0.036384096024006 0.044
0 0.38822205551387845 0.4365 0.03825956489122281 0.048
0 0.37040510127531884 0.4615 0.03938484621155289 0.04
0 0.3546511627906977 0.50675 0.03563390847711928 0.0435
0 0.3467741935483871 0.5635 0.037134283570892726 0.047
0 0.3342085521380345 0.62025 0.0345086271567892 0.0425
0 0.33495873968492124 0.6655 0.0345086271567892 0.041
0 0.3640285071267817 0.65575 0.036384096024006 0.0425
0 0.3724681170292573 0.607 0.03675918979744936 0.047
0 0.3934733683420855 0.549 0.033008252063015754 0.041
0 0.4036009002250563 0.5025 0.03075768942235559 0.043
0 0.4206676669167292 0.46225 0.032633158289572396 0.0455
0 0.43623405851462865 0.35175 0.04051012753188297 0.0485
0 0.43792198049512376 0.3035 0.04088522130532633 0.052
0 0.4139159789947487 0.254 0.03563390847711928 0.049
0 0.4247936984246061 0.199 0.04238559639909977 0.057
0 0.4647411852963241 0.229 0.03900975243810953 0.066
0 0.5180045011252813 0.21725 0.04276069017254314 0.0515
0 0.4943735933983496 0.26925 0.03900975243810953 0.0495
0 0.5056264066016504 0.32275 0.04051012753188297 0.0495
0 0.4951237809452363 0.3795 0.037509377344336084 0.049
0 0.4609902475618905 0.40675 0.037509377344336084 0.0485
0 0.4544261065266317 0.44925 0.037134283570892726 0.0435
0 0.49381095273818454 0.43775 0.03788447111777944 0.0505
0 0.48893473368342083 0.498 0.036384096024006 0.049
0 0.47243060765191297 0.53075 0.032633158289572396 0.0415
0 0.4315453863465866 0.5295 0.03563390847711928 0.044
0 0.45311327831957987 0.58125 0.03375843960990248 0.0505
0 0.4097899474868717 0.61475 0.038634658664666165 0.0395
0 0.40266316579144784 0.64925 0.032633158289572396 0.0395
0 0.38972243060765194 0.68825 0.0345086271567892 0.0425
0 0.41597899474868716 0.72375 0.03675918979744936 0.0365
0 0.45048762190547637 0.71275 0.03975993998499625 0.0505
0 0.4461740435108777 0.651 0.03938484621155289 0.041
0 0.48499624906226557 0.6955 0.033008252063015754 0.028
0 0.4848087021755439 0.6665 0.032633158289572396 0.045
0 0.4808702175543886 0.60125 0.03375843960990248 0.0415
0 0.49868717179294825 0.56175 0.030382595648912228 0.0435
0 0.5260690172543135 0.5315 0.03338334583645911 0.045
0 0.5448237059264817 0.50025 0.03113278319579895 0.0455
0 0.5241935483870968 0.47075 0.032633158289572396 0.0445
0 0.5330082520630157 0.4265 0.03375843960990248 0.045
0 0.5360090022505627 0.36825 0.03600900225056264 0.0495
0 0.5436984246061516 0.297 0.04013503375843961 0.041
0 0.5879594898724682 0.29675 0.036384096024006 0.0585
0 0.5864591147786947 0.35375 0.04088522130532633 0.0475
0 0.5682670667666917 0.40725 0.037509377344336084 0.0425
0 0.5645161290322581 0.452 0.033008252063015754 0.043
0 0.5832708177044261 0.51175 0.03675918979744936 0.0415
0 0.5648912228057015 0.5535 0.037509377344336084 0.047
0 0.5431357839459865 0.59325 0.0345086271567892 0.0495
0 0.5211927981995499 0.611 0.03188297074268567 0.045
0 0.5202550637659414 0.69275 0.0345086271567892 0.0395
0 0.5313203300825207 0.74875 0.03488372093023256 0.0445
0 0.5671417854463616 0.7485 0.033008252063015754 0.041
0 0.5723930982745686 0.699 0.0345086271567892 0.039
0 0.5618904726181545 0.6555 0.033008252063015754 0.046
0 0.5693923480870218 0.611 0.0345086271567892 0.038
0 0.5988372093023255 0.65275 0.034133533383345835 0.0475
0 0.6052138034508627 0.5945 0.03563390847711928 0.045
0 0.6136534133533383 0.53975 0.0345086271567892 0.0385
0 0.6147786946736684 0.4865 0.03150787696924231 0.039
0 0.6084021005251313 0.44525 0.037509377344336084 0.0515
0 0.6202175543885972 0.3975 0.037134283570892726 0.042
0 0.6260315078769693 0.316 0.03600900225056264 0.043
0 0.668417104276069 0.30725 0.03825956489122281 0.0445
0 0.650225056264066 0.36125 0.03488372093023256 0.0475
0 0.668417104276069 0.413 0.03825956489122281 0.045
0 0.6459114778694673 0.46075 0.04051012753188297 0.0495
0 0.6888597149287322 0.4605 0.03938484621155289 0.046
0 0.6618529632408102 0.49575 0.03488372093023256 0.0445
0 0.7079894973743436 0.49575 0.04013503375843961 0.0425
0 0.6815453863465867 0.54575 0.033008252063015754 0.0385
0 0.6464741185296324 0.5565 0.03488372093023256 0.043
0 0.6530382595648913 0.59925 0.03375843960990248 0.0415
0 0.6841710427606902 0.591 0.03225806451612903 0.045
0 0.6603525881470368 0.6415 0.03338334583645911 0.043
0 0.6854838709677419 0.64075 0.025131282820705175 0.0375
0 0.6262190547636909 0.62975 0.032633158289572396 0.0375
0 0.6350337584396099 0.66825 0.03600900225056264 0.0395
0 0.6157164291072769 0.70225 0.03488372093023256 0.0395
0 0.6065266316579144 0.7575 0.037509377344336084 0.039
0 0.6406601650412603 0.74675 0.030007501875468866 0.0425
0 0.6521005251312828 0.70775 0.03488372093023256 0.0405
0 0.6809827456864216 0.725 0.036384096024006 0.04
0 0.7072393098274569 0.73825 0.028882220555138786 0.0385
0 0.7113653413353338 0.68575 0.034133533383345835 0.0395
0 0.740060015003751 0.649 0.03150787696924231 0.037
0 0.7139909977494373 0.60675 0.03188297074268567 0.0395
0 0.7179294823705926 0.573 0.0345086271567892 0.042
0 0.7293698424606152 0.5315 0.03338334583645911 0.043
0 0.7188672168042011 0.4525 0.03338334583645911 0.047
0 0.7123030757689423 0.39 0.037509377344336084 0.04
0 0.7301200300075019 0.347 0.034133533383345835 0.045
0 0.7875093773443361 0.37375 0.038634658664666165 0.0465
0 0.8248312078019505 0.3765 0.033008252063015754 0.05
0 0.7580645161290323 0.41925 0.03825956489122281 0.0485
0 0.8032633158289573 0.43025 0.037134283570892726 0.0485
0 0.8255813953488372 0.4545 0.030007501875468866 0.041
0 0.7696924231057765 0.4705 0.037509377344336084 0.045
0 0.799324831207802 0.482 0.03150787696924231 0.047
0 0.7605026256564141 0.5055 0.034133533383345835 0.037
0 0.7968867216804201 0.53425 0.03488372093023256 0.0455
0 0.7612528132033008 0.5615 0.03563390847711928 0.044
0 0.786946736684171 0.5845 0.03225806451612903 0.04
0 0.7623780945236309 0.61325 0.03338334583645911 0.0465
0 0.7721305326331583 0.64475 0.028882220555138786 0.0335
0 0.7713803450862715 0.6775 0.02138034508627157 0.028
0 0.7591897974493623 0.70175 0.03375843960990248 0.0445
0 0.7642535633908477 0.7465 0.02738184546136534 0.036
0 0.7321830457614403 0.774 0.030007501875468866 0.033
0 0.6991747936984246 0.77775 0.033008252063015754 0.0365
0 0.808702175543886 0.735 0.030007501875468866 0.038
0 0.809264816204051 0.67125 0.03563390847711928 0.0325
0 0.8085146286571643 0.62525 0.03338334583645911 0.0405
0 0.8495873968492123 0.66125 0.03075768942235559 0.0425
0 0.8261440360090022 0.571 0.03113278319579895 0.043
0 0.8574643660915229 0.586 0.037509377344336084 0.039
0 0.832145536384096 0.67225 0.012378094523630907 0.0165
0 0.8743435858964741 0.65925 0.019504876219054765 0.0365
0 0.8664666166541636 0.622 0.029257314328582147 0.035
0 0.9094148537134283 0.62775 0.03113278319579895 0.0305
0 0.9099774943735934 0.595 0.0345086271567892 0.043
0 0.9306076519129782 0.578 0.029257314328582147 0.038
0 0.9296699174793699 0.53625 0.034133533383345835 0.0415
0 0.8893473368342085 0.54875 0.0345086271567892 0.0415
0 0.8561515378844711 0.53925 0.03338334583645911 0.0425
0 0.8390847711927982 0.5195 0.03975993998499625 0.047
0 0.8702175543885972 0.50175 0.03600900225056264 0.0425
0 0.891972993248312 0.49075 0.0277569392348087 0.0475
0 0.8696549137284321 0.4405 0.03113278319579895 0.043
0 0.8342085521380345 0.409 0.03375843960990248 0.039