0 0.12903225806451613 0.31075 0.06826706676669167 0.0935
0 0.17760690172543137 0.3945 0.06864216054013503 0.077
0 0.13840960240060016 0.4105 0.06976744186046512 0.08
0 0.17179294823705926 0.485 0.06676669167291822 0.081
0 0.21099024756189047 0.45675 0.06939234808702176 0.0725
0 0.22168042010502625 0.54975 0.06301575393848462 0.0755
0 0.25431357839459867 0.60225 0.06976744186046512 0.0795
0 0.3208927231807952 0.64 0.059639909977494375 0.066
0 0.2891972993248312 0.572 0.06376594148537135 0.06
0 0.26875468867216806 0.5145 0.06639159789947487 0.077
0 0.24606151537884471 0.42475 0.07351837959489872 0.0915
0 0.21849212303075768 0.31975 0.06489122280570142 0.0995
0 0.27831957989497375 0.38575 0.07576894223555888 0.1015
0 0.3148912228057014 0.4625 0.0603900975243811 0.084
0 0.34321080270067517 0.528 0.07201800450112528 0.077
0 0.36440360090022506 0.5935 0.06639159789947487 0.064
0 0.3925356339084771 0.652 0.059639909977494375 0.072
0 0.45161290322580644 0.67375 0.0622655663915979 0.0615
0 0.4232933233308327 0.61475 0.059639909977494375 0.0705
0 0.4032258064516129 0.5495 0.06451612903225806 0.074
0 0.40472618154538637 0.47675 0.0622655663915979 0.0835
0 0.36534133533383345 0.4005 0.07201800450112528 0.083
0 0.4249812453113278 0.42075 0.07876969242310577 0.0885
0 0.47336834208552137 0.501 0.06976744186046512 0.075
0 0.4983120780195049 0.43 0.061890472618154536 0.078
0 0.4741185296324081 0.56275 0.06451612903225806 0.0685
0 0.48874718679669915 0.62625 0.06751687921980495 0.0685
0 0.5150037509377344 0.70025 0.06526631657914479 0.0655
0 0.5337584396099024 0.7495 0.06301575393848462 0.064
0 0.5611402850712678 0.651 0.056264066016504126 0.073
0 0.5450112528132033 0.5485 0.06676669167291822 0.076
0 0.5618904726181545 0.47475 0.07576894223555888 0.0845
0 0.1639159789947487 0.23825 0.0690172543135784 0.0905
0 0.22936984246061515 0.2115 0.07164291072768192 0.092
0 0.27831957989497375 0.27975 0.08252063015753938 0.0925
0 0.3027006751687922 0.1615 0.0690172543135784 0.099
0 0.37490622655663913 0.25275 0.06864216054013503 0.0965
0 0.40566391597899476 0.139 0.07389347336834208 0.096
0 0.45067516879219804 0.23025 0.07839459864966242 0.1005
0 0.4463615903975994 0.30425 0.07576894223555888 0.0855
0 0.5331957989497375 0.326 0.07914478619654913 0.089
0 0.5448237059264817 0.2505 0.07914478619654913 0.089
0 0.6346586646661665 0.312 0.08327081770442611 0.1
0 0.7023630907726932 0.38325 0.07764441110277569 0.1035
0 0.7064891222805701 0.483 0.07239309827456865 0.097
0 0.6106526631657915 0.402 0.08252063015753938 0.086
0 0.6442235558889723 0.46575 0.06864216054013503 0.0935
0 0.7633158289572393 0.48725 0.05926481620405101 0.0745
0 0.6115903975993998 0.55275 0.06789197299324831 0.0775
0 0.682483120780195 0.5635 0.07314328582145536 0.073
0 0.7256189047261815 0.59725 0.06939234808702176 0.0775
0 0.7916354088522131 0.594 0.07164291072768192 0.08
0 0.7786946736684172 0.66325 0.072768192048012 0.0655
0 0.6571642910727682 0.6415 0.07351837959489872 0.076
0 0.6989872468117029 0.6685 0.06939234808702176 0.071
0 0.7456864216054013 0.7155 0.07501875468867217 0.063
0 0.6262190547636909 0.6985 0.0671417854463616 0.067
0 0.6517254313578394 0.7355 0.06864216054013503 0.056
0 0.6157164291072769 0.788 0.05438859714928732 0.067
0 0.6654163540885222 0.81475 0.06451612903225806 0.0625
0 0.708927231807952 0.77175 0.07351837959489872 0.0655