0 0.08064516129032258 0.4955 0.05101275318829707 0.071
0 0.10746436609152288 0.59375 0.055138784696174045 0.1025
0 0.15660165041260315 0.641 0.05888972243060765 0.088
0 0.16785446361590398 0.56825 0.0641410352588147 0.0765
0 0.23405851462865718 0.57475 0.05926481620405101 0.0825
0 0.26200300075018756 0.6365 0.061140285071267814 0.087
0 0.3302700675168792 0.641 0.055138784696174045 0.092
0 0.390847711927982 0.61125 0.06451612903225806 0.0885
0 0.4576144036009002 0.60425 0.0622655663915979 0.0895
0 0.5106901725431358 0.57125 0.06639159789947487 0.0895
0 0.29426106526631657 0.57075 0.05738934733683421 0.0835
0 0.3467741935483871 0.554 0.05438859714928732 0.075
0 0.41016504126031506 0.5285 0.0603900975243811 0.085
0 0.47843210802700675 0.51175 0.05813953488372093 0.0795
0 0.5474493623405852 0.50725 0.06864216054013503 0.0805
0 0.5823330832708177 0.57575 0.06639159789947487 0.0875
0 0.1380345086271568 0.50975 0.05326331582895724 0.0775
0 0.19036009002250562 0.4945 0.061140285071267814 0.077
0 0.2518754688672168 0.50525 0.059639909977494375 0.0775
0 0.30888972243060764 0.493 0.0603900975243811 0.077
0 0.36552888222055513 0.4735 0.05888972243060765 0.086
0 0.445423855963991 0.4185 0.05813953488372093 0.089
0 0.5075018754688673 0.4315 0.058514628657164294 0.085
0 0.5648912228057015 0.42625 0.06526631657914479 0.0835
0 0.5542010502625656 0.35575 0.05813953488372093 0.0785
0 0.4913728432108027 0.36475 0.06001500375093773 0.0755
0 0.4291072768192048 0.36175 0.056264066016504126 0.0675
0 0.36027756939234806 0.39225 0.06489122280570142 0.0745
0 0.30007501875468867 0.414 0.06451612903225806 0.07
0 0.2203675918979745 0.42775 0.055138784696174045 0.0675
0 0.15978994748687173 0.44925 0.05101275318829707 0.0675
0 0.1005251312828207 0.4195 0.05701425356339085 0.072
0 0.13447111777944487 0.35825 0.050637659414853715 0.0715
0 0.17573143285821455 0.376 0.05738934733683421 0.064
0 0.26500375093773443 0.3875 0.0603900975243811 0.07
0 0.3107651912978245 0.3545 0.05438859714928732 0.072
0 0.36834208552138037 0.3265 0.06376594148537135 0.078
0 0.4163540885221305 0.2785 0.05926481620405101 0.063
0 0.47505626406601653 0.3055 0.05738934733683421 0.067
0 0.5367591897974494 0.2835 0.06001500375093773 0.07
0 0.5935858964741185 0.2775 0.061140285071267814 0.087
0 0.5958364591147787 0.19125 0.061140285071267814 0.0805
0 0.5296324081020255 0.1685 0.06301575393848462 0.083
0 0.4808702175543886 0.17125 0.05326331582895724 0.0655
0 0.4778694673668417 0.231 0.06001500375093773 0.065
0 0.42104276069017255 0.20325 0.06339084771192798 0.0725
0 0.42760690172543137 0.13925 0.05776444111027757 0.0685
0 0.3563390847711928 0.1305 0.060765191297824456 0.063
0 0.359152288072018 0.18475 0.05888972243060765 0.0715
0 0.3208927231807952 0.20775 0.050637659414853715 0.0705
0 0.3075768942235559 0.269 0.04951237809452363 0.083
0 0.27906976744186046 0.25175 0.04126031507876969 0.0705
0 0.26556639159789946 0.31325 0.06001500375093773 0.0755
0 0.21586646661665415 0.3225 0.0536384096024006 0.071
0 0.16054013503375844 0.298 0.056264066016504126 0.064
0 0.23124531132783196 0.26625 0.05138784696174044 0.0595
0 0.6522880720180045 0.2545 0.060765191297824456 0.072
0 0.7246811702925732 0.27725 0.06976744186046512 0.0875
0 0.8079519879969993 0.276 0.06301575393848462 0.082
0 0.8705926481620405 0.29125 0.06601650412603151 0.0855
0 0.8799699924981246 0.3835 0.06751687921980495 0.089
0 0.8231432858214554 0.37 0.07164291072768192 0.092
0 0.7629407351837959 0.33475 0.06976744186046512 0.0915
0 0.6800450112528132 0.317 0.06301575393848462 0.084
0 0.6145911477869468 0.349 0.0641410352588147 0.08
0 0.6528507126781695 0.4095 0.07464366091522881 0.088
0 0.714178544636159 0.39225 0.07051762940735183 0.0875
0 0.6159039759939985 0.48625 0.07351837959489872 0.0725
0 0.6890472618154538 0.4905 0.06976744186046512 0.091
0 0.7507501875468867 0.4565 0.06864216054013503 0.086
0 0.8203300825206301 0.46525 0.07351837959489872 0.0945
0 0.8724681170292573 0.48775 0.06151537884471118 0.0905
0 0.8480870217554388 0.5495 0.06976744186046512 0.094
0 0.9223555888972244 0.56975 0.07876969242310577 0.0915
0 0.8801575393848462 0.6525 0.07164291072768192 0.084
0 0.794073518379595 0.6155 0.06451612903225806 0.092
0 0.7711927981995499 0.5415 0.06526631657914479 0.083
0 0.7184921230307577 0.57225 0.07539384846211553 0.0915
0 0.6466616654163541 0.54675 0.06751687921980495 0.0895
0 0.359714928732183 0.258 0.05926481620405101 0.07