0 0.2402475618904726 0.095 0.06489122280570142 0.082
0 0.304013503375844 0.1155 0.059639909977494375 0.094
0 0.3454613653413353 0.17525 0.051762940735183796 0.0865
0 0.2891972993248312 0.20025 0.05926481620405101 0.0955
0 0.25150037509377343 0.224 0.05588897224306077 0.08
0 0.1734808702175544 0.1455 0.059639909977494375 0.093
0 0.14703675918979744 0.24175 0.056264066016504126 0.0865
0 0.16522880720180044 0.316 0.06564141035258815 0.078
0 0.22580645161290322 0.32125 0.05476369092273068 0.0755
0 0.12771942985746437 0.3645 0.061890472618154536 0.075
0 0.18829707426856715 0.39225 0.05701425356339085 0.0805
0 0.23218304576144036 0.3935 0.05926481620405101 0.071
0 0.2854463615903976 0.36 0.05401350337584396 0.079
0 0.3122655663915979 0.293 0.0536384096024006 0.081
0 0.3629032258064516 0.2695 0.061140285071267814 0.087
0 0.4019129782445611 0.193 0.05438859714928732 0.092
0 0.43623405851462865 0.27025 0.05251312828207052 0.0845
0 0.48424606151537886 0.2475 0.06826706676669167 0.083
0 0.5288822205551388 0.18325 0.06751687921980495 0.0935
0 0.5500750187546887 0.271 0.06264066016504126 0.087
0 0.4827456864216054 0.33175 0.06376594148537135 0.0815
0 0.43642160540135033 0.36425 0.059639909977494375 0.0805
0 0.48893473368342083 0.40325 0.056639159789947484 0.0735
0 0.5371342835708928 0.4185 0.05326331582895724 0.072
0 0.5453863465866466 0.35025 0.05401350337584396 0.0795
0 0.3758439609902476 0.3505 0.05776444111027757 0.068
0 0.3690922730682671 0.43275 0.056264066016504126 0.0795
0 0.3148912228057014 0.43 0.05138784696174044 0.074
0 0.2558139534883721 0.4685 0.056264066016504126 0.08
0 0.19579894973743436 0.46475 0.058514628657164294 0.0625
0 0.13484621155288823 0.44275 0.061890472618154536 0.0735
0 0.16110277569392348 0.514 0.046136534133533386 0.071
0 0.11384096024006002 0.53625 0.0603900975243811 0.0645
0 0.14516129032258066 0.579 0.05326331582895724 0.066
0 0.20236309077269318 0.56725 0.05438859714928732 0.0575
0 0.23987246811702925 0.51675 0.055138784696174045 0.0635
0 0.27644411102775696 0.574 0.05101275318829707 0.074
0 0.29951237809452363 0.626 0.050637659414853715 0.065
0 0.2308702175543886 0.62875 0.05288822205551388 0.0725
0 0.29013503375843963 0.5285 0.047636909227306824 0.069
0 0.33083270817704424 0.523 0.06301575393848462 0.08
0 0.3869092273068267 0.549 0.05588897224306077 0.078
0 0.327456864216054 0.594 0.056264066016504126 0.07
0 0.34902475618904727 0.65375 0.05813953488372093 0.0755
0 0.42366841710427605 0.455 0.05588897224306077 0.078
0 0.47843210802700675 0.487 0.05888972243060765 0.083
0 0.5230682670667667 0.4905 0.059639909977494375 0.075
0 0.4960615153788447 0.547 0.04913728432108027 0.068
0 0.4279819954988747 0.49725 0.05326331582895724 0.0555
0 0.44204801200300076 0.56875 0.05288822205551388 0.0625
0 0.4045386346586647 0.63225 0.056639159789947484 0.0765
0 0.4052888222055514 0.67725 0.04913728432108027 0.0625
0 0.4465491372843211 0.70775 0.04838709677419355 0.0665
0 0.4486121530382596 0.62225 0.04051012753188297 0.0685
0 0.48330832708177046 0.62925 0.05588897224306077 0.0665
0 0.47768192048012004 0.6795 0.0536384096024006 0.068
0 0.4896849212303076 0.755 0.04538634658664666 0.059
0 0.5266316579144786 0.71375 0.05251312828207052 0.0695
0 0.5371342835708928 0.647 0.05326331582895724 0.067
0 0.5502625656414104 0.5835 0.05026256564141035 0.067
0 0.5403225806451613 0.80325 0.04688672168042011 0.0655
0 0.5654538634658665 0.89075 0.05138784696174044 0.0635
0 0.5868342085521381 0.809 0.036384096024006 0.058
0 0.6217179294823706 0.80225 0.04988747186796699 0.0705
0 0.6464741185296324 0.7995 0.041635408852213056 0.076
0 0.6993623405851462 0.8175 0.046136534133533386 0.066
0 0.7441860465116279 0.77875 0.05326331582895724 0.0605
0 0.7023630907726932 0.7275 0.04838709677419355 0.062
0 0.6524756189047262 0.7225 0.036384096024006 0.066
0 0.6249062265566392 0.72225 0.04576144036009002 0.0685
0 0.5688297074268567 0.7395 0.04388597149287322 0.064
0 0.5834583645911477 0.6885 0.04988747186796699 0.061
0 0.5984621155288822 0.6205 0.052138034508627154 0.06
0 0.6472243060765192 0.6405 0.047636909227306824 0.058
0 0.572205551387847 0.54375 0.0536384096024006 0.0615
0 0.6001500375093773 0.4785 0.05926481620405101 0.065
0 0.628469617404351 0.53375 0.0536384096024006 0.0765
0 0.6348462115528882 0.572 0.04838709677419355 0.052
0 0.6939234808702176 0.5035 0.04951237809452363 0.08
0 0.6899849962490623 0.53975 0.05438859714928732 0.0485
0 0.7053638409602401 0.61375 0.050637659414853715 0.0695
0 0.7349962490622656 0.6635 0.0536384096024006 0.056
0 0.7693173293323331 0.719 0.04951237809452363 0.07
0 0.8394598649662416 0.71875 0.05926481620405101 0.0735
0 0.7815078769692423 0.62 0.0536384096024006 0.068
0 0.7344336084021005 0.5645 0.04876219054763691 0.063
0 0.6669167291822956 0.421 0.05701425356339085 0.077
0 0.7046136534133534 0.4175 0.037134283570892726 0.066
0 0.6177794448612153 0.3845 0.060765191297824456 0.071
0 0.590960240060015 0.31475 0.0536384096024006 0.0725
0 0.6354088522130532 0.25775 0.05926481620405101 0.0795
0 0.6558514628657164 0.33125 0.06264066016504126 0.0775
0 0.7010502625656414 0.27325 0.05401350337584396 0.0855
0 0.7466241560390098 0.35625 0.0641410352588147 0.0865
0 0.7843210802700675 0.39325 0.06376594148537135 0.0805
0 0.7745686421605401 0.459 0.05326331582895724 0.069
0 0.7655663915978995 0.4985 0.05251312828207052 0.052
0 0.7918229557389347 0.30925 0.06001500375093773 0.0735
0 0.8540885221305327 0.355 0.0622655663915979 0.082
0 0.9017254313578394 0.354 0.0555138784696174 0.084
0 0.9148537134283571 0.4055 0.056264066016504126 0.071
0 0.8377719429857464 0.4265 0.05888972243060765 0.063
0 0.8846586646661665 0.45375 0.0536384096024006 0.0705
0 0.93192048012003 0.48375 0.05588897224306077 0.0835
0 0.8379594898724682 0.5045 0.05326331582895724 0.06
0 0.8240810202550638 0.5765 0.047261815453863466 0.067
0 0.8614028507126782 0.60925 0.05588897224306077 0.0765
0 0.9298574643660915 0.5745 0.05251312828207052 0.082