0 0.3143285821455364 0.15275 0.08477119279819954 0.1045
0 0.2175543885971493 0.1475 0.08777194298574643 0.105
0 0.17760690172543137 0.24175 0.08214553638409602 0.0955
0 0.14141035258814705 0.331 0.08552138034508627 0.104
0 0.1588522130532633 0.4235 0.07764441110277569 0.099
0 0.13484621155288823 0.5385 0.08739684921230308 0.1
0 0.20723930982745686 0.578 0.08439609902475619 0.099
0 0.2231807951987997 0.363 0.07651912978244561 0.107
0 0.2308702175543886 0.477 0.07914478619654913 0.107
0 0.2933233308327082 0.324 0.08552138034508627 0.101
0 0.3090772693173293 0.41225 0.08102025506376594 0.0935
0 0.36271567891972994 0.2525 0.07876969242310577 0.106
0 0.44561140285071266 0.249 0.07576894223555888 0.105
0 0.4062265566391598 0.34225 0.07726931732933233 0.0965
0 0.3945986496624156 0.4245 0.07351837959489872 0.101
0 0.3430232558139535 0.496 0.07989497374343586 0.1
0 0.28413353338334585 0.55275 0.08364591147786947 0.0995
0 0.2871342835708927 0.6475 0.08064516129032258 0.091
0 0.29276069017254314 0.74025 0.07539384846211553 0.1025
0 0.35596399099774945 0.7935 0.07126781695423856 0.102
0 0.3657164291072768 0.683 0.06601650412603151 0.101
0 0.4174793698424606 0.8345 0.07651912978244561 0.103
0 0.4773068267066767 0.864 0.06789197299324831 0.083
0 0.5343210802700675 0.9185 0.07164291072768192 0.09
0 0.4891222805701425 0.32925 0.07876969242310577 0.1065
0 0.46417854463615904 0.41625 0.08139534883720931 0.1055
0 0.562828207051763 0.3245 0.07239309827456865 0.099
0 0.5566391597899475 0.4245 0.07426856714178545 0.103
0 0.5086271567891973 0.503 0.08177044261065267 0.092
0 0.42385596399099773 0.54725 0.08177044261065267 0.0875
0 0.6781695423855963 0.3555 0.06601650412603151 0.089
0 0.6175918979744937 0.38775 0.07014253563390847 0.0945
0 0.42779444861215304 0.65275 0.07614403600900226 0.1005
0 0.4356714178544636 0.74425 0.07539384846211553 0.0965
0 0.5971492873218305 0.91575 0.06976744186046512 0.0955
0 0.641410352588147 0.86275 0.0690172543135784 0.0975
0 0.5688297074268567 0.84825 0.0671417854463616 0.0925
0 0.5045011252813203 0.7745 0.07201800450112528 0.092
0 0.49456114028507125 0.6795 0.06264066016504126 0.093
0 0.5476369092273068 0.7185 0.06001500375093773 0.092
0 0.6093398349587397 0.769 0.07014253563390847 0.093
0 0.6989872468117029 0.7995 0.061890472618154536 0.103
0 0.6798574643660915 0.44925 0.06264066016504126 0.1005
0 0.6099024756189048 0.478 0.07351837959489872 0.091
0 0.5635783945986497 0.55875 0.07539384846211553 0.0925
0 0.5009377344336085 0.60025 0.08064516129032258 0.0975
0 0.5534508627156789 0.64525 0.06864216054013503 0.0845
0 0.609714928732183 0.686 0.0708927231807952 0.095
0 0.7376219054763691 0.8215 0.0671417854463616 0.092
0 0.8118904726181545 0.77275 0.06264066016504126 0.0885
0 0.7314328582145536 0.749 0.07126781695423856 0.092
0 0.6789197299324832 0.6945 0.06451612903225806 0.088
0 0.6262190547636909 0.59675 0.07164291072768192 0.0985
0 0.6892348087021756 0.615 0.07539384846211553 0.094
0 0.7273068267066767 0.656 0.06301575393848462 0.096
0 0.7927606901725431 0.6925 0.07539384846211553 0.089
0 0.8366466616654163 0.61525 0.07389347336834208 0.1005
0 0.6667291822955739 0.53375 0.0708927231807952 0.0825
0 0.7348087021755438 0.513 0.07351837959489872 0.096
0 0.7616279069767442 0.5685 0.07314328582145536 0.092
0 0.7783195798949737 0.46125 0.06826706676669167 0.0895
0 0.8207051762940735 0.52775 0.07651912978244561 0.0905