0 0.06976744186046512 0.24475 0.06526631657914479 0.0925
0 0.1329707426856714 0.219 0.06789197299324831 0.089
0 0.14534883720930233 0.304 0.06264066016504126 0.088
0 0.08927231807951988 0.337 0.0622655663915979 0.082
0 0.21042760690172543 0.2785 0.06601650412603151 0.095
0 0.2550637659414854 0.351 0.06526631657914479 0.088
0 0.17160540135033758 0.3855 0.0641410352588147 0.094
0 0.11909227306826707 0.4035 0.0641410352588147 0.087
0 0.16916729182295573 0.46975 0.056264066016504126 0.0795
0 0.11946736684171043 0.477 0.050637659414853715 0.072
0 0.22074268567141786 0.42275 0.06339084771192798 0.0815
0 0.28225806451612906 0.436 0.0671417854463616 0.082
0 0.22449362340585147 0.5 0.059639909977494375 0.077
0 0.2815078769692423 0.51475 0.061140285071267814 0.0905
0 0.3342085521380345 0.53475 0.06601650412603151 0.0725
0 0.36159039759939987 0.58925 0.058514628657164294 0.0675
0 0.304013503375844 0.5975 0.059639909977494375 0.077
0 0.245311327831958 0.57275 0.06151537884471118 0.0785
0 0.17123030757689423 0.58125 0.06339084771192798 0.0805
0 0.07895723930982745 0.57825 0.06489122280570142 0.0795
0 0.1399099774943736 0.61925 0.05326331582895724 0.0775
0 0.17648162040510126 0.68925 0.05588897224306077 0.0795
0 0.20836459114778694 0.6325 0.05588897224306077 0.065
0 0.259377344336084 0.64225 0.055138784696174045 0.0795
0 0.2327456864216054 0.70825 0.059639909977494375 0.0795
0 0.29369842460615153 0.70125 0.05326331582895724 0.0825
0 0.3353338334583646 0.665 0.060765191297824456 0.082
0 0.3437734433608402 0.7345 0.06339084771192798 0.071
0 0.39478619654913727 0.64825 0.055138784696174045 0.0775
0 0.20330082520630158 0.74425 0.05401350337584396 0.0595
0 0.2548762190547637 0.76775 0.04463615903975994 0.0605
0 0.3073893473368342 0.76175 0.050637659414853715 0.0505
0 0.3336459114778695 0.83 0.05288822205551388 0.064
0 0.3677794448612153 0.80275 0.05438859714928732 0.0685
0 0.28319579894973745 0.82575 0.056264066016504126 0.0725
0 0.200112528132033 0.817 0.06339084771192798 0.06
0 0.23330832708177043 0.861 0.04876219054763691 0.072
0 0.28319579894973745 0.88025 0.04951237809452363 0.0645
0 0.33233308327081773 0.897 0.056264066016504126 0.062
0 0.3842835708927232 0.892 0.04838709677419355 0.062
0 0.39741185296324083 0.84725 0.055138784696174045 0.0665
0 0.4186046511627907 0.78775 0.051762940735183796 0.0735
0 0.43960990247561893 0.83875 0.03975993998499625 0.0575
0 0.4551762940735184 0.788 0.038634658664666165 0.063
0 0.4866841710427607 0.8325 0.04838709677419355 0.06
0 0.4814328582145536 0.771 0.05288822205551388 0.067
0 0.5120030007501876 0.78075 0.04351087771942986 0.0645
0 0.5519504876219055 0.79625 0.04388597149287322 0.0605
0 0.6035258814703676 0.79575 0.047261815453863466 0.0625
0 0.5630157539384846 0.747 0.047261815453863466 0.06
0 0.49849962490622657 0.70975 0.05401350337584396 0.0695
0 0.44392348087021755 0.67825 0.056639159789947484 0.0705
0 0.43210802700675166 0.61025 0.05926481620405101 0.0755
0 0.4013503375843961 0.5445 0.05776444111027757 0.068
0 0.3698424606151538 0.478 0.06676669167291822 0.074
0 0.34658664666166544 0.4115 0.060765191297824456 0.079
0 0.32389347336834207 0.338 0.06264066016504126 0.086
0 0.38165791447861963 0.3475 0.059639909977494375 0.089
0 0.4118529632408102 0.41625 0.05926481620405101 0.0805
0 0.4317329332333083 0.486 0.0622655663915979 0.078
0 0.4578019504876219 0.535 0.052138034508627154 0.067
0 0.5030007501875469 0.57675 0.05926481620405101 0.0795
0 0.5300075018754689 0.64225 0.05401350337584396 0.0705
0 0.5718304576144037 0.61525 0.046136534133533386 0.0725
0 0.5748312078019505 0.541 0.05138784696174044 0.061
0 0.5243810952738185 0.509 0.047261815453863466 0.063
0 0.495873968492123 0.464 0.051762940735183796 0.072
0 0.47168042010502625 0.403 0.05738934733683421 0.073
0 0.5249437359339835 0.394 0.050637659414853715 0.075
0 0.4373593398349587 0.33675 0.05401350337584396 0.0735
0 0.31114028507126784 0.216 0.061890472618154536 0.082
0 0.3505251312828207 0.26825 0.0641410352588147 0.0835
0 0.41841710427606904 0.26575 0.05888972243060765 0.0835
0 0.47449362340585144 0.27575 0.0555138784696174 0.0875
0 0.5221305326331583 0.32025 0.06451612903225806 0.0805
0 0.5761440360090022 0.2905 0.05251312828207052 0.08
0 0.5932108027006752 0.362 0.05138784696174044 0.075
0 0.6108402100525131 0.23625 0.052138034508627154 0.0745
0 0.6387846961740435 0.31175 0.058514628657164294 0.0815
0 0.6477869467366841 0.388 0.05776444111027757 0.077
0 0.5725806451612904 0.43025 0.055138784696174045 0.0785
0 0.5978994748687172 0.48725 0.04876219054763691 0.0675
0 0.6761065266316579 0.33625 0.052138034508627154 0.0735
0 0.7713803450862715 0.27575 0.0708927231807952 0.0805
0 0.7785071267816954 0.34975 0.059639909977494375 0.0775
0 0.8197674418604651 0.389 0.04838709677419355 0.072
0 0.7792573143285821 0.41975 0.055138784696174045 0.0785
0 0.7023630907726932 0.434 0.05738934733683421 0.078
0 0.6641035258814704 0.46625 0.05438859714928732 0.0725
0 0.6984246061515379 0.503 0.05326331582895724 0.065
0 0.7565641410352588 0.4825 0.05701425356339085 0.073
0 0.7966991747936985 0.4855 0.04876219054763691 0.07
0 0.8627156789197299 0.45225 0.06001500375093773 0.0745
0 0.9133533383345837 0.52125 0.05251312828207052 0.0755
0 0.8493998499624906 0.542 0.05138784696174044 0.072
0 0.8537134283570893 0.60975 0.047261815453863466 0.0725
0 0.7636909227306826 0.544 0.04801200300075019 0.066
0 0.7824456114028507 0.575 0.04951237809452363 0.054
0 0.6522880720180045 0.5295 0.05026256564141035 0.062
0 0.677794448612153 0.5695 0.05101275318829707 0.062
0 0.6286571642910728 0.593 0.0450112528132033 0.067
0 0.6175918979744937 0.6635 0.050637659414853715 0.063
0 0.6716054013503376 0.64275 0.05138784696174044 0.0685
0 0.7016129032258065 0.659 0.04238559639909977 0.064
0 0.7173668417104276 0.592 0.04913728432108027 0.055
0 0.7672543135783946 0.65175 0.050637659414853715 0.0705
0 0.8096399099774944 0.6605 0.047636909227306824 0.07
0 0.7426856714178545 0.704 0.04801200300075019 0.061
0 0.668417104276069 0.70375 0.04951237809452363 0.0645
0 0.6918604651162791 0.72725 0.04388597149287322 0.0585
0 0.6110277569392348 0.7245 0.04426106526631658 0.064
0 0.6442235558889723 0.7545 0.047636909227306824 0.06