0 0.14309827456864216 0.27875 0.05888972243060765 0.0765
0 0.12884471117779445 0.33125 0.05888972243060765 0.0695
0 0.09208552138034509 0.39975 0.059639909977494375 0.0755
0 0.10802700675168792 0.4535 0.05401350337584396 0.059
0 0.14628657164291073 0.4015 0.060765191297824456 0.077
0 0.1774193548387097 0.339 0.056264066016504126 0.074
0 0.1693548387096774 0.459 0.04463615903975994 0.054
0 0.13672168042010502 0.51925 0.05588897224306077 0.0685
0 0.14891222805701426 0.57725 0.05776444111027757 0.0675
0 0.18829707426856715 0.62025 0.05701425356339085 0.0565
0 0.24399849962490622 0.62425 0.04988747186796699 0.0645
0 0.20648912228057015 0.587 0.05138784696174044 0.061
0 0.20461365341335333 0.51025 0.050637659414853715 0.0575
0 0.20330082520630158 0.452 0.05326331582895724 0.078
0 0.2501875468867217 0.481 0.04876219054763691 0.066
0 0.2556264066016504 0.57 0.04913728432108027 0.059
0 0.2929482370592648 0.59175 0.04876219054763691 0.0605
0 0.3454613653413353 0.598 0.04951237809452363 0.059
0 0.3445236309077269 0.53525 0.05138784696174044 0.0625
0 0.2946361590397599 0.4975 0.0536384096024006 0.057
0 0.23330832708177043 0.36525 0.05251312828207052 0.0675
0 0.2726931732933233 0.41875 0.05326331582895724 0.0755
0 0.31976744186046513 0.4555 0.04688672168042011 0.065
0 0.3698424606151538 0.4775 0.05326331582895724 0.059
0 0.38822205551387845 0.542 0.04576144036009002 0.066
0 0.4069767441860465 0.5985 0.047261815453863466 0.066
0 0.20048762190547637 0.21775 0.05888972243060765 0.0705
0 0.23405851462865718 0.15475 0.05326331582895724 0.0875
0 0.25825206301575393 0.22775 0.05438859714928732 0.0725
0 0.2288072018004501 0.29225 0.05251312828207052 0.0715
0 0.2693173293323331 0.30175 0.060765191297824456 0.0745
0 0.304013503375844 0.14725 0.04913728432108027 0.0765
0 0.31564141035258814 0.23125 0.06264066016504126 0.0775
0 0.35427606901725434 0.12975 0.056639159789947484 0.0875
0 0.386721680420105 0.21 0.05701425356339085 0.074
0 0.35277569392348085 0.2895 0.055138784696174045 0.068
0 0.3259564891222806 0.34975 0.05026256564141035 0.0705
0 0.36027756939234806 0.3915 0.05138784696174044 0.064
0 0.37715678919729934 0.34325 0.046136534133533386 0.0715
0 0.40247561890472616 0.42425 0.047261815453863466 0.0695
0 0.4146661665416354 0.4895 0.052138034508627154 0.068
0 0.436046511627907 0.55975 0.05288822205551388 0.0745
0 0.4679294823705927 0.597 0.04988747186796699 0.063
0 0.4482370592648162 0.63675 0.04426106526631658 0.0635
0 0.48330832708177046 0.67525 0.047636909227306824 0.0605
0 0.5296324081020255 0.6685 0.05326331582895724 0.057
0 0.5084396099024756 0.61175 0.04463615903975994 0.0555
0 0.5596399099774944 0.629 0.04876219054763691 0.075
0 0.5887096774193549 0.64725 0.043135783945986494 0.0505
0 0.5665791447861965 0.719 0.047636909227306824 0.053
0 0.6089647411852963 0.72525 0.04538634658664666 0.0575
0 0.4013503375843961 0.28225 0.05251312828207052 0.0655
0 0.43454613653413354 0.22975 0.05138784696174044 0.0745
0 0.47449362340585144 0.159 0.056264066016504126 0.075
0 0.5339459864966242 0.18525 0.05813953488372093 0.0835
0 0.5050637659414854 0.26125 0.04688672168042011 0.0735
0 0.44579894973743434 0.316 0.050637659414853715 0.071
0 0.4255438859714929 0.3755 0.05138784696174044 0.073
0 0.4722430607651913 0.39425 0.05101275318829707 0.0675
0 0.46155288822205554 0.436 0.05438859714928732 0.055
0 0.463615903975994 0.50725 0.05251312828207052 0.0625
0 0.5028132033008252 0.55075 0.052138034508627154 0.0565
0 0.5635783945986497 0.2425 0.05138784696174044 0.07
0 0.5453863465866466 0.30875 0.05101275318829707 0.0675
0 0.5335708927231808 0.3805 0.05288822205551388 0.073
0 0.5108777194298575 0.42425 0.04951237809452363 0.0565
0 0.5106901725431358 0.48425 0.04838709677419355 0.0565
0 0.5510127531882971 0.5035 0.03900975243810953 0.062
0 0.5525131282820706 0.449 0.04876219054763691 0.062
0 0.6324081020255063 0.22925 0.04426106526631658 0.0695
0 0.6001500375093773 0.28875 0.05326331582895724 0.0665
0 0.5806451612903226 0.34 0.04801200300075019 0.066
0 0.5924606151537885 0.40725 0.04913728432108027 0.0645
0 0.5418229557389347 0.573 0.04388597149287322 0.065
0 0.6445986496624156 0.7035 0.04088522130532633 0.053
0 0.6391597899474869 0.65825 0.04576144036009002 0.0535
0 0.7014253563390848 0.71175 0.04876219054763691 0.0535
0 0.5834583645911477 0.569 0.04238559639909977 0.06
0 0.609714928732183 0.603 0.04463615903975994 0.048
0 0.6479744936234059 0.59475 0.04088522130532633 0.0495
0 0.6294073518379595 0.56725 0.046511627906976744 0.0615
0 0.5988372093023255 0.4825 0.04463615903975994 0.063
0 0.6333458364591148 0.502 0.041635408852213056 0.061
0 0.6350337584396099 0.43875 0.04801200300075019 0.0575
0 0.6252813203300825 0.363 0.046511627906976744 0.066
0 0.6551012753188297 0.3145 0.05288822205551388 0.069
0 0.6963615903975994 0.27675 0.05738934733683421 0.0635
0 0.6933608402100525 0.3485 0.038634658664666165 0.062
0 0.6746061515378845 0.399 0.04838709677419355 0.062
0 0.7192423105776444 0.40175 0.04838709677419355 0.0615
0 0.6779819954988747 0.4925 0.04838709677419355 0.059
0 0.6676669167291823 0.5525 0.042010502625656414 0.058
0 0.7331207801950488 0.681 0.041635408852213056 0.056
0 0.6837959489872468 0.63025 0.04426106526631658 0.0535
0 0.7023630907726932 0.57975 0.038634658664666165 0.0565
0 0.7711927981995499 0.6555 0.0450112528132033 0.056
0 0.7323705926481621 0.6085 0.04013503375843961 0.056
0 0.7349962490622656 0.56325 0.041635408852213056 0.0555
0 0.707801950487622 0.524 0.0450112528132033 0.054
0 0.7273068267066767 0.47675 0.0450112528132033 0.0635
0 0.7636909227306826 0.51525 0.04801200300075019 0.0615
0 0.7786946736684172 0.58475 0.042010502625656414 0.0505
0 0.7989497374343586 0.6115 0.04051012753188297 0.055
0 0.8668417104276069 0.6215 0.03675918979744936 0.058
0 0.8025131282820706 0.55975 0.036384096024006 0.0565
0 0.7882595648912228 0.5165 0.03563390847711928 0.059
0 0.7843210802700675 0.46725 0.04576144036009002 0.0565
0 0.7655663915978995 0.43125 0.04351087771942986 0.0675
0 0.7831957989497375 0.3745 0.04426106526631658 0.071
0 0.8499624906226556 0.35625 0.0450112528132033 0.0615
0 0.8015753938484621 0.388 0.03900975243810953 0.06
0 0.8750937734433608 0.3695 0.02700675168792198 0.04
0 0.8270817704426107 0.43825 0.0450112528132033 0.0655
0 0.8737809452363091 0.41325 0.04463615903975994 0.0585
0 0.8885971492873218 0.41225 0.02175543885971493 0.0295
0 0.8559639909977494 0.46425 0.03900975243810953 0.0605
0 0.8342085521380345 0.51475 0.047261815453863466 0.0585
0 0.8739684921230307 0.501 0.04876219054763691 0.061
0 0.8904726181545386 0.45575 0.04576144036009002 0.0575
0 0.9124156039009752 0.46 0.03188297074268567 0.047
0 0.9186046511627907 0.512 0.03825956489122281 0.045
0 0.8739684921230307 0.56075 0.037509377344336084 0.0605
0 0.495873968492123 0.32175 0.051762940735183796 0.0665