0 0.1005251312828207 0.553 0.051762940735183796 0.057
0 0.14891222805701426 0.489 0.04951237809452363 0.061
0 0.18979744936234058 0.4415 0.05026256564141035 0.057
0 0.22918229557389347 0.37975 0.04951237809452363 0.0535
0 0.26575393848462114 0.321 0.05288822205551388 0.065
0 0.2815078769692423 0.276 0.061890472618154536 0.079
0 0.35202550637659413 0.27 0.04913728432108027 0.067
0 0.32708177044261066 0.32675 0.04576144036009002 0.0665
0 0.32295573893473367 0.38425 0.05101275318829707 0.0585
0 0.26556639159789946 0.3855 0.04876219054763691 0.064
0 0.2415603900975244 0.43475 0.05251312828207052 0.0585
0 0.21192798199549887 0.4945 0.04951237809452363 0.06
0 0.17573143285821455 0.54575 0.0536384096024006 0.0535
0 0.15978994748687173 0.585 0.04576144036009002 0.064
0 0.1993623405851463 0.595 0.047636909227306824 0.062
0 0.14516129032258066 0.62875 0.04351087771942986 0.0575
0 0.1828582145536384 0.6385 0.04688672168042011 0.064
0 0.14309827456864216 0.6985 0.046136534133533386 0.064
0 0.18229557389347337 0.74125 0.0450112528132033 0.0645
0 0.22280570142535633 0.77675 0.04876219054763691 0.0685
0 0.24981245311327832 0.7305 0.04951237809452363 0.062
0 0.2213053263315829 0.677 0.05326331582895724 0.063
0 0.2250562640660165 0.647 0.047261815453863466 0.064
0 0.2736309077269317 0.66775 0.046136534133533386 0.0595
0 0.2948237059264816 0.73775 0.04276069017254314 0.0535
0 0.3058889722430608 0.7825 0.04538634658664666 0.054
0 0.236496624156039 0.549 0.04538634658664666 0.059
0 0.2569392348087022 0.493 0.04426106526631658 0.069
0 0.2837584396099025 0.546 0.04988747186796699 0.058
0 0.27156789197299325 0.61 0.051762940735183796 0.062
0 0.2933233308327082 0.44825 0.047261815453863466 0.0615
0 0.3015753938484621 0.505 0.05326331582895724 0.061
0 0.3420855213803451 0.45 0.047261815453863466 0.062
0 0.3675918979744936 0.38625 0.04126031507876969 0.0655
0 0.37715678919729934 0.335 0.04988747186796699 0.065
0 0.4165416354088522 0.30175 0.047636909227306824 0.0685
0 0.40472618154538637 0.19575 0.0555138784696174 0.0755
0 0.4576144036009002 0.2305 0.04951237809452363 0.07
0 0.5123780945236309 0.2145 0.04876219054763691 0.07
0 0.4857464366091523 0.282 0.0450112528132033 0.062
0 0.4568642160540135 0.32925 0.047261815453863466 0.0615
0 0.42085521380345087 0.3655 0.04876219054763691 0.051
0 0.5386346586646662 0.26925 0.04351087771942986 0.0665
0 0.5819579894973743 0.2545 0.046136534133533386 0.06
0 0.5579519879969993 0.314 0.04538634658664666 0.06
0 0.5106901725431358 0.33325 0.04538634658664666 0.0625
0 0.5937734433608403 0.322 0.035258814703675916 0.073
0 0.3293323330832708 0.56275 0.04426106526631658 0.0575
0 0.3201425356339085 0.6215 0.04688672168042011 0.06
0 0.3158289572393098 0.68675 0.04426106526631658 0.0645
0 0.354463615903976 0.69725 0.04426106526631658 0.0615
0 0.3548387096774194 0.75675 0.04951237809452363 0.0605
0 0.34752438109527384 0.806 0.05288822205551388 0.063
0 0.3975993998499625 0.7895 0.04576144036009002 0.056
0 0.43717179294823705 0.7675 0.041635408852213056 0.054
0 0.39797449362340587 0.70575 0.037509377344336084 0.0535
0 0.4347336834208552 0.70525 0.04051012753188297 0.0575
0 0.40753938484621155 0.662 0.046136534133533386 0.059
0 0.45461365341335336 0.65425 0.04576144036009002 0.0705
0 0.3717179294823706 0.60175 0.04351087771942986 0.0595
0 0.4109152288072018 0.597 0.04088522130532633 0.059
0 0.3792198049512378 0.5535 0.04051012753188297 0.055
0 0.3614028507126782 0.50375 0.04688672168042011 0.0565
0 0.4139159789947487 0.542 0.04688672168042011 0.063
0 0.459489872468117 0.588 0.04351087771942986 0.062
0 0.4549887471867967 0.5355 0.04126031507876969 0.058
0 0.386721680420105 0.451 0.04801200300075019 0.063
0 0.42948237059264815 0.482 0.04351087771942986 0.062
0 0.4240435108777194 0.414 0.04388597149287322 0.061
0 0.4606151537884471 0.37975 0.04426106526631658 0.0655
0 0.4656789197299325 0.453 0.04463615903975994 0.057
0 0.48537134283570893 0.49625 0.042010502625656414 0.0645
0 0.5039384846211553 0.44425 0.04538634658664666 0.0615
0 0.5016879219804952 0.599 0.043135783945986494 0.059
0 0.4924981245311328 0.6475 0.04576144036009002 0.056
0 0.4797449362340585 0.70875 0.04951237809452363 0.0515
0 0.47768192048012004 0.76475 0.046136534133533386 0.0625
0 0.5285071267816954 0.75325 0.042010502625656414 0.0635
0 0.5673293323330832 0.779 0.043135783945986494 0.069
0 0.5658289572393098 0.709 0.04688672168042011 0.061
0 0.5455738934733684 0.65775 0.04463615903975994 0.0585
0 0.5386346586646662 0.60625 0.04351087771942986 0.0635
0 0.5256939234808702 0.54925 0.04988747186796699 0.0635
0 0.5365716429107277 0.4975 0.04463615903975994 0.064
0 0.5669542385596399 0.5475 0.046136534133533386 0.061
0 0.5210052513128282 0.3875 0.042010502625656414 0.062
0 0.5453863465866466 0.43125 0.046511627906976744 0.0655
0 0.5575768942235559 0.3715 0.04238559639909977 0.064
0 0.5993998499624906 0.38125 0.04126031507876969 0.0605
0 0.6451612903225806 0.39875 0.04576144036009002 0.0625
0 0.609152288072018 0.449 0.04426106526631658 0.063
0 0.6417854463615904 0.45275 0.046511627906976744 0.0565
0 0.6864216054013503 0.466 0.04576144036009002 0.067
0 0.5918979744936234 0.50125 0.04576144036009002 0.0575
0 0.673668417104276 0.525 0.04276069017254314 0.063
0 0.722430607651913 0.5185 0.05326331582895724 0.064
0 0.6511627906976745 0.58675 0.0450112528132033 0.0595
0 0.59152288072018 0.63825 0.046511627906976744 0.0595
0 0.6290322580645161 0.63625 0.042010502625656414 0.0595
0 0.6974868717179294 0.576 0.041635408852213056 0.057
0 0.7456864216054013 0.58275 0.04576144036009002 0.0635
0 0.7695048762190547 0.61675 0.04388597149287322 0.0605
0 0.6798574643660915 0.637 0.04463615903975994 0.059
0 0.6189047261815454 0.6895 0.04426106526631658 0.056
0 0.6018379594898725 0.7565 0.04463615903975994 0.052
0 0.6093398349587397 0.7905 0.041635408852213056 0.045
0 0.6468492123030758 0.74325 0.043135783945986494 0.0535
0 0.6575393848462115 0.8055 0.04351087771942986 0.056
0 0.6999249812453113 0.80325 0.04126031507876969 0.0575
0 0.7259939984996249 0.83175 0.04013503375843961 0.0555
0 0.6843585896474118 0.74375 0.046136534133533386 0.0565
0 0.6614778694673669 0.67675 0.04388597149287322 0.0595
0 0.7003000750187547 0.67875 0.04051012753188297 0.0555
0 0.7201800450112528 0.7575 0.03975993998499625 0.052
0 0.7554388597149287 0.76375 0.03975993998499625 0.0505
0 0.7441860465116279 0.7215 0.04276069017254314 0.058
0 0.777006751687922 0.73525 0.04238559639909977 0.0585
0 0.7346211552888222 0.66125 0.04238559639909977 0.0595
0 0.7771942985746436 0.663 0.04576144036009002 0.053