0 0.10840210052513129 0.361 0.06976744186046512 0.098
0 0.11646661665416354 0.4785 0.06789197299324831 0.099
0 0.16204051012753187 0.419 0.072768192048012 0.086
0 0.2010502625656414 0.49625 0.0690172543135784 0.1035
0 0.16016504126031508 0.57075 0.06976744186046512 0.1005
0 0.21942985746436608 0.61075 0.06826706676669167 0.0955
0 0.26200300075018756 0.68175 0.07389347336834208 0.0995
0 0.33570892723180795 0.69825 0.06976744186046512 0.0915
0 0.29163540885221306 0.6125 0.0708927231807952 0.083
0 0.2663165791447862 0.534 0.07126781695423856 0.101
0 0.23312078019504875 0.434 0.06864216054013503 0.092
0 0.14159789947486873 0.271 0.07014253563390847 0.104
0 0.1963615903975994 0.32475 0.06264066016504126 0.1005
0 0.2591897974493623 0.35775 0.07801950487621906 0.1005
0 0.200112528132033 0.22525 0.06864216054013503 0.1045
0 0.2516879219804951 0.256 0.07651912978244561 0.087
0 0.2678169542385596 0.169 0.058514628657164294 0.1
0 0.34077269317329334 0.23325 0.07239309827456865 0.0955
0 0.3529632408102025 0.14075 0.0622655663915979 0.0935
0 0.4079144786196549 0.137 0.07464366091522881 0.098
0 0.4139159789947487 0.24825 0.07464366091522881 0.0915
0 0.35108777194298574 0.364 0.0795198799699925 0.092
0 0.3047636909227307 0.44375 0.0641410352588147 0.1025
0 0.3469617404351088 0.53025 0.07576894223555888 0.0905
0 0.3782820705176294 0.6105 0.07164291072768192 0.083
0 0.42198049512378094 0.69175 0.07126781695423856 0.0915
0 0.4904351087771943 0.69575 0.07239309827456865 0.0755
0 0.5630157539384846 0.68775 0.07876969242310577 0.0845
0 0.6010877719429858 0.754 0.07314328582145536 0.083
0 0.4463615903975994 0.624 0.06751687921980495 0.094
0 0.5204426106526632 0.60175 0.07839459864966242 0.0875
0 0.4129782445611403 0.5285 0.06376594148537135 0.101
0 0.49006001500375096 0.5195 0.07014253563390847 0.089
0 0.4019129782445611 0.43525 0.0641410352588147 0.0935
0 0.4111027756939235 0.34675 0.07501875468867217 0.0975
0 0.4780570142535634 0.4335 0.07464366091522881 0.088
0 0.4857464366091523 0.33125 0.06751687921980495 0.1065
0 0.49774943735933985 0.224 0.07651912978244561 0.098
0 0.4990622655663916 0.1275 0.08139534883720931 0.094
0 0.5920855213803451 0.1415 0.08214553638409602 0.106
0 0.5888972243060765 0.25425 0.08027006751687922 0.1075
0 0.5588897224306076 0.3575 0.07576894223555888 0.098
0 0.5596399099774944 0.4615 0.07726931732933233 0.099
0 0.6252813203300825 0.42775 0.07801950487621906 0.1065
0 0.6217179294823706 0.5095 0.06489122280570142 0.088
0 0.6052138034508627 0.6 0.06339084771192798 0.101
0 0.7016129032258065 0.761 0.07164291072768192 0.096
0 0.7711927981995499 0.78725 0.0690172543135784 0.0865
0 0.6862340585146287 0.614 0.08439609902475619 0.095
0 0.7304951237809453 0.6675 0.07614403600900226 0.088
0 0.8028882220555139 0.6855 0.08064516129032258 0.094
0 0.7033008252063015 0.525 0.07501875468867217 0.091
0 0.7565641410352588 0.5585 0.06751687921980495 0.102
0 0.8229557389347337 0.588 0.08177044261065267 0.094
0 0.7008627156789198 0.4075 0.07539384846211553 0.097
0 0.7528132033008252 0.444 0.07501875468867217 0.108
0 0.8330832708177044 0.4995 0.07501875468867217 0.097
0 0.8207051762940735 0.40325 0.08102025506376594 0.1015
0 0.7569392348087022 0.341 0.0690172543135784 0.098
0 0.7016129032258065 0.303 0.07314328582145536 0.112
0 0.6400975243810952 0.3145 0.07764441110277569 0.111
0 0.6706676669167292 0.197 0.07876969242310577 0.104