0 0.1168417104276069 0.45525 0.059639909977494375 0.0745
0 0.1397224306076519 0.51275 0.055138784696174045 0.0665
0 0.16485371342835708 0.46725 0.047636909227306824 0.0785
0 0.18998499624906226 0.5235 0.04838709677419355 0.077
0 0.2203675918979745 0.493 0.05588897224306077 0.067
0 0.20180045011252815 0.421 0.05026256564141035 0.066
0 0.24643660915228807 0.436 0.05401350337584396 0.067
0 0.2777569392348087 0.50025 0.04838709677419355 0.0725
0 0.15078769692423105 0.38675 0.051762940735183796 0.0715
0 0.09696174043510877 0.37525 0.0536384096024006 0.0765
0 0.1254688672168042 0.30275 0.04913728432108027 0.0745
0 0.1592273068267067 0.257 0.05888972243060765 0.081
0 0.17385596399099776 0.3315 0.05288822205551388 0.077
0 0.21680420105026257 0.374 0.05701425356339085 0.076
0 0.23405851462865718 0.29775 0.056264066016504126 0.0745
0 0.2203675918979745 0.22525 0.04838709677419355 0.0745
0 0.2912603150787697 0.177 0.05288822205551388 0.082
0 0.2846961740435109 0.25075 0.05926481620405101 0.0685
0 0.3023255813953488 0.32025 0.05776444111027757 0.0715
0 0.2753188297074269 0.3755 0.05701425356339085 0.07
0 0.33214553638409605 0.39075 0.05288822205551388 0.0745
0 0.3066391597899475 0.44175 0.05813953488372093 0.0685
0 0.3394598649662416 0.5025 0.051762940735183796 0.075
0 0.31114028507126784 0.555 0.05438859714928732 0.062
0 0.26069017254313576 0.55575 0.051762940735183796 0.0515
0 0.2126781695423856 0.59175 0.04951237809452363 0.0615
0 0.14422355588897223 0.59125 0.050637659414853715 0.0675
0 0.16447861965491373 0.6785 0.05288822205551388 0.071
0 0.25975243810952736 0.69025 0.04838709677419355 0.0625
0 0.26556639159789946 0.619 0.04351087771942986 0.057
0 0.3113278319579895 0.62725 0.056264066016504126 0.0625
0 0.30982745686421603 0.6875 0.046511627906976744 0.056
0 0.3548387096774194 0.676 0.05101275318829707 0.068
0 0.36384096024006 0.6105 0.05026256564141035 0.06
0 0.4064141035258815 0.66575 0.04688672168042011 0.0695
0 0.44692423105776447 0.626 0.052138034508627154 0.056
0 0.37021755438859716 0.55225 0.05401350337584396 0.0555
0 0.4240435108777194 0.5685 0.05138784696174044 0.062
0 0.44954988747186797 0.51625 0.055138784696174045 0.0645
0 0.481807951987997 0.5685 0.050637659414853715 0.072
0 0.38053263315828956 0.46775 0.05288822205551388 0.0575
0 0.4322955738934734 0.44775 0.050637659414853715 0.0755
0 0.390847711927982 0.4005 0.05326331582895724 0.074
0 0.3629032258064516 0.329 0.05288822205551388 0.077
0 0.4163540885221305 0.3175 0.05326331582895724 0.083
0 0.37884471117779445 0.25975 0.05326331582895724 0.0795
0 0.3565266316579145 0.1895 0.05588897224306077 0.082
0 0.4257314328582146 0.2075 0.05401350337584396 0.083
0 0.47655663915978996 0.166 0.05588897224306077 0.087
0 0.472993248312078 0.2555 0.05776444111027757 0.076
0 0.45817704426106526 0.38525 0.0536384096024006 0.0635
0 0.4908102025506377 0.32475 0.05288822205551388 0.0775
0 0.5459489872468117 0.35975 0.056639159789947484 0.0665
0 0.5341335333833458 0.25575 0.05476369092273068 0.0805
0 0.5918979744936234 0.267 0.060765191297824456 0.07
0 0.545198799699925 0.15825 0.055138784696174045 0.0775
0 0.605026256564141 0.182 0.060765191297824456 0.078
0 0.6869842460615154 0.18025 0.061140285071267814 0.0815
0 0.7372468117029257 0.2155 0.05438859714928732 0.08
0 0.6941110277569392 0.26375 0.0536384096024006 0.0825
0 0.7642535633908477 0.29325 0.06339084771192798 0.0905
0 0.7175543885971493 0.3275 0.06601650412603151 0.078
0 0.6509752438109527 0.32425 0.061140285071267814 0.0715
0 0.5990247561890473 0.351 0.05776444111027757 0.074
0 0.6277194298574643 0.4075 0.056639159789947484 0.069
0 0.5703300825206301 0.41575 0.05588897224306077 0.0755
0 0.5093773443360841 0.41375 0.05326331582895724 0.0665
0 0.4973743435858965 0.4795 0.05326331582895724 0.056
0 0.5528882220555139 0.481 0.051762940735183796 0.068
0 0.5296324081020255 0.54625 0.051762940735183796 0.0725
0 0.5819579894973743 0.54375 0.055138784696174045 0.0645
0 0.6033383345836459 0.4655 0.04988747186796699 0.064
0 0.6569767441860465 0.45825 0.050637659414853715 0.0725
0 0.7160540135033758 0.4585 0.056264066016504126 0.07
0 0.6858589647411854 0.39625 0.052138034508627154 0.0785
0 0.6359714928732183 0.52425 0.055138784696174045 0.0625
0 0.687171792948237 0.51425 0.047261815453863466 0.0675
0 0.7423105776444111 0.515 0.05251312828207052 0.059
0 0.5238184546136534 0.61075 0.04838709677419355 0.0695
0 0.5737059264816204 0.60425 0.047636909227306824 0.0615
0 0.6269692423105776 0.5955 0.05138784696174044 0.067
0 0.6753563390847712 0.58525 0.0536384096024006 0.0675
0 0.72655663915979 0.58025 0.051762940735183796 0.0585
0 0.7788822205551388 0.585 0.04913728432108027 0.068
0 0.7965116279069767 0.51575 0.04463615903975994 0.0655
0 0.8360840210052514 0.56625 0.051762940735183796 0.0635
0 0.7751312828207052 0.45175 0.055138784696174045 0.0625
0 0.7443735933983496 0.39225 0.05138784696174044 0.0755
0 0.8015753938484621 0.35175 0.060765191297824456 0.0735
0 0.8501500375093773 0.3605 0.056639159789947484 0.073
0 0.8747186796699175 0.422 0.046511627906976744 0.082
0 0.8282070517629407 0.438 0.058514628657164294 0.068
0 0.8520255063765941 0.495 0.04688672168042011 0.073
0 0.8765941485371342 0.54075 0.05026256564141035 0.0645
0 0.9124156039009752 0.47575 0.056639159789947484 0.0715
0 0.9497374343585896 0.44275 0.0450112528132033 0.0665