0 0.3950617283950617 0.9465 0.04414515525626637 0.064
0 0.4380845491956603 0.93025 0.04489337822671156 0.0605
0 0.4777403666292555 0.9265 0.03591470258136925 0.047
0 0.5216984661429106 0.9305 0.033295922184811075 0.061
0 0.3655069210624766 0.9105 0.04713804713804714 0.06
0 0.4044145155256266 0.879 0.038159371492704826 0.063
0 0.4622147399925178 0.87725 0.03853348297792742 0.0585
0 0.49551066217732886 0.8605 0.03254769921436588 0.05
0 0.5413393191170969 0.8775 0.03741114852225964 0.058
0 0.5278713056490835 0.8165 0.04040404040404041 0.056
0 0.487467265245043 0.814 0.038159371492704826 0.058
0 0.4405162738496072 0.8265 0.040778151889263 0.054
0 0.3774784885895997 0.8195 0.04489337822671156 0.052
0 0.34044145155256267 0.8505 0.038159371492704826 0.061
0 0.3453049008604564 0.789 0.04564160119715675 0.046
0 0.4167601945379723 0.788 0.04713804713804714 0.058
0 0.455480733258511 0.77225 0.04152637485970819 0.0515
0 0.4947624392068837 0.76375 0.036288814066591846 0.0605
0 0.5340441451552562 0.7635 0.040029928918817806 0.056
0 0.306771417882529 0.73875 0.03741114852225964 0.0585
0 0.349420127197905 0.7275 0.03890759446315002 0.058
0 0.39356528245417133 0.73425 0.03591470258136925 0.0535
0 0.4337822671156005 0.7245 0.031051253273475497 0.057
0 0.47474747474747475 0.71525 0.04339693228582117 0.0615
0 0.5340441451552562 0.707 0.040029928918817806 0.051
0 0.2753460531238309 0.65375 0.04788627010849233 0.0585
0 0.336887392442948 0.6705 0.040778151889263 0.057
0 0.3772914328469884 0.68725 0.04227459783015339 0.0705
0 0.4221848110737 0.67075 0.037037037037037035 0.0485
0 0.4674523007856341 0.6555 0.036288814066591846 0.055
0 0.5076692854470632 0.6705 0.03965581743359521 0.053
0 0.5222596333707444 0.62725 0.03965581743359521 0.0515
0 0.5246913580246914 0.5715 0.03479236812570146 0.059
0 0.4891507669285447 0.60475 0.04302282080059858 0.0545
0 0.44257388701833145 0.62225 0.038159371492704826 0.0595
0 0.40142162364384587 0.6015 0.0411522633744856 0.061
0 0.3662551440329218 0.622 0.04040404040404041 0.051
0 0.28189300411522633 0.59525 0.03928170594837262 0.0545
0 0.32360643471754585 0.57375 0.04414515525626637 0.0595
0 0.365132809577254 0.56875 0.041900486344930786 0.0535
0 0.42536475869809204 0.556 0.0411522633744856 0.063
0 0.46315001870557426 0.5655 0.03890759446315002 0.051
0 0.5323606434717546 0.50875 0.03890759446315002 0.0525
0 0.5278713056490835 0.4445 0.03741114852225964 0.046
0 0.49139543583988027 0.5305 0.036288814066591846 0.055
0 0.44668911335578004 0.4545 0.031425364758698095 0.055
0 0.45417134306023194 0.51125 0.03965581743359521 0.0545
0 0.4081556303778526 0.4535 0.04040404040404041 0.052
0 0.4070332959221848 0.51 0.04339693228582117 0.059
0 0.3720538720538721 0.433 0.04302282080059858 0.054
0 0.3655069210624766 0.48425 0.04564160119715675 0.0515
0 0.3288439955106622 0.5175 0.0411522633744856 0.056
0 0.2824541713430602 0.48625 0.041900486344930786 0.0555
0 0.29255518144407033 0.42275 0.04264870931537598 0.0515
0 0.3264122708567153 0.45375 0.04227459783015339 0.0535
0 0.3000374111485223 0.3625 0.0411522633744856 0.055
0 0.3056490834268612 0.28775 0.04040404040404041 0.0565
0 0.3434343434343434 0.323 0.0411522633744856 0.065
0 0.372615039281706 0.3635 0.041900486344930786 0.051
0 0.4075944631500187 0.39625 0.040778151889263 0.0555
0 0.3836513280957725 0.2995 0.040029928918817806 0.051
0 0.4156378600823045 0.33125 0.04040404040404041 0.0485
0 0.44687616909839134 0.3705 0.03928170594837262 0.056
0 0.439768050879162 0.31175 0.031051253273475497 0.0515
0 0.4700710811821923 0.2905 0.03254769921436588 0.052
0 0.4797979797979798 0.35625 0.036288814066591846 0.0535
0 0.4784885895997007 0.418 0.03591470258136925 0.056
0 0.508791619902731 0.3965 0.03741114852225964 0.056
0 0.5063598952487841 0.3175 0.03179947624392069 0.053
0 0.5381593714927049 0.35475 0.03928170594837262 0.0515
0 0.5263748597081931 0.23725 0.03591470258136925 0.0495
0 0.535727646838758 0.18775 0.03666292555181444 0.0505
0 0.49120838009726897 0.213 0.03367003367003367 0.053
0 0.4506172839506173 0.24425 0.034044145155256264 0.0465
0 0.4178825289936401 0.2615 0.03890759446315002 0.05
0 0.37317620650953987 0.2435 0.040778151889263 0.063
0 0.34156378600823045 0.2575 0.04339693228582117 0.056
0 0.31986531986531985 0.21675 0.04414515525626637 0.0595
0 0.3481107369996259 0.19125 0.04601571268237935 0.0515
0 0.36382341937897494 0.1485 0.040778151889263 0.048
0 0.398989898989899 0.191 0.03928170594837262 0.046
0 0.40347923681257014 0.11675 0.046763935652824544 0.0515
0 0.43116348671904225 0.1505 0.033295922184811075 0.057
0 0.4693228582117471 0.174 0.037037037037037035 0.051
0 0.5072951739618407 0.15825 0.03741114852225964 0.0505
0 0.448559670781893 0.09875 0.03965581743359521 0.0575
0 0.4889637111859334 0.10325 0.04040404040404041 0.0505
0 0.5263748597081931 0.1105 0.03741114852225964 0.055
0 0.5753834642723532 0.1145 0.04489337822671156 0.055
0 0.6032547699214366 0.15475 0.03479236812570146 0.0475
0 0.5699588477366255 0.18075 0.03554059109614665 0.0545
0 0.602880658436214 0.20475 0.03479236812570146 0.0445
0 0.6286943509165731 0.195 0.03479236812570146 0.046
0 0.6612420501309391 0.21625 0.03554059109614665 0.0505
0 0.6907968574635241 0.24725 0.03778526000748223 0.0495
0 0.7136176580621025 0.28625 0.037037037037037035 0.0565
0 0.7482229704451927 0.31525 0.03292181069958848 0.0455
0 0.7656191545080434 0.36525 0.03778526000748223 0.0505
0 0.7282080059857837 0.37925 0.037037037037037035 0.0515
0 0.6990273101384212 0.37775 0.03254769921436588 0.0565
0 0.7052001496445941 0.33425 0.034418256640478866 0.0505
0 0.6724653946876169 0.29975 0.03179947624392069 0.0525
0 0.6472128694350917 0.25825 0.034418256640478866 0.0475
0 0.610362888140666 0.2625 0.02880658436213992 0.058
0 0.5725776281331837 0.2485 0.040029928918817806 0.057
0 0.6444070332959222 0.30375 0.025065469509913955 0.0525
0 0.6670407781518892 0.34575 0.03591470258136925 0.0455
0 0.6107369996258886 0.3375 0.036288814066591846 0.052
0 0.5849233071455293 0.29975 0.03853348297792742 0.0545
0 0.547699214365881 0.293 0.04339693228582117 0.054
0 0.5761316872427984 0.36 0.03965581743359521 0.044
0 0.6363636363636364 0.3795 0.03591470258136925 0.044
0 0.6034418256640479 0.39425 0.034418256640478866 0.0545
0 0.5667789001122334 0.4195 0.03367003367003367 0.053
0 0.562102506546951 0.47125 0.036288814066591846 0.0525
0 0.5581743359521137 0.5395 0.035166479610924055 0.053
0 0.5879161990273102 0.505 0.030303030303030304 0.055
0 0.5957725402169847 0.44975 0.03554059109614665 0.0505
0 0.6210250654695099 0.484 0.032173587729143284 0.054
0 0.6386083052749719 0.42475 0.03591470258136925 0.0565
0 0.6601197156752713 0.46825 0.04152637485970819 0.0465
0 0.6702207257762813 0.42525 0.02955480733258511 0.0475
0 0.7117471006359896 0.4335 0.037037037037037035 0.054
0 0.7411148522259633 0.4235 0.035166479610924055 0.046
0 0.7861952861952862 0.40925 0.03554059109614665 0.0535
0 0.8028432472876917 0.48 0.0306771417882529 0.056
0 0.7601945379723157 0.47175 0.03367003367003367 0.0535
0 0.7280209502431725 0.49825 0.034418256640478866 0.0565
0 0.6980920314253648 0.481 0.03591470258136925 0.054
0 0.6588103254769921 0.52125 0.035166479610924055 0.0525
0 0.6199027310138421 0.53425 0.03591470258136925 0.0505
0 0.5976430976430976 0.5705 0.052749719416386086 0.053
0 0.703890759446315 0.53125 0.03853348297792742 0.0485
0 0.5561167227833894 0.5865 0.034044145155256264 0.05
0 0.6251402918069585 0.58825 0.03591470258136925 0.0525
0 0.6412270856715301 0.5735 0.026936026936026935 0.048
0 0.7210998877665544 0.58075 0.040029928918817806 0.0555
0 0.7542087542087542 0.5465 0.035166479610924055 0.049
0 0.7738496071829405 0.513 0.03554059109614665 0.049
0 0.7345679012345679 0.61675 0.040029928918817806 0.0485
0 0.6739618406285073 0.613 0.03554059109614665 0.048
0 0.7121212121212122 0.6505 0.04302282080059858 0.046
0 0.6503928170594837 0.6335 0.034044145155256264 0.048
0 0.6221473999251778 0.64125 0.03591470258136925 0.0525
0 0.5860456416011972 0.6285 0.03479236812570146 0.054
0 0.5591096146651702 0.6705 0.03853348297792742 0.057
0 0.5959595959595959 0.68775 0.03591470258136925 0.0585
0 0.6376730265619155 0.6935 0.037037037037037035 0.054
0 0.6763935652824542 0.67675 0.0411522633744856 0.0515
0 0.6515151515151515 0.747 0.04152637485970819 0.057
0 0.6172839506172839 0.744 0.035166479610924055 0.05
0 0.5626636737747849 0.7305 0.035166479610924055 0.051
0 0.5673400673400674 0.805 0.03853348297792742 0.06
0 0.6240179573512907 0.793 0.038159371492704826 0.052
0 0.599700710811822 0.83925 0.03965581743359521 0.0445
0 0.5751964085297419 0.8885 0.040029928918817806 0.046
0 0.33557800224466894 0.38875 0.04040404040404041 0.0625