0 0.4337959489872468 0.1695 0.07914478619654913 0.099
0 0.29857464366091524 0.287 0.07651912978244561 0.099
0 0.25431357839459867 0.364 0.07351837959489872 0.087
0 0.1886721680420105 0.4575 0.07501875468867217 0.09
0 0.1686046511627907 0.5075 0.07314328582145536 0.07
0 0.10521380345086272 0.5915 0.061890472618154536 0.09
0 0.18510877719429858 0.58475 0.07689422355588897 0.0895
0 0.15172543135783945 0.64225 0.0641410352588147 0.0855
0 0.25318829707426854 0.60975 0.072768192048012 0.0865
0 0.21567891972993247 0.70575 0.05926481620405101 0.0885
0 0.2929482370592648 0.679 0.06001500375093773 0.085
0 0.290510127531883 0.75825 0.06639159789947487 0.0825
0 0.35408852213053266 0.72075 0.06601650412603151 0.0845
0 0.3493998499624906 0.62075 0.07164291072768192 0.0825
0 0.31282820705176295 0.5495 0.07426856714178545 0.086
0 0.2882595648912228 0.461 0.0708927231807952 0.1
0 0.35427606901725434 0.46375 0.07539384846211553 0.0975
0 0.3184546136534134 0.3715 0.06601650412603151 0.111
0 0.3919729932483121 0.38425 0.07351837959489872 0.0845
0 0.3794073518379595 0.5605 0.07389347336834208 0.099
0 0.41522880720180044 0.73 0.06526631657914479 0.09
0 0.4221680420105026 0.635 0.061890472618154536 0.094
0 0.481807951987997 0.7025 0.06339084771192798 0.091
0 0.5202550637659414 0.7765 0.06826706676669167 0.093
0 0.49774943735933985 0.61975 0.07126781695423856 0.0845
0 0.45630157539384847 0.53575 0.07614403600900226 0.0865
0 0.4493623405851463 0.4525 0.07801950487621906 0.095
0 0.3966616654163541 0.28625 0.06564141035258815 0.0985
0 0.46492873218304576 0.2615 0.07614403600900226 0.102
0 0.4705551387846962 0.36425 0.07539384846211553 0.0915
0 0.5521380345086272 0.219 0.07051762940735183 0.084
0 0.6297824456114028 0.21525 0.08102025506376594 0.0995
0 0.5412603150787697 0.31825 0.08102025506376594 0.0995
0 0.627906976744186 0.323 0.08402100525131283 0.098
0 0.705926481620405 0.30975 0.07501875468867217 0.0965
0 0.5168792198049512 0.438 0.07201800450112528 0.09
0 0.576331582895724 0.40225 0.06939234808702176 0.1005
0 0.6477869467366841 0.4235 0.07576894223555888 0.084
0 0.7633158289572393 0.3805 0.07426856714178545 0.111
0 0.713053263315829 0.46375 0.07351837959489872 0.1025
0 0.8197674418604651 0.4115 0.07539384846211553 0.095
0 0.545198799699925 0.543 0.06564141035258815 0.087
0 0.63615903975994 0.518 0.07426856714178545 0.092
0 0.7771942985746436 0.51 0.08177044261065267 0.098
0 0.872093023255814 0.47275 0.06826706676669167 0.0935
0 0.5560765191297824 0.643 0.07389347336834208 0.084
0 0.6093398349587397 0.592 0.061890472618154536 0.091
0 0.6892348087021756 0.5865 0.07389347336834208 0.086
0 0.7530007501875469 0.607 0.06939234808702176 0.089
0 0.8289572393098275 0.5585 0.06976744186046512 0.094
0 0.890285071267817 0.586 0.07539384846211553 0.097
0 0.6425356339084771 0.66775 0.0795198799699925 0.0845
0 0.7111777944486122 0.67 0.072768192048012 0.087
0 0.7794448612153039 0.684 0.072768192048012 0.087
0 0.8627156789197299 0.67875 0.07651912978244561 0.0855
0 0.5851462865716429 0.72625 0.07351837959489872 0.0885
0 0.5913353338334584 0.824 0.06939234808702176 0.087
0 0.6582895723930983 0.767 0.06376594148537135 0.091
0 0.682483120780195 0.8375 0.0708927231807952 0.075
0 0.7286196549137285 0.76275 0.07164291072768192 0.0855
0 0.7516879219804952 0.82675 0.07351837959489872 0.0845
0 0.8085146286571643 0.763 0.07839459864966242 0.092