0 0.11459114778694673 0.4445 0.07464366091522881 0.105
0 0.1562265566391598 0.532 0.06489122280570142 0.106
0 0.20911477869467368 0.57775 0.06564141035258815 0.0795
0 0.25431357839459867 0.54575 0.06826706676669167 0.0875
0 0.21042760690172543 0.45775 0.07726931732933233 0.0955
0 0.16260315078769694 0.3785 0.07614403600900226 0.098
0 0.21699174793698425 0.3045 0.08439609902475619 0.087
0 0.2661290322580645 0.38475 0.07764441110277569 0.0965
0 0.29444861215303825 0.30025 0.07351837959489872 0.1025
0 0.345648912228057 0.39325 0.07464366091522881 0.0915
0 0.4206676669167292 0.3975 0.06864216054013503 0.097
0 0.38653413353338334 0.31 0.07539384846211553 0.099
0 0.47580645161290325 0.2765 0.06864216054013503 0.094
0 0.4814328582145536 0.369 0.07764441110277569 0.098
0 0.46999249812453114 0.463 0.07651912978244561 0.09
0 0.29744936234058517 0.471 0.07651912978244561 0.099
0 0.3705926481620405 0.48175 0.06826706676669167 0.0895
0 0.32333083270817703 0.5605 0.06976744186046512 0.1
0 0.2914478619654914 0.63625 0.0690172543135784 0.0935
0 0.359152288072018 0.63225 0.061140285071267814 0.0825
0 0.39122280570142537 0.56675 0.07051762940735183 0.1015
0 0.4551762940735184 0.55425 0.06939234808702176 0.1055
0 0.43060765191297823 0.631 0.07576894223555888 0.078
0 0.3944111027756939 0.715 0.07689422355588897 0.092
0 0.46211552888222057 0.76325 0.0690172543135784 0.0885
0 0.48705926481620404 0.67325 0.06639159789947487 0.0855
0 0.5084396099024756 0.5975 0.07764441110277569 0.089
0 0.5352588147036759 0.513 0.07876969242310577 0.083
0 0.5570142535633908 0.433 0.07876969242310577 0.084
0 0.5459489872468117 0.332 0.07164291072768192 0.099
0 0.6057764441110277 0.36275 0.07426856714178545 0.1015
0 0.6134658664666166 0.249 0.07614403600900226 0.098
0 0.6667291822955739 0.2995 0.07164291072768192 0.101
0 0.731807951987997 0.3105 0.06751687921980495 0.098
0 0.7826331582895724 0.36225 0.08139534883720931 0.0925
0 0.8268942235558889 0.291 0.07539384846211553 0.098
0 0.8649662415603901 0.38525 0.08477119279819954 0.0905
0 0.8934733683420856 0.46975 0.07726931732933233 0.0945
0 0.9077269317329333 0.56225 0.07576894223555888 0.0925
0 0.8032633158289573 0.46375 0.07014253563390847 0.0935
0 0.7396849212303076 0.4255 0.06751687921980495 0.094
0 0.6708552138034508 0.39975 0.07164291072768192 0.0965
0 0.621530382595649 0.457 0.06751687921980495 0.102
0 0.6597899474868717 0.54 0.06826706676669167 0.09
0 0.5864591147786947 0.55925 0.07239309827456865 0.0845
0 0.7445611402850713 0.5145 0.06826706676669167 0.095
0 0.8066391597899475 0.55925 0.07539384846211553 0.1005
0 0.700675168792198 0.60575 0.07351837959489872 0.0995
0 0.627906976744186 0.618 0.07351837959489872 0.081
0 0.562828207051763 0.65975 0.0708927231807952 0.0935
0 0.5360090022505627 0.72325 0.07501875468867217 0.0925
0 0.6110277569392348 0.7435 0.07426856714178545 0.084
0 0.5605776444111028 0.808 0.06339084771192798 0.086
0 0.6219054763690923 0.83225 0.05926481620405101 0.0955
0 0.6807951987997 0.8605 0.06301575393848462 0.084
0 0.7269317329332333 0.814 0.06526631657914479 0.085
0 0.6710427606901725 0.75625 0.06676669167291822 0.0885
0 0.6706676669167292 0.687 0.07801950487621906 0.092
0 0.7336834208552138 0.7355 0.0795198799699925 0.093
0 0.8013878469617405 0.72925 0.06789197299324831 0.0805
0 0.7725056264066017 0.653 0.07539384846211553 0.099
0 0.8473368342085521 0.663 0.07426856714178545 0.091