0 0.18042010502625658 0.379 0.060765191297824456 0.069
0 0.21680420105026257 0.309 0.05701425356339085 0.076
0 0.27156789197299325 0.38025 0.04801200300075019 0.0775
0 0.31639159789947485 0.39425 0.05738934733683421 0.0645
0 0.34527381845461363 0.4325 0.04838709677419355 0.077
0 0.2989497374343586 0.46375 0.056264066016504126 0.0725
0 0.2509377344336084 0.452 0.05101275318829707 0.074
0 0.16279069767441862 0.471 0.05776444111027757 0.074
0 0.1380345086271568 0.5485 0.05026256564141035 0.066
0 0.20967741935483872 0.534 0.04576144036009002 0.076
0 0.27550637659414856 0.515 0.05288822205551388 0.073
0 0.2586271567891973 0.5795 0.04913728432108027 0.079
0 0.29651162790697677 0.613 0.052138034508627154 0.079
0 0.12884471117779445 0.61625 0.04988747186796699 0.0695
0 0.1980495123780945 0.6225 0.04876219054763691 0.074
0 0.2308702175543886 0.655 0.05138784696174044 0.065
0 0.28694673668417103 0.689 0.05251312828207052 0.074
0 0.31564141035258814 0.743 0.05288822205551388 0.074
0 0.36084021005251316 0.73975 0.04876219054763691 0.0805
0 0.3555888972243061 0.6635 0.04126031507876969 0.07
0 0.3687171792948237 0.588 0.05101275318829707 0.063
0 0.40078769692423105 0.64425 0.046136534133533386 0.0745
0 0.40847711927981994 0.5665 0.0450112528132033 0.078
0 0.3664666166541635 0.50175 0.0450112528132033 0.0755
0 0.4292948237059265 0.50075 0.052138034508627154 0.0625
0 0.39741185296324083 0.43225 0.05738934733683421 0.0635
0 0.3917854463615904 0.371 0.04838709677419355 0.063
0 0.3505251312828207 0.33125 0.052138034508627154 0.0625
0 0.28338334583645913 0.2895 0.056639159789947484 0.07
0 0.2644411102775694 0.2315 0.05401350337584396 0.074
0 0.336834208552138 0.228 0.05026256564141035 0.076
0 0.39234808702175544 0.27225 0.056264066016504126 0.0705
0 0.4174793698424606 0.214 0.05326331582895724 0.07
0 0.4433608402100525 0.246 0.04951237809452363 0.065
0 0.5125656414103525 0.2245 0.05738934733683421 0.074
0 0.5568267066766691 0.262 0.056639159789947484 0.072
0 0.48799699924981244 0.28975 0.0450112528132033 0.0755
0 0.513503375843961 0.33825 0.0450112528132033 0.0745
0 0.43117029257314327 0.32225 0.05288822205551388 0.0635
0 0.4645536384096024 0.35625 0.05438859714928732 0.0625
0 0.4855588897224306 0.426 0.05588897224306077 0.076
0 0.5365716429107277 0.41425 0.0536384096024006 0.0705
0 0.5872093023255814 0.4375 0.05813953488372093 0.073
0 0.6093398349587397 0.2815 0.055138784696174045 0.076
0 0.6020255063765941 0.23225 0.05101275318829707 0.0635
0 0.6830457614403601 0.27475 0.060765191297824456 0.0705
0 0.6290322580645161 0.356 0.05776444111027757 0.08
0 0.6687921980495124 0.444 0.06001500375093773 0.071
0 0.621530382595649 0.492 0.05401350337584396 0.08
0 0.6744186046511628 0.53375 0.05701425356339085 0.0735
0 0.5654538634658665 0.50725 0.05588897224306077 0.0735
0 0.5943360840210052 0.5755 0.05738934733683421 0.073
0 0.4915603900975244 0.50175 0.047636909227306824 0.0795
0 0.45930232558139533 0.55475 0.05588897224306077 0.0705
0 0.5232558139534884 0.5635 0.056264066016504126 0.083
0 0.4705551387846962 0.62425 0.055138784696174045 0.0685
0 0.5382595648912228 0.63525 0.058514628657164294 0.0785
0 0.6258439609902475 0.62825 0.0641410352588147 0.0785
0 0.4450487621905476 0.7115 0.055138784696174045 0.074
0 0.423105776444111 0.78525 0.04951237809452363 0.0775
0 0.37790697674418605 0.81525 0.04538634658664666 0.0715
0 0.42966991747936983 0.86625 0.061890472618154536 0.0705
0 0.4814328582145536 0.87625 0.04388597149287322 0.0725
0 0.48593398349587397 0.809 0.05288822205551388 0.073
0 0.5037509377344336 0.6905 0.05476369092273068 0.065
0 0.5219429857464366 0.752 0.0536384096024006 0.074
0 0.5555138784696174 0.817 0.05776444111027757 0.075
0 0.532258064516129 0.883 0.051762940735183796 0.067
0 0.5872093023255814 0.89025 0.05888972243060765 0.0865
0 0.6357839459864967 0.91725 0.058514628657164294 0.0775
0 0.6228432108027007 0.83675 0.05588897224306077 0.0795
0 0.5887096774193549 0.76475 0.055138784696174045 0.0845
0 0.5782070517629407 0.6885 0.055138784696174045 0.067
0 0.6472243060765192 0.72075 0.056639159789947484 0.0765
0 0.6616654163540885 0.76625 0.05401350337584396 0.0845
0 0.7061140285071268 0.70925 0.05438859714928732 0.0755
0 0.7807576894223556 0.28775 0.061140285071267814 0.0675
0 0.7689422355588897 0.369 0.06826706676669167 0.065
0 0.7756939234808702 0.42925 0.06526631657914479 0.0735
0 0.7541260315078769 0.51025 0.056639159789947484 0.0755
0 0.8270817704426107 0.49725 0.060765191297824456 0.0765
0 0.7636909227306826 0.595 0.060765191297824456 0.076
0 0.8257689422355589 0.58625 0.0603900975243811 0.0735
0 0.8737809452363091 0.59275 0.05288822205551388 0.0825
0 0.7756939234808702 0.6645 0.058514628657164294 0.084
0 0.8465866466616654 0.66075 0.0622655663915979 0.0775