0 0.2805701425356339 0.25125 0.0900225056264066 0.1285
0 0.37115528882220555 0.337 0.0918979744936234 0.118
0 0.43717179294823705 0.34725 0.07389347336834208 0.1085
0 0.4705551387846962 0.2475 0.07764441110277569 0.105
0 0.16897974493623405 0.361 0.09789947486871718 0.123
0 0.2717554388597149 0.36625 0.08889722430607652 0.1015
0 0.15660165041260315 0.48275 0.09939984996249063 0.1145
0 0.24549887471867968 0.481 0.0918979744936234 0.115
0 0.3355213803450863 0.4465 0.09414853713428357 0.1
0 0.19223555888972244 0.5795 0.08214553638409602 0.106
0 0.2745686421605401 0.574 0.08327081770442611 0.096
0 0.231807951987997 0.7035 0.08177044261065267 0.107
0 0.3023255813953488 0.758 0.08627156789197299 0.09
0 0.3925356339084771 0.792 0.08364591147786947 0.095
0 0.4512378094523631 0.831 0.07726931732933233 0.081
0 0.508814703675919 0.787 0.0641410352588147 0.082
0 0.472993248312078 0.7095 0.07351837959489872 0.091
0 0.5436984246061516 0.7065 0.06639159789947487 0.086
0 0.33758439609902474 0.62225 0.08027006751687922 0.0895
0 0.4127906976744186 0.64075 0.07464366091522881 0.0925
0 0.4840585146286572 0.59925 0.07464366091522881 0.0805
0 0.43435858964741186 0.53775 0.0690172543135784 0.0885
0 0.35858964741185295 0.54475 0.08552138034508627 0.0865
0 0.41935483870967744 0.468 0.08027006751687922 0.097
0 0.4872468117029257 0.42925 0.07051762940735183 0.1015
0 0.5127531882970743 0.522 0.07426856714178545 0.095
0 0.5632033008252063 0.62225 0.07164291072768192 0.0915
0 0.6333458364591148 0.59025 0.07239309827456865 0.0875
0 0.7014253563390848 0.602 0.07051762940735183 0.085
0 0.5836459114778695 0.5085 0.07126781695423856 0.086
0 0.6800450112528132 0.53325 0.07126781695423856 0.0915
0 0.7460615153788447 0.536 0.06001500375093773 0.089
0 0.7274943735933983 0.46025 0.06339084771192798 0.0885
0 0.5690172543135784 0.42925 0.07501875468867217 0.0975
0 0.636721680420105 0.44475 0.0641410352588147 0.0965
0 0.5386346586646662 0.3505 0.07651912978244561 0.104
0 0.6129032258064516 0.3515 0.07126781695423856 0.103
0 0.6620405101275318 0.34675 0.046511627906976744 0.0685
0 0.7777569392348087 0.454 0.055138784696174045 0.081
0 0.7738184546136534 0.38 0.06676669167291822 0.097
0 0.740060015003751 0.2855 0.072768192048012 0.095
0 0.6581020255063766 0.2815 0.07239309827456865 0.085
0 0.5611402850712678 0.24 0.07651912978244561 0.1
0 0.6571642910727682 0.20025 0.08177044261065267 0.1105
0 0.5399474868717179 0.14975 0.08289572393098274 0.1185