0 0.06564141035258815 0.61225 0.06301575393848462 0.0775
0 0.09433608402100525 0.55075 0.061890472618154536 0.0715
0 0.06770442610652663 0.4875 0.05588897224306077 0.072
0 0.10371342835708927 0.45425 0.05738934733683421 0.0805
0 0.07876969242310577 0.384 0.0555138784696174 0.077
0 0.15678919729932483 0.371 0.05701425356339085 0.068
0 0.1839834958739685 0.4375 0.04988747186796699 0.062
0 0.18642160540135033 0.485 0.056264066016504126 0.078
0 0.17310577644411101 0.55125 0.06339084771192798 0.0725
0 0.1312828207051763 0.608 0.058514628657164294 0.077
0 0.18698424606151537 0.63125 0.061140285071267814 0.0795
0 0.15285071267816955 0.699 0.05288822205551388 0.079
0 0.20723930982745686 0.7015 0.050637659414853715 0.078
0 0.25525131282820707 0.73575 0.061140285071267814 0.0845
0 0.2980120030007502 0.7805 0.05738934733683421 0.083
0 0.3478994748687172 0.7235 0.055138784696174045 0.08
0 0.30795198799699924 0.67475 0.06601650412603151 0.0845
0 0.25056264066016504 0.647 0.06526631657914479 0.078
0 0.2404351087771943 0.57925 0.05326331582895724 0.0765
0 0.28675918979744935 0.56175 0.05738934733683421 0.0785
0 0.24774943735933982 0.51025 0.059639909977494375 0.0725
0 0.22786946736684172 0.436 0.0536384096024006 0.07
0 0.2805701425356339 0.4235 0.058514628657164294 0.072
0 0.3032633158289572 0.4875 0.061140285071267814 0.075
0 0.22524381095273818 0.382 0.052138034508627154 0.056
0 0.2415603900975244 0.34775 0.05101275318829707 0.0755
0 0.304013503375844 0.36175 0.05813953488372093 0.0775
0 0.200112528132033 0.32725 0.04688672168042011 0.0665
0 0.15753938484621155 0.31625 0.05101275318829707 0.0665
0 0.18323330832708176 0.25225 0.056639159789947484 0.0755
0 0.2560015003750938 0.25075 0.04388597149287322 0.0645
0 0.2980120030007502 0.271 0.05738934733683421 0.068
0 0.2762565641410353 0.3025 0.041635408852213056 0.056
0 0.29444861215303825 0.2205 0.04426106526631658 0.06
0 0.3343960990247562 0.22125 0.04913728432108027 0.0755
0 0.36177794448612155 0.24875 0.055138784696174045 0.0735
0 0.345648912228057 0.32225 0.05588897224306077 0.0805
0 0.290510127531883 0.195 0.059639909977494375 0.062
0 0.3439609902475619 0.404 0.05326331582895724 0.067
0 0.3589647411852963 0.46125 0.05401350337584396 0.0735
0 0.39216054013503376 0.4025 0.052138034508627154 0.075
0 0.33927231807951985 0.594 0.05288822205551388 0.066
0 0.38147036759189795 0.6465 0.058514628657164294 0.077
0 0.376781695423856 0.5445 0.055138784696174045 0.077
0 0.4163540885221305 0.76825 0.05926481620405101 0.0805
0 0.4711177794448612 0.75625 0.05101275318829707 0.0785
0 0.5294448612153039 0.76975 0.056639159789947484 0.0755
0 0.5842085521380345 0.73275 0.056639159789947484 0.0755
0 0.6415978994748687 0.7875 0.05288822205551388 0.076
0 0.6922355588897224 0.80575 0.05288822205551388 0.0705
0 0.477119279819955 0.66775 0.058514628657164294 0.0745
0 0.5330082520630157 0.67775 0.051762940735183796 0.0695
0 0.5701425356339085 0.63025 0.04951237809452363 0.0645
0 0.6249062265566392 0.70375 0.05326331582895724 0.0705
0 0.6693548387096774 0.73475 0.0536384096024006 0.0735
0 0.7160540135033758 0.74775 0.04951237809452363 0.0705
0 0.6697299324831207 0.6625 0.05138784696174044 0.07
0 0.6243435858964741 0.62925 0.05288822205551388 0.0685
0 0.626781695423856 0.56 0.04951237809452363 0.08
0 0.5765191297824456 0.561 0.05476369092273068 0.077
0 0.5260690172543135 0.58 0.05738934733683421 0.076
0 0.472993248312078 0.59775 0.0555138784696174 0.0725
0 0.4332333083270818 0.54275 0.05401350337584396 0.0665
0 0.42273068267066766 0.486 0.051762940735183796 0.067
0 0.4872468117029257 0.52725 0.05026256564141035 0.0755
0 0.4518004501125281 0.4225 0.0536384096024006 0.068
0 0.5125656414103525 0.43675 0.050637659414853715 0.0745
0 0.5703300825206301 0.486 0.0536384096024006 0.079
0 0.6024006001500375 0.43225 0.05476369092273068 0.0725
0 0.5461365341335334 0.3885 0.05776444111027757 0.064
0 0.4838709677419355 0.3525 0.046511627906976744 0.061
0 0.4330457614403601 0.34025 0.05438859714928732 0.0775
0 0.40735183795948987 0.29075 0.05401350337584396 0.0695
0 0.4264816204051013 0.24675 0.04801200300075019 0.0675
0 0.46136534133533386 0.29 0.04876219054763691 0.06
0 0.37696924231057766 0.176 0.04276069017254314 0.063
0 0.4186046511627907 0.17775 0.046511627906976744 0.0565
0 0.4606151537884471 0.1195 0.05026256564141035 0.067
0 0.5060015003750937 0.11425 0.04276069017254314 0.0615
0 0.5091897974493623 0.17725 0.05138784696174044 0.0505
0 0.5230682670667667 0.21025 0.05138784696174044 0.0685
0 0.47261815453863465 0.232 0.04801200300075019 0.063
0 0.5022505626406601 0.273 0.0450112528132033 0.067
0 0.5420105026256564 0.2915 0.058514628657164294 0.078
0 0.5870217554388597 0.27475 0.056264066016504126 0.0745
0 0.5718304576144037 0.2285 0.04538634658664666 0.066
0 0.5558889722430608 0.16925 0.05026256564141035 0.0625
0 0.6052138034508627 0.12 0.05288822205551388 0.062
0 0.6104651162790697 0.23 0.03488372093023256 0.041
0 0.6198424606151538 0.27725 0.03188297074268567 0.0695
0 0.65847711927982 0.30125 0.05738934733683421 0.0735
0 0.6599774943735934 0.21475 0.05138784696174044 0.0735
0 0.6956114028507127 0.178 0.050637659414853715 0.064
0 0.7044261065266316 0.2725 0.047261815453863466 0.066
0 0.7061140285071268 0.327 0.04913728432108027 0.067
0 0.6665416354088523 0.37525 0.051762940735183796 0.0745
0 0.6089647411852963 0.34225 0.055138784696174045 0.0745
0 0.6669167291822956 0.44 0.06151537884471118 0.072
0 0.6646661665416355 0.5185 0.05026256564141035 0.067
0 0.6755438859714928 0.59175 0.05401350337584396 0.0705
0 0.7890097524381096 0.26 0.05438859714928732 0.068
0 0.8223930982745686 0.29325 0.04913728432108027 0.0685
0 0.7507501875468867 0.306 0.04838709677419355 0.067
0 0.7783195798949737 0.339 0.04126031507876969 0.064
0 0.7336834208552138 0.386 0.05101275318829707 0.081
0 0.7788822205551388 0.39775 0.04913728432108027 0.0675
0 0.8193923480870218 0.38425 0.050637659414853715 0.0665
0 0.7220555138784697 0.47825 0.05326331582895724 0.0695
0 0.7882595648912228 0.50125 0.0536384096024006 0.0705
0 0.8103900975243811 0.45 0.050637659414853715 0.071
0 0.8435858964741185 0.45125 0.04576144036009002 0.0615
0 0.8295198799699925 0.5315 0.04988747186796699 0.067
0 0.7801950487621906 0.568 0.05326331582895724 0.063
0 0.7209302325581395 0.55225 0.058514628657164294 0.0785
0 0.7408102025506377 0.59275 0.04951237809452363 0.0695
0 0.8060765191297824 0.62525 0.05026256564141035 0.0695
0 0.7861965491372843 0.70675 0.058514628657164294 0.0705
0 0.7213053263315828 0.68075 0.05026256564141035 0.0725
0 0.745311327831958 0.773 0.04576144036009002 0.072
0 0.7228057014253564 0.828 0.04351087771942986 0.061
0 0.7800075018754689 0.83825 0.04988747186796699 0.0675
0 0.794073518379595 0.77625 0.05101275318829707 0.0605
0 0.8396474118529632 0.79125 0.04838709677419355 0.0675
0 0.8173293323330832 0.72575 0.04876219054763691 0.0755
0 0.8407726931732933 0.6725 0.052138034508627154 0.069
0 0.8640285071267817 0.7315 0.04913728432108027 0.066
0 0.9071642910727682 0.77675 0.052138034508627154 0.0745
0 0.941297824456114 0.73375 0.05738934733683421 0.0745
0 0.8944111027756939 0.674 0.0536384096024006 0.066
0 0.9701800450112528 0.6785 0.056639159789947484 0.076
0 0.9060390097524381 0.607 0.05288822205551388 0.067
0 0.9581770442610653 0.60025 0.047636909227306824 0.0715
0 0.8567141785446362 0.603 0.04876219054763691 0.07
0 0.8848462115528882 0.546 0.06151537884471118 0.071
0 0.8846586646661665 0.481 0.05738934733683421 0.068
0 0.9514253563390848 0.51975 0.05813953488372093 0.0785
0 0.9343585896474118 0.43675 0.056264066016504126 0.0715