0 0.28019504876219054 0.3195 0.04351087771942986 0.061
0 0.322768192048012 0.32125 0.04913728432108027 0.0645
0 0.34846211552888223 0.37575 0.03600900225056264 0.0625
0 0.37959489872468116 0.3285 0.04051012753188297 0.061
0 0.3420855213803451 0.26025 0.03600900225056264 0.0675
0 0.38953488372093026 0.2705 0.03788447111777944 0.074
0 0.4032258064516129 0.2235 0.04276069017254314 0.046
0 0.3300825206301575 0.19425 0.0450112528132033 0.0565
0 0.399662415603901 0.11075 0.04463615903975994 0.0655
0 0.4472993248312078 0.221 0.04388597149287322 0.064
0 0.49099774943735935 0.23425 0.04351087771942986 0.0595
0 0.4960615153788447 0.17125 0.03938484621155289 0.0715
0 0.518754688672168 0.09625 0.04876219054763691 0.0775
0 0.47280570142535633 0.31 0.04088522130532633 0.061
0 0.4611777944486122 0.376 0.04838709677419355 0.074
0 0.43717179294823705 0.4185 0.046136534133533386 0.061
0 0.48330832708177046 0.42875 0.04238559639909977 0.0655
0 0.34039759939985 0.429 0.04388597149287322 0.059
0 0.27644411102775696 0.39775 0.046511627906976744 0.0625
0 0.26219054763690924 0.47175 0.046511627906976744 0.0705
0 0.29613653413353336 0.517 0.038634658664666165 0.061
0 0.3507126781695424 0.49225 0.04426106526631658 0.0515
0 0.38653413353338334 0.46475 0.04088522130532633 0.0665
0 0.39722430607651915 0.5285 0.042010502625656414 0.05
0 0.3623405851462866 0.5755 0.042010502625656414 0.067
0 0.409039759939985 0.58975 0.04463615903975994 0.0595
0 0.4518004501125281 0.58025 0.04088522130532633 0.0635
0 0.445986496624156 0.63375 0.04276069017254314 0.0535
0 0.4409227306826707 0.51325 0.04013503375843961 0.0585
0 0.47168042010502625 0.4795 0.03938484621155289 0.053
0 0.5153788447111778 0.516 0.0450112528132033 0.064
0 0.5206301575393848 0.457 0.03975993998499625 0.057
0 0.504688672168042 0.6125 0.04988747186796699 0.067
0 0.49456114028507125 0.6665 0.04238559639909977 0.049
0 0.46155288822205554 0.69825 0.04388597149287322 0.0595
0 0.42291822955738934 0.69875 0.04088522130532633 0.0485
0 0.36534133533383345 0.6915 0.0555138784696174 0.072
0 0.5078769692423106 0.718 0.047261815453863466 0.054
0 0.5256939234808702 0.7775 0.043135783945986494 0.062
0 0.5136909227306826 0.8715 0.05288822205551388 0.066
0 0.5618904726181545 0.81525 0.04801200300075019 0.0585
0 0.595648912228057 0.86875 0.04576144036009002 0.0545
0 0.6046511627906976 0.813 0.0450112528132033 0.063
0 0.6504126031507877 0.82925 0.04351087771942986 0.0615
0 0.7046136534133534 0.8115 0.04988747186796699 0.061
0 0.5630157539384846 0.76325 0.04426106526631658 0.0595
0 0.618529632408102 0.73725 0.0450112528132033 0.0585
0 0.6716054013503376 0.74425 0.04913728432108027 0.0535
0 0.7323705926481621 0.75725 0.047636909227306824 0.0585
0 0.7111777944486122 0.70875 0.05326331582895724 0.0595
0 0.6532258064516129 0.697 0.04538634658664666 0.062
0 0.5958364591147787 0.684 0.04838709677419355 0.065
0 0.5489497374343586 0.693 0.03938484621155289 0.06
0 0.5500750187546887 0.64075 0.04913728432108027 0.0555
0 0.544073518379595 0.56225 0.04838709677419355 0.0675
0 0.6029632408102026 0.5665 0.04688672168042011 0.059
0 0.6271567891972993 0.62225 0.04576144036009002 0.0635
0 0.6716054013503376 0.6545 0.04913728432108027 0.065
0 0.7353713428357089 0.65375 0.04988747186796699 0.0695
0 0.6766691672918229 0.57875 0.0450112528132033 0.0625
0 0.6564141035258815 0.52225 0.046511627906976744 0.0545
0 0.5645161290322581 0.5045 0.04576144036009002 0.055
0 0.6057764441110277 0.47725 0.04876219054763691 0.0525
0 0.562828207051763 0.44075 0.04988747186796699 0.0645
0 0.5650787696924231 0.35825 0.04088522130532633 0.0645
0 0.5131282820705176 0.382 0.042010502625656414 0.06
0 0.518754688672168 0.30075 0.04351087771942986 0.0635
0 0.5498874718679669 0.254 0.04876219054763691 0.067
0 0.6067141785446362 0.28525 0.04688672168042011 0.0675
0 0.6129032258064516 0.355 0.04426106526631658 0.065
0 0.653788447111778 0.3255 0.047261815453863466 0.061
0 0.6616654163540885 0.393 0.051762940735183796 0.077
0 0.6192798199549887 0.418 0.042010502625656414 0.059
0 0.6562265566391597 0.466 0.041635408852213056 0.067
0 0.6984246061515379 0.4305 0.05026256564141035 0.066
0 0.7160540135033758 0.3645 0.05776444111027757 0.069
0 0.6581020255063766 0.25875 0.04913728432108027 0.0665
0 0.7063015753938484 0.27675 0.05251312828207052 0.0635
0 0.7513128282070518 0.32375 0.04951237809452363 0.0625
0 0.554576144036009 0.16325 0.05588897224306077 0.0775
0 0.577456864216054 0.083 0.055138784696174045 0.075
0 0.6406601650412603 0.0505 0.04801200300075019 0.061
0 0.6451612903225806 0.112 0.05326331582895724 0.074
0 0.6397224306076519 0.19675 0.050637659414853715 0.0705
0 0.6922355588897224 0.196 0.056639159789947484 0.079
0 0.7196174043510878 0.1665 0.0536384096024006 0.067
0 0.7473743435858965 0.22025 0.05588897224306077 0.0735
0 0.7710052513128282 0.19525 0.047636909227306824 0.0765
0 0.7274943735933983 0.0855 0.05588897224306077 0.076
0 0.708927231807952 0.51225 0.05251312828207052 0.0605
0 0.7333083270817704 0.582 0.04951237809452363 0.067
0 0.8034508627156789 0.7545 0.051762940735183796 0.075
0 0.7839459864966242 0.6575 0.04951237809452363 0.066
0 0.8302700675168793 0.68175 0.050637659414853715 0.0615
0 0.7854463615903976 0.5915 0.05251312828207052 0.07
0 0.839834958739685 0.59425 0.047261815453863466 0.0605
0 0.7657539384846211 0.50925 0.050637659414853715 0.0555
0 0.8268942235558889 0.53475 0.05288822205551388 0.0605
0 0.7511252813203301 0.458 0.04988747186796699 0.059
0 0.8043885971492873 0.46175 0.052138034508627154 0.0675
0 0.8488372093023255 0.476 0.05476369092273068 0.068
0 0.7745686421605401 0.392 0.05401350337584396 0.073
0 0.8524006001500375 0.41225 0.05588897224306077 0.0715
0 0.8996624156039009 0.43025 0.056639159789947484 0.0635
0 0.795198799699925 0.333 0.04576144036009002 0.06
0 0.8854088522130532 0.35175 0.05738934733683421 0.0725
0 0.8533383345836459 0.29525 0.047261815453863466 0.0595
0 0.7760690172543135 0.26725 0.04951237809452363 0.0595
0 0.8402100525131283 0.2355 0.05401350337584396 0.06
0 0.8366466616654163 0.16675 0.050637659414853715 0.0705
0 0.8154538634658665 0.11 0.05401350337584396 0.074