0 0.49532360643471757 0.0755 0.052375607931163484 0.065
0 0.597830153385709 0.0345 0.04414515525626637 0.069
0 0.48148148148148145 0.12125 0.04264870931537598 0.0575
0 0.579685746352413 0.093 0.05424616535727647 0.066
0 0.6758323980546203 0.05125 0.05200149644594089 0.0645
0 0.6318742985409652 0.0785 0.048634493078937524 0.06
0 0.7012719790497568 0.103 0.050505050505050504 0.065
0 0.6058735503179947 0.133 0.0512532734754957 0.066
0 0.6548821548821548 0.118 0.046763935652824544 0.061
0 0.6857463524130191 0.161 0.04264870931537598 0.07
0 0.7355031799476244 0.15875 0.04938271604938271 0.0635
0 0.7813318368873925 0.1755 0.052749719416386086 0.063
0 0.6906098017209128 0.216 0.05611672278338945 0.065
0 0.6296296296296297 0.17125 0.048634493078937524 0.0695
0 0.7416760194537972 0.213 0.0512532734754957 0.064
0 0.7390572390572391 0.27525 0.05200149644594089 0.0745
0 0.7794612794612794 0.25325 0.05424616535727647 0.0695
0 0.801720912832024 0.3265 0.05387205387205387 0.066
0 0.8507295173961841 0.36625 0.03965581743359521 0.0705
0 0.7265245043022821 0.3435 0.04938271604938271 0.07
0 0.6848110736999626 0.283 0.052749719416386086 0.063
0 0.5508791619902731 0.17825 0.040029928918817806 0.0605
0 0.5888514777403666 0.18525 0.0411522633744856 0.0635
0 0.6178451178451179 0.23375 0.04377104377104377 0.0645
0 0.5029928918817808 0.179 0.04751215862326973 0.066
0 0.5411522633744856 0.2415 0.04601571268237935 0.061
0 0.601010101010101 0.28525 0.04751215862326973 0.0755
0 0.5557426112981668 0.297 0.04302282080059858 0.064
0 0.43471754582865696 0.16075 0.04264870931537598 0.0555
0 0.4769921436588103 0.20725 0.0411522633744856 0.0635
0 0.40834268612046387 0.2115 0.056490834268612046 0.062
0 0.44631500187055745 0.27225 0.04264870931537598 0.0555
0 0.49719416386083054 0.25425 0.0411522633744856 0.0615
0 0.3395061728395062 0.231 0.04377104377104377 0.054
0 0.3005985783763562 0.24325 0.03554059109614665 0.0525
0 0.28151889263000374 0.29775 0.03853348297792742 0.0535
0 0.3385708941264497 0.29725 0.03741114852225964 0.0575
0 0.38028432472876916 0.2745 0.03928170594837262 0.057
0 0.3956228956228956 0.31725 0.040029928918817806 0.0595
0 0.2719790497568275 0.34025 0.035166479610924055 0.0505
0 0.32023943135054245 0.353 0.03741114852225964 0.058
0 0.26973438084549195 0.4315 0.03591470258136925 0.048
0 0.29779274223718666 0.43475 0.035166479610924055 0.0565
0 0.3501683501683502 0.43775 0.04489337822671156 0.0625
0 0.4079685746352413 0.3695 0.04227459783015339 0.059
0 0.46502057613168724 0.33025 0.034418256640478866 0.0605
0 0.49700710811821924 0.3265 0.03928170594837262 0.058
0 0.4571642349420127 0.383 0.04339693228582117 0.059
0 0.4276094276094276 0.4245 0.041900486344930786 0.059
0 0.3221099887766554 0.483 0.03965581743359521 0.062
0 0.3454919566030677 0.52675 0.034044145155256264 0.0555
0 0.39356528245417133 0.464 0.0411522633744856 0.055
0 0.6732136176580621 0.33775 0.053497942386831275 0.0665
0 0.5768799102132436 0.35075 0.04713804713804714 0.0605
0 0.5280583613916947 0.3565 0.04601571268237935 0.057
0 0.5615413393191171 0.4025 0.04489337822671156 0.068
0 0.622895622895623 0.36925 0.05387205387205387 0.0745
0 0.6638608305274972 0.40275 0.049756827534605315 0.0635
0 0.7579498690609802 0.41825 0.04713804713804714 0.0655
0 0.845679012345679 0.47975 0.05574261129816686 0.0715
0 0.7953610175832398 0.471 0.052375607931163484 0.068
0 0.4983164983164983 0.38725 0.04040404040404041 0.0615
0 0.47568275346053124 0.43075 0.03179947624392069 0.0485
0 0.49569771791994016 0.4415 0.051627384960718295 0.054
0 0.45398428731762064 0.478 0.040029928918817806 0.055
0 0.5046763935652825 0.49475 0.038159371492704826 0.0635
0 0.5508791619902731 0.5045 0.04900860456416012 0.052
0 0.6021324354657688 0.4765 0.04751215862326973 0.055
0 0.6517022072577628 0.4875 0.04638982416760194 0.062
0 0.6975308641975309 0.5065 0.05574261129816686 0.065
0 0.7472876917321362 0.503 0.052749719416386086 0.061
0 0.8077066965955855 0.53375 0.04638982416760194 0.0615
0 0.873924429479985 0.5215 0.0613542835765058 0.056
0 0.8217358772914328 0.59275 0.050505050505050504 0.0615
0 0.7594463150018705 0.61825 0.048634493078937524 0.0645
0 0.7134306023194912 0.56625 0.055368499812944255 0.0595
0 0.666292555181444 0.5505 0.04938271604938271 0.055
0 0.6118593340815563 0.5255 0.04601571268237935 0.051
0 0.5293677515899738 0.546 0.03965581743359521 0.054
0 0.39356528245417133 0.51225 0.03591470258136925 0.0525
0 0.43172465394687615 0.51025 0.038159371492704826 0.0535
0 0.49644594089038535 0.53525 0.038159371492704826 0.0525
0 0.32472876917321364 0.57 0.03292181069958848 0.051
0 0.34754956977179197 0.6055 0.03292181069958848 0.049
0 0.3830901608679386 0.6135 0.031425364758698095 0.049
0 0.4104002992891882 0.5655 0.03741114852225964 0.051
0 0.4395809951365507 0.55725 0.04339693228582117 0.0555
0 0.4298540965207632 0.60975 0.03890759446315002 0.0575
0 0.4818555929667041 0.59175 0.04414515525626637 0.0595
0 0.4562289562289562 0.65325 0.03254769921436588 0.0525
0 0.3986157875046764 0.71475 0.037037037037037035 0.0485
0 0.3787878787878788 0.649 0.03778526000748223 0.046
0 0.44089038533482977 0.71625 0.03928170594837262 0.0545
0 0.4395809951365507 0.777 0.035166479610924055 0.056
0 0.5157126823793491 0.62375 0.04302282080059858 0.0535
0 0.5664047886270108 0.572 0.04414515525626637 0.055
0 0.5976430976430976 0.6095 0.04526748971193416 0.057
0 0.6438458660680882 0.5925 0.048634493078937524 0.056
0 0.691358024691358 0.61 0.052375607931163484 0.068
0 0.7981668537224093 0.65375 0.05200149644594089 0.0575
0 0.8082678638234194 0.71325 0.05200149644594089 0.0565
0 0.7519640852974186 0.67675 0.04788627010849233 0.0605
0 0.6530115974560419 0.655 0.05424616535727647 0.057
0 0.7029554807332585 0.68625 0.0508791619902731 0.0575
0 0.7450430228208006 0.724 0.05574261129816686 0.049
0 0.7807706696595585 0.7705 0.048634493078937524 0.062
0 0.7807706696595585 0.83675 0.05013093901982791 0.0585
0 0.7555181444070332 0.893 0.0512532734754957 0.057
0 0.7295173961840629 0.7905 0.04638982416760194 0.058
0 0.7014590347923682 0.74225 0.04788627010849233 0.0545
0 0.5895997007108118 0.6835 0.04638982416760194 0.057
0 0.5589225589225589 0.63375 0.04414515525626637 0.0565
0 0.6363636363636364 0.7115 0.054620276842499066 0.058
0 0.67003367003367 0.763 0.041900486344930786 0.061
0 0.6696595585484474 0.827 0.04564160119715675 0.059
0 0.7240927796483352 0.844 0.04377104377104377 0.057
0 0.710811821922933 0.9105 0.048634493078937524 0.053
0 0.6634867190422746 0.917 0.04526748971193416 0.057
0 0.6247661803217359 0.92425 0.04040404040404041 0.0565
0 0.6352413019079686 0.867 0.04788627010849233 0.06
0 0.6200897867564534 0.783 0.046763935652824544 0.057
0 0.5873550317994762 0.74025 0.041900486344930786 0.0625
0 0.5974560419004863 0.8175 0.041900486344930786 0.058
0 0.5892255892255892 0.88 0.04264870931537598 0.053
0 0.5693976805087916 0.8935 0.04564160119715675 0.052
0 0.546389824167602 0.97025 0.04451926674148896 0.0505
0 0.5542461653572764 0.84675 0.040029928918817806 0.0585
0 0.5521885521885522 0.7765 0.03591470258136925 0.062
0 0.5443322109988776 0.7165 0.0411522633744856 0.052
0 0.5074822297044519 0.696 0.040778151889263 0.047
0 0.4779274223718668 0.72675 0.03254769921436588 0.0555
0 0.4801720912832024 0.78475 0.04152637485970819 0.0575
0 0.5153385708941265 0.734 0.04377104377104377 0.058
0 0.4513655069210625 0.84825 0.034044145155256264 0.0555
0 0.48166853722409275 0.84775 0.040029928918817806 0.0455
0 0.5046763935652825 0.83125 0.04414515525626637 0.0545
0 0.5121586232697344 0.89675 0.0411522633744856 0.0575