0 0.16129032258064516 0.58075 0.11927981995498875 0.1165
0 0.13615903975993998 0.688 0.10652663165791448 0.121
0 0.22149287321830458 0.7635 0.0986496624156039 0.127
0 0.31732933233308325 0.8095 0.10202550637659415 0.12
0 0.4148537134283571 0.82675 0.0900225056264066 0.1045
0 0.5056264066016504 0.8705 0.09752438109527382 0.124
0 0.5960240060015004 0.87125 0.08777194298574643 0.1065
0 0.29013503375843963 0.643 0.10090022505626407 0.12
0 0.2702550637659415 0.53725 0.10465116279069768 0.1295
0 0.377344336084021 0.54575 0.10427606901725431 0.1395
0 0.3915978994748687 0.67675 0.09302325581395349 0.1205
0 0.47449362340585144 0.7185 0.09602400600150038 0.12
0 0.5618904726181545 0.73625 0.08927231807951988 0.1075
0 0.6721680420105026 0.75975 0.0900225056264066 0.1135
0 0.6676669167291823 0.82775 0.08552138034508627 0.0755
0 0.7593773443360841 0.8665 0.08139534883720931 0.108
0 0.8392723180795199 0.83375 0.08139534883720931 0.0965
0 0.7439984996249063 0.74475 0.07389347336834208 0.1025
0 0.8184546136534133 0.70675 0.08777194298574643 0.1125
0 0.9086646661665416 0.748 0.08064516129032258 0.121
0 0.8764066016504126 0.62025 0.08439609902475619 0.1135
0 0.782258064516129 0.588 0.07764441110277569 0.119
0 0.7258064516129032 0.6525 0.0900225056264066 0.099
0 0.6517254313578394 0.61575 0.09564891222805702 0.1085
0 0.558702175543886 0.62875 0.08739684921230308 0.1205
0 0.45348837209302323 0.5905 0.09077269317329333 0.128
0 0.2785071267816954 0.39325 0.09639909977494374 0.1135
0 0.3447111777944486 0.30475 0.0967741935483871 0.1335
0 0.427231807951988 0.41375 0.1005251312828207 0.1245
0 0.5071267816954238 0.482 0.09452363090772693 0.128
0 0.4279819954988747 0.143 0.09452363090772693 0.134
0 0.436609152288072 0.2795 0.09752438109527382 0.143
0 0.5005626406601651 0.3405 0.08589647411852963 0.13
0 0.5958364591147787 0.419 0.0918979744936234 0.118
0 0.6699174793698425 0.5035 0.09152288072018004 0.116
0 0.7349962490622656 0.51725 0.06339084771192798 0.1195
0 0.8584021005251313 0.50225 0.08364591147786947 0.1185
0 0.7070517629407351 0.39275 0.08402100525131283 0.1085
0 0.7786946736684172 0.3975 0.07051762940735183 0.125
0 0.5296324081020255 0.21525 0.1072768192048012 0.1445
0 0.6063390847711928 0.28825 0.09789947486871718 0.1355
0 0.6547261815453863 0.17975 0.08289572393098274 0.1295
0 0.7203675918979745 0.273 0.09489872468117029 0.128
0 0.7226181545386346 0.112 0.08814703675918979 0.126
0 0.8132033008252063 0.25625 0.09302325581395349 0.1355