0 0.0958364591147787 0.63425 0.06639159789947487 0.0715
0 0.1457239309827457 0.5655 0.061890472618154536 0.076
0 0.1427231807951988 0.4815 0.06264066016504126 0.086
0 0.14797449362340584 0.39025 0.0671417854463616 0.0785
0 0.19373593398349587 0.3265 0.06489122280570142 0.093
0 0.2348087021755439 0.26675 0.06151537884471118 0.0915
0 0.26219054763690924 0.353 0.0555138784696174 0.077
0 0.21211552888222054 0.41 0.06639159789947487 0.077
0 0.21042760690172543 0.561 0.06676669167291822 0.075
0 0.17854463615903976 0.639 0.0690172543135784 0.061
0 0.304013503375844 0.27675 0.06864216054013503 0.0935
0 0.3756564141035259 0.2655 0.061140285071267814 0.089
0 0.32633158289572395 0.36075 0.06751687921980495 0.0915
0 0.3869092273068267 0.33925 0.05738934733683421 0.0795
0 0.2891972993248312 0.4245 0.060765191297824456 0.083
0 0.2558139534883721 0.49375 0.06451612903225806 0.0765
0 0.2785071267816954 0.5605 0.056639159789947484 0.081
0 0.2659414853713428 0.6495 0.05326331582895724 0.075
0 0.34077269317329334 0.71575 0.05288822205551388 0.0855
0 0.32220555138784696 0.60825 0.05026256564141035 0.0775
0 0.32483120780195046 0.515 0.0622655663915979 0.074
0 0.34996249062265566 0.4435 0.06376594148537135 0.08
0 0.4028507126781695 0.41325 0.06001500375093773 0.0785
0 0.40922730682670666 0.505 0.05776444111027757 0.079
0 0.37509377344336087 0.5925 0.0622655663915979 0.09
0 0.39122280570142537 0.65475 0.05026256564141035 0.0715
0 0.41597899474868716 0.70325 0.05476369092273068 0.0645
0 0.43192048012003 0.5945 0.05813953488372093 0.076
0 0.4604276069017254 0.52975 0.05588897224306077 0.0705
0 0.46324081020255065 0.4315 0.05701425356339085 0.083
0 0.4891222805701425 0.37 0.05701425356339085 0.079
0 0.535821455363841 0.34625 0.050637659414853715 0.0675
0 0.5249437359339835 0.43375 0.0536384096024006 0.0785
0 0.5067516879219804 0.498 0.05251312828207052 0.064
0 0.4932483120780195 0.57675 0.056264066016504126 0.0705
0 0.4848087021755439 0.653 0.05738934733683421 0.078
0 0.4647411852963241 0.721 0.05326331582895724 0.067
0 0.5123780945236309 0.772 0.04876219054763691 0.072
0 0.554576144036009 0.7225 0.050637659414853715 0.055
0 0.5142535633908477 0.68425 0.05326331582895724 0.0655
0 0.5367591897974494 0.63025 0.05026256564141035 0.0675
0 0.5723930982745686 0.665 0.046511627906976744 0.064
0 0.5851462865716429 0.60075 0.05401350337584396 0.0705
0 0.5579519879969993 0.5455 0.05588897224306077 0.079
0 0.5626406601650412 0.46825 0.05251312828207052 0.0725
0 0.6059639909977494 0.42375 0.05288822205551388 0.0795
0 0.6657914478619655 0.357 0.051762940735183796 0.074
0 0.6404726181545386 0.4875 0.05138784696174044 0.069
0 0.6969242310577645 0.434 0.05251312828207052 0.063
0 0.6948612153038259 0.5095 0.04838709677419355 0.073
0 0.6316579144786196 0.55625 0.04951237809452363 0.0705
0 0.6641035258814704 0.5745 0.047636909227306824 0.063
0 0.6286571642910728 0.63225 0.05326331582895724 0.0695
0 0.6764816204051013 0.66275 0.0536384096024006 0.0685
0 0.6145911477869468 0.68625 0.05588897224306077 0.0675
0 0.6029632408102026 0.74925 0.04988747186796699 0.0605
0 0.6504126031507877 0.72125 0.05026256564141035 0.0625
0 0.6671042760690172 0.78975 0.046136534133533386 0.0655
0 0.705926481620405 0.73225 0.0450112528132033 0.0655
0 0.7449362340585146 0.72875 0.03975993998499625 0.0585
0 0.7235558889722431 0.672 0.04051012753188297 0.074
0 0.7132408102025506 0.61325 0.04538634658664666 0.0675
0 0.7342460615153789 0.555 0.047636909227306824 0.073
0 0.7366841710427607 0.3715 0.04876219054763691 0.076
0 0.7801950487621906 0.3715 0.05326331582895724 0.07
0 0.7558139534883721 0.4295 0.046511627906976744 0.078
0 0.8077644411102776 0.45225 0.047636909227306824 0.0745
0 0.763503375843961 0.4945 0.04238559639909977 0.075
0 0.8233308327081771 0.51775 0.04951237809452363 0.0605
0 0.7888222055513878 0.57325 0.04951237809452363 0.0725
0 0.75 0.61525 0.04388597149287322 0.0665
0 0.7882595648912228 0.68325 0.04238559639909977 0.0635
0 0.8145161290322581 0.62425 0.04238559639909977 0.0635
0 0.8278319579894974 0.67975 0.046511627906976744 0.0665
0 0.8552138034508627 0.43125 0.04876219054763691 0.0655
0 0.8700300075018754 0.498 0.047636909227306824 0.068
0 0.8964741185296324 0.52375 0.051762940735183796 0.0665
0 0.8520255063765941 0.56525 0.052138034508627154 0.0635
0 0.8876594148537135 0.5825 0.03938484621155289 0.06
0 0.855026256564141 0.6215 0.04388597149287322 0.063