0 0.04275 0.589834958739685 0.0625 0.046136534133533386
0 0.1195 0.6035258814703676 0.058 0.0450112528132033
0 0.16075 0.6567891972993248 0.0585 0.04276069017254314
0 0.21575 0.6609152288072018 0.0595 0.0450112528132033
0 0.29375 0.6277194298574643 0.0555 0.038634658664666165
0 0.31925 0.6417854463615904 0.0505 0.03150787696924231
0 0.35125 0.6717929482370593 0.0405 0.03600900225056264
0 0.36225 0.609152288072018 0.0675 0.042010502625656414
0 0.355 0.6275318829707427 0.054 0.024006001500375095
0 0.41175 0.6078394598649662 0.0515 0.03938484621155289
0 0.40825 0.5705176294073518 0.0525 0.04051012753188297
0 0.35575 0.5444486121530383 0.0525 0.04013503375843961
0 0.2955 0.5669542385596399 0.054 0.04088522130532633
0 0.217 0.6100900225056264 0.058 0.041635408852213056
0 0.18075 0.5813953488372093 0.0625 0.04576144036009002
0 0.12875 0.5626406601650412 0.0515 0.04051012753188297
0 0.07825 0.5298199549887472 0.0565 0.04013503375843961
0 0.1275 0.5238184546136534 0.055 0.038634658664666165
0 0.0815 0.48930982745686424 0.058 0.041635408852213056
0 0.03425 0.4518004501125281 0.0575 0.04838709677419355
0 0.12875 0.47768192048012004 0.0515 0.04238559639909977
0 0.18775 0.5180045011252813 0.0655 0.051762940735183796
0 0.2425 0.5465116279069767 0.055 0.037509377344336084
0 0.2365 0.48349587396849214 0.052 0.04276069017254314
0 0.28825 0.5022505626406601 0.0405 0.04276069017254314
0 0.3185 0.4701800450112528 0.057 0.04388597149287322
0 0.37575 0.4885596399099775 0.0595 0.046136534133533386
0 0.4085 0.5285071267816954 0.058 0.042010502625656414
0 0.176 0.44317329332333083 0.061 0.046136534133533386
0 0.27575 0.41935483870967744 0.0555 0.04426106526631658
0 0.10075 0.37696924231057766 0.0615 0.04951237809452363
0 0.161 0.3968492123030758 0.056 0.04126031507876969
0 0.35875 0.44036009002250565 0.0555 0.04051012753188297
0 0.42525 0.4465491372843211 0.0475 0.03788447111777944
0 0.4415 0.4876219054763691 0.052 0.03900975243810953
0 0.41925 0.37959489872468116 0.0505 0.04351087771942986
0 0.36775 0.40078769692423105 0.0595 0.03938484621155289
0 0.30375 0.37621905476369094 0.0695 0.04801200300075019
0 0.36 0.35352588147036756 0.059 0.04538634658664666
0 0.34325 0.2970742685671418 0.0575 0.04126031507876969
0 0.2955 0.31564141035258814 0.053 0.04988747186796699
0 0.2605 0.34996249062265566 0.066 0.04576144036009002
0 0.2085 0.367966991747937 0.053 0.04576144036009002
0 0.14175 0.34827456864216055 0.0605 0.04238559639909977
0 0.404 0.32558139534883723 0.052 0.04426106526631658
0 0.46225 0.3192048012003001 0.0635 0.04426106526631658
0 0.51425 0.3058889722430608 0.0455 0.04463615903975994
0 0.5605 0.3257689422355589 0.06 0.04088522130532633
0 0.6075 0.30307576894223553 0.05 0.042010502625656414
0 0.67225 0.3107651912978245 0.0565 0.04013503375843961
0 0.7375 0.31657914478619653 0.053 0.03600900225056264
0 0.785 0.32989497374343585 0.048 0.04013503375843961
0 0.53125 0.3561515378844711 0.0475 0.04688672168042011
0 0.46775 0.37396849212303074 0.0565 0.04351087771942986
0 0.62325 0.3505251312828207 0.0545 0.04913728432108027
0 0.66775 0.36346586646661666 0.0455 0.0450112528132033
0 0.5675 0.3794073518379595 0.054 0.041635408852213056
0 0.521 0.4019129782445611 0.059 0.04088522130532633
0 0.46275 0.41260315078769694 0.0575 0.04051012753188297
0 0.476 0.4559264816204051 0.055 0.04088522130532633
0 0.568 0.42366841710427605 0.045 0.043135783945986494
0 0.62025 0.4337959489872468 0.0545 0.041635408852213056
0 0.68775 0.41072768192048015 0.0525 0.04051012753188297
0 0.63025 0.3936609152288072 0.0485 0.037134283570892726
0 0.54575 0.4619279819954989 0.0505 0.03788447111777944
0 0.52075 0.5013128282070518 0.0525 0.043135783945986494
0 0.48475 0.5315078769692423 0.0535 0.03600900225056264
0 0.5305 0.5450112528132033 0.057 0.03825956489122281
0 0.492 0.5630157539384846 0.046 0.03675918979744936
0 0.51775 0.5858964741185296 0.0435 0.03675918979744936
0 0.581 0.5555138784696174 0.049 0.042010502625656414
0 0.57625 0.5219429857464366 0.0525 0.03188297074268567
0 0.60125 0.4913728432108027 0.0505 0.03600900225056264
0 0.638 0.61384096024006 0.052 0.036384096024006
0 0.72075 0.6324081020255063 0.0515 0.04051012753188297
0 0.63625 0.5718304576144037 0.0525 0.03488372093023256
0 0.6855 0.5879594898724682 0.051 0.043135783945986494
0 0.7455 0.5782070517629407 0.048 0.037134283570892726
0 0.744 0.6031507876969242 0.042 0.03150787696924231
0 0.7875 0.6037134283570893 0.037 0.03488372093023256
0 0.8425 0.5941485371342836 0.044 0.03675918979744936
0 0.6525 0.5328207051762941 0.054 0.04238559639909977
0 0.69725 0.5397599399849963 0.0495 0.037509377344336084
0 0.79475 0.5613278319579895 0.0495 0.04088522130532633
0 0.83625 0.559264816204051 0.0435 0.035258814703675916
0 0.89175 0.5648912228057015 0.0495 0.028507126781695424
0 0.9155 0.5436984246061516 0.048 0.038634658664666165
0 0.94625 0.558702175543886 0.0465 0.032633158289572396
0 0.7585 0.5290697674418605 0.049 0.03563390847711928
0 0.81025 0.5221305326331583 0.0405 0.03675918979744936
0 0.84125 0.5213803450862715 0.0345 0.03075768942235559
0 0.65075 0.4896849212303076 0.0515 0.037134283570892726
0 0.69975 0.5005626406601651 0.0535 0.03788447111777944
0 0.77 0.49381095273818454 0.046 0.03788447111777944
0 0.85325 0.49118529632408103 0.0505 0.032633158289572396
0 0.8925 0.4846211552888222 0.046 0.0345086271567892
0 0.6845 0.44973743435858965 0.056 0.03675918979744936
0 0.737 0.46999249812453114 0.05 0.04126031507876969
0 0.80925 0.4634283570892723 0.0485 0.041635408852213056
0 0.897 0.4427981995498875 0.059 0.04388597149287322
0 0.9435 0.4551762940735184 0.051 0.04088522130532633
0 0.9015 0.38634658664666166 0.054 0.046511627906976744
0 0.9125 0.4129782445611403 0.048 0.037509377344336084
0 0.827 0.41147786946736686 0.052 0.03825956489122281
0 0.76375 0.43042010502625655 0.0525 0.03338334583645911
0 0.73525 0.3945986496624156 0.0515 0.03975993998499625
0 0.7505 0.35577644411102777 0.053 0.04088522130532633
0 0.809 0.36946736684171044 0.051 0.046511627906976744
0 0.857 0.35277569392348085 0.048 0.04238559639909977