0 0.23912228057014254 0.87275 0.047636909227306824 0.0465
0 0.27325581395348836 0.82225 0.03563390847711928 0.0445
0 0.33064516129032256 0.8845 0.04538634658664666 0.044
0 0.36046511627906974 0.84375 0.03600900225056264 0.0455
0 0.3831582895723931 0.8125 0.028882220555138786 0.044
0 0.2509377344336084 0.75975 0.04126031507876969 0.0445
0 0.2777569392348087 0.758 0.025881470367591898 0.045
0 0.20555138784696175 0.69175 0.0450112528132033 0.0465
0 0.23012003000750186 0.65075 0.04988747186796699 0.0485
0 0.25318829707426854 0.6885 0.05026256564141035 0.05
0 0.29951237809452363 0.706 0.04238559639909977 0.041
0 0.3343960990247562 0.76475 0.043135783945986494 0.0435
0 0.36196549137284323 0.752 0.03825956489122281 0.044
0 0.3869092273068267 0.74025 0.03113278319579895 0.0325
0 0.2890097524381095 0.65925 0.04238559639909977 0.0445
0 0.35015003750937734 0.67925 0.03338334583645911 0.0415
0 0.16110277569392348 0.5375 0.04838709677419355 0.055
0 0.2128657164291073 0.5625 0.047636909227306824 0.047
0 0.2726931732933233 0.58125 0.047261815453863466 0.0485
0 0.28244561140285074 0.61825 0.05026256564141035 0.0445
0 0.30420105026256566 0.55825 0.04951237809452363 0.0455
0 0.3115153788447112 0.5845 0.043135783945986494 0.044
0 0.3302700675168792 0.63325 0.03938484621155289 0.0505
0 0.3584021005251313 0.60175 0.04688672168042011 0.0495
0 0.36177794448612155 0.65675 0.04388597149287322 0.0455
0 0.38465866466616655 0.68575 0.038634658664666165 0.0475
0 0.39478619654913727 0.70225 0.03563390847711928 0.0395
0 0.4234808702175544 0.708 0.03075768942235559 0.04
0 0.4204801200300075 0.747 0.03825956489122281 0.039
0 0.4206676669167292 0.783 0.038634658664666165 0.042
0 0.4289197299324831 0.82575 0.03563390847711928 0.0365
0 0.47655663915978996 0.88325 0.03488372093023256 0.0395
0 0.5189422355588897 0.8905 0.03938484621155289 0.041
0 0.4544261065266317 0.77925 0.037134283570892726 0.0385
0 0.45648912228057015 0.74675 0.035258814703675916 0.0365
0 0.21305326331582897 0.4465 0.04876219054763691 0.051
0 0.24924981245311328 0.45325 0.037134283570892726 0.0545
0 0.2501875468867217 0.3975 0.04876219054763691 0.053
0 0.21699174793698425 0.3295 0.05138784696174044 0.061
0 0.24081020255063765 0.28225 0.05401350337584396 0.0635
0 0.2745686421605401 0.3175 0.04876219054763691 0.059
0 0.3113278319579895 0.37975 0.05101275318829707 0.0555
0 0.29613653413353336 0.431 0.04913728432108027 0.059
0 0.29951237809452363 0.47975 0.04988747186796699 0.0585
0 0.3480870217554389 0.48025 0.03975993998499625 0.0565
0 0.38372093023255816 0.53025 0.04576144036009002 0.0485
0 0.4216054013503376 0.6445 0.03675918979744936 0.046
0 0.4253563390847712 0.67325 0.03900975243810953 0.0345
0 0.4427981995498875 0.63675 0.02288072018004501 0.0495
0 0.4129782445611403 0.557 0.0450112528132033 0.044
0 0.42685671417854465 0.51625 0.0450112528132033 0.0495
0 0.38278319579894976 0.44825 0.047636909227306824 0.0555
0 0.4054763690922731 0.4545 0.02700675168792198 0.05
0 0.31207801950487624 0.2615 0.05476369092273068 0.069
0 0.3574643660915229 0.24225 0.05026256564141035 0.0625
0 0.3437734433608402 0.3335 0.055138784696174045 0.063
0 0.349774943735934 0.37975 0.04538634658664666 0.0505
0 0.3887846961740435 0.3045 0.04838709677419355 0.053
0 0.4021005251312828 0.35425 0.04876219054763691 0.0525
0 0.44392348087021755 0.4345 0.04388597149287322 0.055
0 0.45630157539384847 0.536 0.037134283570892726 0.045
0 0.4427981995498875 0.5915 0.038634658664666165 0.052
0 0.48537134283570893 0.60075 0.0345086271567892 0.0475
0 0.4705551387846962 0.635 0.043135783945986494 0.043
0 0.46905476369092275 0.67575 0.032633158289572396 0.0455
0 0.4619279819954989 0.71675 0.03563390847711928 0.0435
0 0.47505626406601653 0.7445 0.02288072018004501 0.041
0 0.5030007501875469 0.7545 0.03600900225056264 0.044
0 0.5300075018754689 0.796 0.03150787696924231 0.036
0 0.5547636909227307 0.78425 0.03075768942235559 0.0345
0 0.5367591897974494 0.764 0.03225806451612903 0.034
0 0.5125656414103525 0.719 0.03488372093023256 0.043
0 0.562828207051763 0.75 0.03188297074268567 0.036
0 0.5735183795948987 0.771 0.02625656414103526 0.034
0 0.594523630907727 0.74525 0.03825956489122281 0.0445
0 0.5521380345086272 0.705 0.033008252063015754 0.029
0 0.5168792198049512 0.6585 0.03675918979744936 0.043
0 0.5474493623405852 0.68425 0.03788447111777944 0.0405
0 0.5153788447111778 0.616 0.03375843960990248 0.045
0 0.4187921980495124 0.19775 0.04838709677419355 0.0635
0 0.4197299324831208 0.267 0.04951237809452363 0.065
0 0.43435858964741186 0.30975 0.046511627906976744 0.0685
0 0.45986496624156037 0.37 0.04801200300075019 0.051
0 0.4789947486871718 0.3905 0.04126031507876969 0.049
0 0.47449362340585144 0.44625 0.04426106526631658 0.0455
0 0.4761815453863466 0.5035 0.04013503375843961 0.051
0 0.5045011252813203 0.513 0.03900975243810953 0.047
0 0.5065641410352588 0.55125 0.043135783945986494 0.0515
0 0.5320705176294074 0.565 0.03563390847711928 0.047
0 0.558702175543886 0.6235 0.03563390847711928 0.041
0 0.5607651912978244 0.6435 0.03600900225056264 0.033
0 0.5840210052513128 0.694 0.03225806451612903 0.04
0 0.5842085521380345 0.643 0.03188297074268567 0.042
0 0.6102775693923481 0.6895 0.03225806451612903 0.038
0 0.623218304576144 0.7205 0.030382595648912228 0.041
0 0.6436609152288072 0.72 0.029257314328582147 0.036
0 0.6370967741935484 0.68725 0.032633158289572396 0.0365
0 0.6258439609902475 0.663 0.03563390847711928 0.037
0 0.5943360840210052 0.6075 0.03563390847711928 0.037
0 0.5386346586646662 0.5165 0.03225806451612903 0.045
0 0.5105026256564141 0.46075 0.03975993998499625 0.0485
0 0.5776444111027756 0.55025 0.0345086271567892 0.0455
0 0.640847711927982 0.62825 0.028882220555138786 0.0435
0 0.6517254313578394 0.646 0.019879969992498126 0.041
0 0.4307951987996999 0.12425 0.047636909227306824 0.0655
0 0.4579894973743436 0.151 0.04426106526631658 0.057
0 0.45480120030007504 0.23425 0.043135783945986494 0.0595
0 0.47074268567141786 0.293 0.04276069017254314 0.058
0 0.4983120780195049 0.3335 0.04463615903975994 0.054
0 0.5315078769692423 0.41875 0.046511627906976744 0.0565
0 0.5466991747936985 0.45425 0.04013503375843961 0.0475
0 0.5596399099774944 0.47675 0.0345086271567892 0.0455
0 0.5963990997749438 0.50025 0.03975993998499625 0.0475
0 0.6190922730682671 0.52325 0.036384096024006 0.0415
0 0.6189047261815454 0.5555 0.03600900225056264 0.04
0 0.6149662415603901 0.58125 0.032633158289572396 0.0335
0 0.6438484621155289 0.5645 0.034133533383345835 0.049
0 0.6783570892723181 0.60275 0.028882220555138786 0.0345
0 0.6839834958739685 0.56475 0.03563390847711928 0.0435
0 0.7117404351087772 0.58925 0.030382595648912228 0.0415
0 0.6421605401350338 0.5185 0.021005251312828207 0.029
0 0.6352213053263316 0.50025 0.030382595648912228 0.0285
0 0.6357839459864967 0.47925 0.037509377344336084 0.0455
0 0.6005251312828207 0.46125 0.03900975243810953 0.0475
0 0.5084396099024756 0.23675 0.04238559639909977 0.0575
0 0.518192048012003 0.27375 0.04538634658664666 0.0545
0 0.5243810952738185 0.177 0.04351087771942986 0.059
0 0.5444486121530383 0.228 0.043135783945986494 0.058
0 0.5596399099774944 0.15675 0.042010502625656414 0.0505
0 0.5797074268567142 0.19425 0.04238559639909977 0.0525
0 0.5688297074268567 0.27275 0.046136534133533386 0.0565
0 0.5572018004501126 0.327 0.03788447111777944 0.052
0 0.5887096774193549 0.30025 0.038634658664666165 0.0565
0 0.5710802700675168 0.35875 0.04238559639909977 0.0505
0 0.6024006001500375 0.39825 0.04051012753188297 0.0525
0 0.6359714928732183 0.419 0.03788447111777944 0.046
0 0.6646661665416355 0.47625 0.028507126781695424 0.0475
0 0.6875468867216804 0.50275 0.037509377344336084 0.0445
0 0.6680420105026257 0.515 0.028507126781695424 0.04
0 0.7164291072768192 0.537 0.03225806451612903 0.044
0 0.7590022505626407 0.5865 0.029632408102025505 0.043
0 0.6119654913728432 0.34175 0.038634658664666165 0.0545
0 0.6436609152288072 0.34675 0.03225806451612903 0.0525
0 0.6462865716429107 0.3665 0.03225806451612903 0.048
0 0.6239684921230307 0.25575 0.047636909227306824 0.0555
0 0.6299699924981246 0.2935 0.04013503375843961 0.046
0 0.6620405101275318 0.2965 0.03900975243810953 0.059
0 0.6522880720180045 0.24675 0.03825956489122281 0.0585
0 0.6693548387096774 0.31425 0.03188297074268567 0.0425
0 0.6858589647411854 0.37725 0.03488372093023256 0.0485
0 0.7153038259564891 0.39125 0.03150787696924231 0.0515
0 0.6914853713428357 0.4405 0.038634658664666165 0.049
0 0.7076144036009002 0.47475 0.03563390847711928 0.0425
0 0.7291822955738935 0.5025 0.03150787696924231 0.039
0 0.746436609152288 0.4685 0.03600900225056264 0.054
0 0.7301200300075019 0.42575 0.036384096024006 0.0495
0 0.7475618904726181 0.51325 0.0277569392348087 0.0455
0 0.7533758439609902 0.414 0.029632408102025505 0.041
0 0.7524381095273819 0.36875 0.035258814703675916 0.0545
0 0.7764441110277569 0.38675 0.030007501875468866 0.0525
0 0.8143285821455364 0.3645 0.03675918979744936 0.048
0 0.7959489872468117 0.3165 0.03900975243810953 0.052
0 0.717741935483871 0.295 0.034133533383345835 0.049
0 0.6926106526631658 0.26375 0.038634658664666165 0.0485
0 0.7449362340585146 0.2565 0.035258814703675916 0.052
0 0.695986496624156 0.2215 0.03788447111777944 0.053
0 0.6177794448612153 0.133 0.04576144036009002 0.06
0 0.6594148537134283 0.13025 0.03900975243810953 0.0615
0 0.65847711927982 0.1825 0.04388597149287322 0.052
0 0.7051762940735183 0.1605 0.037509377344336084 0.063
0 0.7338709677419355 0.17375 0.03788447111777944 0.0535