0 0.2828207051762941 0.19425 0.0900225056264066 0.1275
0 0.2501875468867217 0.30525 0.09377344336084022 0.1255
0 0.17198049512378094 0.3705 0.08739684921230308 0.115
0 0.11440360090022506 0.47525 0.08402100525131283 0.1075
0 0.15303825956489123 0.6105 0.08927231807951988 0.114
0 0.2078019504876219 0.51 0.08402100525131283 0.113
0 0.24062265566391597 0.65175 0.08064516129032258 0.1085
0 0.3094523630907727 0.74375 0.08927231807951988 0.1035
0 0.34733683420855216 0.80125 0.08477119279819954 0.0985
0 0.3936609152288072 0.7495 0.09114778694673668 0.104
0 0.43023255813953487 0.81025 0.07501875468867217 0.0975
0 0.5292573143285821 0.83675 0.08177044261065267 0.0925
0 0.641972993248312 0.8425 0.08439609902475619 0.088
0 0.5718304576144037 0.73075 0.061890472618154536 0.0795
0 0.7109902475618904 0.7965 0.0671417854463616 0.103
0 0.7786946736684172 0.73425 0.06751687921980495 0.1035
0 0.8287696924231058 0.6605 0.07839459864966242 0.103
0 0.8825956489122281 0.6245 0.07126781695423856 0.098
0 0.8023255813953488 0.43775 0.08102025506376594 0.0965
0 0.7828207051762941 0.54 0.07576894223555888 0.108
0 0.7160540135033758 0.60925 0.08402100525131283 0.1125
0 0.6867966991747937 0.7175 0.07201800450112528 0.101
0 0.6129032258064516 0.61525 0.0795198799699925 0.0995
0 0.54576144036009 0.7065 0.08852213053263316 0.113
0 0.4461740435108777 0.647 0.09039759939984997 0.106
0 0.3546511627906977 0.62825 0.08814703675918979 0.0955
0 0.28994748687171795 0.5535 0.08852213053263316 0.117
0 0.2663165791447862 0.419 0.09152288072018004 0.11
0 0.3353338334583646 0.36875 0.09527381845461365 0.1225
0 0.37809452363090773 0.2315 0.08852213053263316 0.121
0 0.48499624906226557 0.2275 0.08627156789197299 0.116
0 0.44317329332333083 0.334 0.07764441110277569 0.119
0 0.40172543135783945 0.43225 0.09452363090772693 0.1145
0 0.4206676669167292 0.54875 0.08889722430607652 0.1095
0 0.4923105776444111 0.534 0.07764441110277569 0.082
0 0.6511627906976745 0.537 0.08177044261065267 0.1
0 0.581582895723931 0.50925 0.08064516129032258 0.1215
0 0.6646661665416355 0.4475 0.09152288072018004 0.112
0 0.7316204051012754 0.4595 0.06864216054013503 0.111
0 0.7372468117029257 0.343 0.08139534883720931 0.095
0 0.6697299324831207 0.30425 0.08589647411852963 0.1055
0 0.586271567891973 0.25175 0.09452363090772693 0.1245
0 0.5594523630907727 0.3685 0.09339834958739685 0.123
0 0.4943735933983496 0.446 0.09302325581395349 0.111
0 0.47186796699174793 0.725 0.07651912978244561 0.086