0 0.05888972243060765 0.71075 0.06601650412603151 0.0755
0 0.10558889722430607 0.7505 0.06564141035258815 0.062
0 0.16410352588147037 0.73625 0.06864216054013503 0.0605
0 0.08608402100525131 0.65225 0.05588897224306077 0.0695
0 0.14291072768192048 0.66075 0.06376594148537135 0.0715
0 0.2106151537884471 0.67625 0.06639159789947487 0.0705
0 0.27569392348087024 0.684 0.060765191297824456 0.068
0 0.3522130532633158 0.682 0.06376594148537135 0.078
0 0.41260315078769694 0.69625 0.06151537884471118 0.0765
0 0.4883720930232558 0.72325 0.0555138784696174 0.0755
0 0.5478244561140285 0.753 0.052138034508627154 0.07
0 0.6117779444861215 0.792 0.05476369092273068 0.069
0 0.5960240060015004 0.6955 0.051762940735183796 0.073
0 0.5480120030007501 0.6645 0.0622655663915979 0.064
0 0.48687171792948236 0.6545 0.05776444111027757 0.077
0 0.4298574643660915 0.6285 0.05926481620405101 0.073
0 0.36927981995498876 0.6045 0.055138784696174045 0.07
0 0.3008252063015754 0.6255 0.06301575393848462 0.071
0 0.10390097524381095 0.588 0.06601650412603151 0.059
0 0.18248312078019505 0.59975 0.0641410352588147 0.0685
0 0.22918229557389347 0.56375 0.072768192048012 0.0795
0 0.3208927231807952 0.5505 0.07014253563390847 0.082
0 0.41147786946736686 0.555 0.06376594148537135 0.077
0 0.4855588897224306 0.5755 0.06264066016504126 0.081
0 0.5466991747936985 0.59525 0.06489122280570142 0.0805
0 0.5917104276069017 0.55725 0.05588897224306077 0.0805
0 0.6142160540135033 0.49525 0.05888972243060765 0.0925
0 0.6057764441110277 0.40075 0.06376594148537135 0.0925
0 0.5605776444111028 0.45225 0.06789197299324831 0.0835
0 0.5031882970742686 0.414 0.061140285071267814 0.081
0 0.5018754688672168 0.49325 0.0690172543135784 0.0865
0 0.44467366841710426 0.495 0.06489122280570142 0.077
0 0.3734058514628657 0.49975 0.0671417854463616 0.0765
0 0.2835708927231808 0.48725 0.06676669167291822 0.0735
0 0.20573893473368343 0.482 0.06864216054013503 0.079
0 0.14103525881470366 0.50875 0.072768192048012 0.0825
0 0.0708927231807952 0.52225 0.06826706676669167 0.0805
0 0.10183795948987247 0.40525 0.0641410352588147 0.0865
0 0.159039759939985 0.395 0.07426856714178545 0.09
0 0.15285071267816955 0.273 0.06489122280570142 0.096
0 0.21642910727681922 0.314 0.07726931732933233 0.098
0 0.23930982745686422 0.408 0.07126781695423856 0.09
0 0.2762565641410353 0.24725 0.06639159789947487 0.0965
0 0.28750937734433607 0.33525 0.07389347336834208 0.1045
0 0.3327081770442611 0.423 0.06676669167291822 0.09
0 0.3765941485371343 0.354 0.06001500375093773 0.082
0 0.34058514628657166 0.28075 0.06601650412603151 0.0945
0 0.39891222805701426 0.235 0.07464366091522881 0.105
0 0.45930232558139533 0.182 0.07464366091522881 0.111
0 0.4510502625656414 0.292 0.06339084771192798 0.084
0 0.4409227306826707 0.38975 0.07164291072768192 0.0885
0 0.509939984996249 0.25525 0.07539384846211553 0.0985
0 0.549324831207802 0.332 0.061890472618154536 0.097
0 0.6084021005251313 0.2995 0.06376594148537135 0.091
0 0.6742310577644411 0.257 0.07464366091522881 0.094
0 0.7484996249062266 0.23125 0.06789197299324831 0.0975
0 0.8501500375093773 0.25825 0.06789197299324831 0.0845
0 0.9019129782445612 0.23675 0.0641410352588147 0.0885
0 0.6963615903975994 0.32725 0.07014253563390847 0.0845
0 0.7983870967741935 0.3315 0.07464366091522881 0.091
0 0.9015378844711178 0.332 0.056639159789947484 0.084
0 0.6712303075768942 0.42125 0.0671417854463616 0.0915
0 0.7393098274568642 0.40775 0.06826706676669167 0.0865
0 0.8150787696924231 0.38875 0.056264066016504126 0.0795
0 0.8531507876969242 0.44725 0.056639159789947484 0.0765
0 0.9262940735183796 0.431 0.06264066016504126 0.081
0 0.8944111027756939 0.51575 0.07314328582145536 0.0765
0 0.8038259564891223 0.50575 0.05776444111027757 0.0735
0 0.7644411102775694 0.46775 0.05776444111027757 0.0795
0 0.6706676669167292 0.5225 0.06451612903225806 0.069
0 0.6603525881470368 0.582 0.05888972243060765 0.076
0 0.7244936234058514 0.54325 0.05138784696174044 0.0805
0 0.845086271567892 0.58775 0.06826706676669167 0.0745
0 0.7261815453863466 0.61625 0.0622655663915979 0.0805
0 0.6539759939984996 0.677 0.059639909977494375 0.077
0 0.7036759189797449 0.695 0.0622655663915979 0.068