0 0.19748687171792947 0.40375 0.03338334583645911 0.0355
0 0.19148537134283572 0.42725 0.028132033008252063 0.0355
0 0.1926106526631658 0.46225 0.032633158289572396 0.0385
0 0.23818454613653414 0.39425 0.030007501875468866 0.0415
0 0.24849962490622657 0.44275 0.02738184546136534 0.0405
0 0.2633158289572393 0.426 0.028507126781695424 0.038
0 0.22280570142535633 0.48375 0.029257314328582147 0.0395
0 0.2166166541635409 0.5185 0.02663165791447862 0.038
0 0.24062265566391597 0.5495 0.02663165791447862 0.041
0 0.2560015003750938 0.525 0.028882220555138786 0.039
0 0.25712678169542386 0.559 0.03188297074268567 0.036
0 0.27569392348087024 0.484 0.018754688672168042 0.023
0 0.2758814703675919 0.45825 0.029632408102025505 0.0375
0 0.2837584396099025 0.499 0.029632408102025505 0.043
0 0.29632408102025504 0.517 0.02625656414103526 0.042
0 0.3023255813953488 0.5525 0.028507126781695424 0.034
0 0.29369842460615153 0.5935 0.03075768942235559 0.037
0 0.2758814703675919 0.60875 0.030382595648912228 0.0405
0 0.28319579894973745 0.6415 0.03075768942235559 0.044
0 0.3008252063015754 0.67825 0.025506376594148537 0.0395
0 0.31545386346586646 0.70775 0.03150787696924231 0.0435
0 0.3192048012003001 0.66225 0.03075768942235559 0.0435
0 0.31939234808702177 0.6235 0.028132033008252063 0.04
0 0.34058514628657166 0.69425 0.03075768942235559 0.0405
0 0.34602400600150035 0.647 0.028882220555138786 0.042
0 0.3600900225056264 0.7235 0.028507126781695424 0.043
0 0.37284321080270066 0.67975 0.0277569392348087 0.0455
0 0.390847711927982 0.70875 0.03150787696924231 0.0425
0 0.38822205551387845 0.7545 0.03150787696924231 0.037
0 0.3257689422355589 0.5585 0.028132033008252063 0.041
0 0.349774943735934 0.55975 0.025881470367591898 0.0415
0 0.34658664666166544 0.5935 0.0277569392348087 0.04
0 0.3606526631657914 0.60525 0.03113278319579895 0.0415
0 0.37396849212303074 0.637 0.030007501875468866 0.041
0 0.32633158289572395 0.5235 0.03075768942235559 0.04
0 0.3548387096774194 0.522 0.03225806451612903 0.041
0 0.37040510127531884 0.55575 0.03113278319579895 0.0395
0 0.3017629407351838 0.38325 0.025131282820705175 0.0365
0 0.29426106526631657 0.41475 0.030382595648912228 0.0325
0 0.29576144036009 0.449 0.028882220555138786 0.039
0 0.33083270817704424 0.3795 0.03075768942235559 0.035
0 0.3505251312828207 0.391 0.024381095273818456 0.039
0 0.33064516129032256 0.4185 0.024381095273818456 0.036
0 0.3394598649662416 0.44925 0.030007501875468866 0.0405
0 0.3201425356339085 0.4785 0.029632408102025505 0.034
0 0.35427606901725434 0.4855 0.028882220555138786 0.038
0 0.3869092273068267 0.5985 0.029632408102025505 0.045
0 0.4036009002250563 0.634 0.03150787696924231 0.042
0 0.40960240060015 0.67525 0.030007501875468866 0.0425
0 0.41841710427606904 0.72025 0.03188297074268567 0.0395
0 0.4221680420105026 0.76 0.03113278319579895 0.044
0 0.45911477869467365 0.73 0.03075768942235559 0.042
0 0.4486121530382596 0.6875 0.030007501875468866 0.048
0 0.43698424606151537 0.641 0.028507126781695424 0.046
0 0.4221680420105026 0.5915 0.03338334583645911 0.043
0 0.40828957239309827 0.55025 0.030382595648912228 0.0355
0 0.39591147786946734 0.52125 0.03488372093023256 0.0405
0 0.38615903975994 0.48775 0.03563390847711928 0.0435
0 0.3790322580645161 0.44525 0.03188297074268567 0.0365
0 0.3794073518379595 0.37825 0.030382595648912228 0.0415
0 0.36159039759939987 0.337 0.029257314328582147 0.039
0 0.3900975243810953 0.3475 0.029257314328582147 0.034
0 0.42441860465116277 0.33525 0.030382595648912228 0.0365
0 0.41429107276819205 0.372 0.030382595648912228 0.039
0 0.40847711927981994 0.4145 0.03075768942235559 0.038
0 0.40828957239309827 0.44325 0.030382595648912228 0.0455
0 0.4232933233308327 0.48875 0.032633158289572396 0.0425
0 0.43454613653413354 0.532 0.032633158289572396 0.039
0 0.4392348087021755 0.56525 0.03225806451612903 0.0415
0 0.4566766691672918 0.6095 0.03113278319579895 0.043
0 0.4836834208552138 0.6545 0.03488372093023256 0.048
0 0.47655663915978996 0.706 0.03188297074268567 0.047
0 0.4883720930232558 0.73875 0.030007501875468866 0.0425
0 0.5211927981995499 0.7465 0.030382595648912228 0.045
0 0.5112528132033008 0.71225 0.03150787696924231 0.0425
0 0.5116279069767442 0.6595 0.029257314328582147 0.049
0 0.4876219054763691 0.61675 0.03375843960990248 0.0465
0 0.47280570142535633 0.579 0.032633158289572396 0.045
0 0.4608027006751688 0.533 0.03113278319579895 0.044
0 0.4527381845461365 0.492 0.03075768942235559 0.041
0 0.43623405851462865 0.45 0.03150787696924231 0.044
0 0.4373593398349587 0.40925 0.029257314328582147 0.0455
0 0.4461740435108777 0.377 0.03113278319579895 0.043
0 0.4656789197299325 0.40425 0.03113278319579895 0.0395
0 0.472993248312078 0.3495 0.024006001500375095 0.037
0 0.4883720930232558 0.35925 0.0277569392348087 0.0335
0 0.4896849212303076 0.38875 0.032633158289572396 0.0395
0 0.4703675918979745 0.44325 0.030007501875468866 0.0395
0 0.4966241560390098 0.45925 0.030007501875468866 0.0445
0 0.4795573893473368 0.4935 0.03188297074268567 0.043
0 0.49568642160540133 0.5525 0.030382595648912228 0.045
0 0.5084396099024756 0.58775 0.03488372093023256 0.0395
0 0.5163165791447862 0.528 0.03188297074268567 0.042
0 0.521755438859715 0.48925 0.0277569392348087 0.0415
0 0.5393848462115529 0.55575 0.03225806451612903 0.0395
0 0.5395723930982745 0.59475 0.03488372093023256 0.0425
0 0.5268192048012003 0.62475 0.036384096024006 0.0405
0 0.5585146286571643 0.6225 0.0277569392348087 0.05
0 0.5446361590397599 0.65725 0.03150787696924231 0.0455
0 0.5390097524381096 0.69925 0.03375843960990248 0.0405
0 0.5474493623405852 0.7335 0.032633158289572396 0.041
0 0.517066766691673 0.339 0.030382595648912228 0.03
0 0.514066016504126 0.3615 0.034133533383345835 0.039
0 0.5238184546136534 0.39375 0.032633158289572396 0.0425
0 0.5403225806451613 0.32525 0.028882220555138786 0.0405
0 0.5506376594148538 0.37825 0.033008252063015754 0.0405
0 0.5466991747936985 0.4165 0.032633158289572396 0.043
0 0.5753938484621155 0.4045 0.0345086271567892 0.043
0 0.5795198799699925 0.3575 0.03375843960990248 0.039
0 0.5877719429857464 0.32975 0.03375843960990248 0.0455
0 0.5442610652663166 0.46 0.03075768942235559 0.044
0 0.5753938484621155 0.44875 0.030007501875468866 0.0445
0 0.5575768942235559 0.49575 0.03338334583645911 0.0385
0 0.613278319579895 0.36925 0.030007501875468866 0.0455
0 0.6247186796699175 0.3495 0.028132033008252063 0.039
0 0.6070892723180795 0.4255 0.025881470367591898 0.046
0 0.5993998499624906 0.466 0.03225806451612903 0.043
0 0.6035258814703676 0.5065 0.037509377344336084 0.046
0 0.5678919729932483 0.5405 0.03225806451612903 0.044
0 0.5712678169542386 0.5815 0.0277569392348087 0.044
0 0.5995873968492123 0.54775 0.029632408102025505 0.0445
0 0.6037134283570893 0.58525 0.034133533383345835 0.0405
0 0.5988372093023255 0.62525 0.03338334583645911 0.0435
0 0.5872093023255814 0.6635 0.030382595648912228 0.044
0 0.5707051762940735 0.699 0.03338334583645911 0.044
0 0.5783945986496624 0.737 0.03150787696924231 0.041
0 0.6063390847711928 0.70375 0.03113278319579895 0.0445
0 0.6222805701425357 0.7355 0.03225806451612903 0.047
0 0.6335333833458364 0.69425 0.029257314328582147 0.0415
0 0.6522880720180045 0.7265 0.03225806451612903 0.044
0 0.6222805701425357 0.66075 0.0345086271567892 0.0365
0 0.6245311327831958 0.6175 0.03225806451612903 0.042
0 0.6303450862715679 0.57625 0.02738184546136534 0.0455
0 0.6528507126781695 0.64275 0.032633158289572396 0.0535
0 0.663728432108027 0.68025 0.034133533383345835 0.0415
0 0.6822955738934734 0.71375 0.035258814703675916 0.0475
0 0.6905476369092273 0.674 0.029257314328582147 0.048
0 0.7128657164291072 0.714 0.036384096024006 0.046
0 0.7434358589647412 0.72975 0.03375843960990248 0.0425
0 0.6592273068267067 0.60225 0.03338334583645911 0.0455
0 0.6877344336084021 0.628 0.032633158289572396 0.047
0 0.7179294823705926 0.638 0.03150787696924231 0.046
0 0.7355588897224306 0.6825 0.037509377344336084 0.044
0 0.6858589647411854 0.58625 0.03563390847711928 0.0445
0 0.6370967741935484 0.52725 0.03338334583645911 0.0365
0 0.6292198049512379 0.49225 0.03563390847711928 0.0425
0 0.626781695423856 0.45575 0.03150787696924231 0.0435
0 0.631470367591898 0.42125 0.030382595648912228 0.0405
0 0.6466616654163541 0.38975 0.030007501875468866 0.0395
0 0.6723555888972244 0.34175 0.03488372093023256 0.0425
0 0.6789197299324832 0.3905 0.0345086271567892 0.043
0 0.6603525881470368 0.43675 0.03188297074268567 0.0415
0 0.6879219804951238 0.432 0.033008252063015754 0.04
0 0.7010502625656414 0.3675 0.03075768942235559 0.041
0 0.7093023255813954 0.394 0.03150787696924231 0.046
0 0.7366841710427607 0.36825 0.033008252063015754 0.0425
0 0.7188672168042011 0.43775 0.032633158289572396 0.0405
0 0.7533758439609902 0.43425 0.03488372093023256 0.0425
0 0.7865716429107277 0.426 0.03225806451612903 0.046
0 0.8295198799699925 0.41525 0.034133533383345835 0.0425
0 0.6836084021005251 0.47275 0.030382595648912228 0.0435
0 0.6650412603150788 0.50725 0.0345086271567892 0.0405
0 0.6937359339834959 0.51075 0.030382595648912228 0.0415
0 0.677231807951988 0.5445 0.032633158289572396 0.041
0 0.7076144036009002 0.54475 0.030382595648912228 0.0445
0 0.7209302325581395 0.5795 0.037509377344336084 0.044
0 0.7719429857464366 0.46225 0.03225806451612903 0.0425
0 0.8013878469617405 0.467 0.030382595648912228 0.041
0 0.8298949737434359 0.45275 0.03563390847711928 0.0385
0 0.8422730682670667 0.49475 0.034133533383345835 0.0455
0 0.754688672168042 0.49175 0.03075768942235559 0.0465
0 0.7344336084021005 0.5135 0.03600900225056264 0.045
0 0.7815078769692423 0.50775 0.029632408102025505 0.0455
0 0.7625656414103525 0.54 0.03600900225056264 0.04
0 0.8177044261065266 0.53675 0.03225806451612903 0.0435
0 0.7873218304576144 0.56175 0.03075768942235559 0.0425
0 0.7543135783945987 0.5725 0.03375843960990248 0.042
0 0.7494373593398349 0.618 0.029257314328582147 0.043
0 0.7766316579144786 0.59525 0.034133533383345835 0.0425
0 0.8278319579894974 0.5885 0.03225806451612903 0.043
0 0.804013503375844 0.628 0.03338334583645911 0.041
0 0.7655663915978995 0.6625 0.03375843960990248 0.044