0 0.5207631874298541 0.06875 0.05013093901982791 0.0635
0 0.47362514029180697 0.098 0.04713804713804714 0.058
0 0.4556677890011223 0.153 0.04564160119715675 0.059
0 0.4223718668163113 0.183 0.04788627010849233 0.073
0 0.3988028432472877 0.2595 0.04339693228582117 0.065
0 0.3870183314627759 0.33875 0.04152637485970819 0.0625
0 0.43658810325476993 0.30425 0.04564160119715675 0.0715
0 0.4771791994014216 0.2765 0.04302282080059858 0.062
0 0.5501309390198279 0.1175 0.036288814066591846 0.067
0 0.5069210624766181 0.15575 0.04713804713804714 0.0595
0 0.4728769173213618 0.21125 0.04040404040404041 0.0685
0 0.44519266741488966 0.23575 0.04564160119715675 0.0655
0 0.5181444070332959 0.239 0.04489337822671156 0.058
0 0.5540591096146652 0.22275 0.03666292555181444 0.0675
0 0.5686494575383464 0.28125 0.035166479610924055 0.0655
0 0.5359147025813692 0.301 0.036288814066591846 0.064
0 0.5166479610924055 0.32975 0.04339693228582117 0.0565
0 0.4609053497942387 0.34975 0.04489337822671156 0.0545
0 0.4264870931537598 0.37325 0.04264870931537598 0.0695
0 0.37317620650953987 0.40375 0.04601571268237935 0.0515
0 0.4558548447437336 0.426 0.040778151889263 0.056
0 0.494949494949495 0.39025 0.0411522633744856 0.0555
0 0.5396558174335953 0.37425 0.03853348297792742 0.0625
0 0.5735129068462402 0.3545 0.03591470258136925 0.061
0 0.5695847362514029 0.4275 0.03853348297792742 0.061
0 0.5344182566404788 0.462 0.03778526000748223 0.061
0 0.4902731013842125 0.4515 0.040778151889263 0.052
0 0.4062850729517396 0.4385 0.04040404040404041 0.052
0 0.3653198653198653 0.48075 0.04152637485970819 0.0585
0 0.4068462401795735 0.51025 0.03928170594837262 0.0655
0 0.44706322484100264 0.4825 0.04414515525626637 0.053
0 0.4887766554433221 0.5145 0.040778151889263 0.057
0 0.5314253647586981 0.51825 0.03554059109614665 0.0525
0 0.565843621399177 0.54 0.034044145155256264 0.052
0 0.5359147025813692 0.577 0.03853348297792742 0.047
0 0.5043022820800599 0.5695 0.03890759446315002 0.059
0 0.437897493453049 0.56925 0.04152637485970819 0.0535
0 0.3974934530490086 0.57 0.04526748971193416 0.06
0 0.3492330714552937 0.58075 0.03853348297792742 0.0565
0 0.34324728769173213 0.65175 0.04900860456416012 0.0585
0 0.40160867938645717 0.66225 0.03778526000748223 0.0575
0 0.43453049008604566 0.62025 0.03778526000748223 0.0495
0 0.46950991395435837 0.609 0.02843247287691732 0.06
0 0.5104751215862326 0.62925 0.03853348297792742 0.0575
0 0.5578002244668911 0.616 0.03965581743359521 0.058
0 0.5693976805087916 0.67775 0.038159371492704826 0.0525
0 0.5310512532734755 0.65725 0.036288814066591846 0.0565
0 0.48690609801720913 0.67325 0.03853348297792742 0.0445
0 0.44182566404788626 0.68675 0.035166479610924055 0.0655
0 0.4087167976056865 0.7215 0.036288814066591846 0.055
0 0.3679386457164235 0.7335 0.030303030303030304 0.052
0 0.45192667414889637 0.7295 0.03591470258136925 0.051
0 0.4945753834642724 0.72775 0.035166479610924055 0.0565
0 0.533295922184811 0.72 0.04377104377104377 0.056
0 0.5856715301159746 0.76975 0.037037037037037035 0.0555
0 0.5495697717919941 0.76925 0.03367003367003367 0.0515
0 0.51010101010101 0.772 0.036288814066591846 0.051
0 0.47586980920314254 0.79025 0.04489337822671156 0.0535
0 0.43546576879910215 0.8175 0.03965581743359521 0.052
0 0.4053497942386831 0.78325 0.04451926674148896 0.0475
0 0.39319117096894873 0.84125 0.04264870931537598 0.0565
0 0.4940142162364385 0.825 0.040029928918817806 0.047
0 0.5372240927796483 0.8125 0.032173587729143284 0.049
0 0.5755705200149644 0.8185 0.036288814066591846 0.05
0 0.5836139169472503 0.87425 0.03292181069958848 0.0555
0 0.5361017583239805 0.85025 0.029180695847362513 0.0475
0 0.5114104002992892 0.875 0.03741114852225964 0.057
0 0.4594089038533483 0.8795 0.03591470258136925 0.063
0 0.4180695847362514 0.90425 0.04526748971193416 0.0585
0 0.44650205761316875 0.94025 0.037037037037037035 0.0595
0 0.48709315375982043 0.925 0.041900486344930786 0.053
0 0.5172091283202395 0.91375 0.03254769921436588 0.0415
0 0.5617283950617284 0.922 0.027310138421249533 0.052
0 0.5349794238683128 0.95925 0.03591470258136925 0.0445
0 0.48634493078937524 0.9715 0.03666292555181444 0.05
0 0.6152263374485597 0.88375 0.034044145155256264 0.0465
0 0.6202768424990647 0.81925 0.0306771417882529 0.0565
0 0.6427235316124205 0.84675 0.038159371492704826 0.0445
0 0.6707818930041153 0.812 0.038159371492704826 0.047
0 0.5888514777403666 0.7155 0.03666292555181444 0.049
0 0.6139169472502806 0.73775 0.03591470258136925 0.0565
0 0.6707818930041153 0.7675 0.03367003367003367 0.056
0 0.7016460905349794 0.7685 0.036288814066591846 0.048
0 0.6225215114104004 0.68775 0.03367003367003367 0.0595
0 0.6560044893378226 0.70825 0.03554059109614665 0.0605
0 0.693228582117471 0.71275 0.032173587729143284 0.0565
0 0.5856715301159746 0.6365 0.037037037037037035 0.053
0 0.6511410400299289 0.648 0.03554059109614665 0.054
0 0.6848110736999626 0.66375 0.034044145155256264 0.0505
0 0.7287691732136177 0.69825 0.03666292555181444 0.0475
0 0.7669285447063224 0.677 0.03965581743359521 0.043
0 0.7927422371866817 0.64275 0.03292181069958848 0.0365
0 0.7130564908342686 0.6515 0.03367003367003367 0.036
0 0.7341937897493453 0.6305 0.03254769921436588 0.043
0 0.6303778526000748 0.61175 0.03292181069958848 0.0505
0 0.5993265993265994 0.588 0.03292181069958848 0.061
0 0.6773288439955106 0.5995 0.04377104377104377 0.049
0 0.6943509165731387 0.6125 0.03591470258136925 0.051
0 0.7861952861952862 0.6095 0.033295922184811075 0.051
0 0.7755331088664422 0.5645 0.03292181069958848 0.047
0 0.7377478488589599 0.55075 0.035166479610924055 0.0535
0 0.6975308641975309 0.56625 0.037037037037037035 0.0555
0 0.6328095772540216 0.55475 0.037037037037037035 0.0515
0 0.6099887766554434 0.5215 0.037037037037037035 0.046
0 0.6670407781518892 0.524 0.031425364758698095 0.053
0 0.7048260381593715 0.50775 0.02843247287691732 0.0575
0 0.7437336326225215 0.4955 0.038159371492704826 0.046
0 0.7783389450056116 0.5095 0.036288814066591846 0.056
0 0.7972315750093528 0.463 0.03591470258136925 0.057
0 0.7575757575757576 0.44925 0.031425364758698095 0.0525
0 0.7355031799476244 0.452 0.03591470258136925 0.055
0 0.6816311260755705 0.46625 0.038159371492704826 0.0505
0 0.6464646464646465 0.48875 0.03292181069958848 0.0565
0 0.6156004489337823 0.45575 0.040778151889263 0.0515
0 0.5989524878413768 0.401 0.041900486344930786 0.059
0 0.658062102506547 0.4335 0.03367003367003367 0.056
0 0.6967826412270857 0.4145 0.03554059109614665 0.059
0 0.7308267863823419 0.399 0.03479236812570146 0.049
0 0.7931163486719043 0.4085 0.0306771417882529 0.057
0 0.7631874298540965 0.3675 0.035166479610924055 0.049
0 0.7775907220351664 0.31675 0.027310138421249533 0.0595
0 0.7613168724279835 0.27 0.034418256640478866 0.047
0 0.7545828656939768 0.3265 0.029928918817807706 0.061
0 0.710811821922933 0.3545 0.03965581743359521 0.059
0 0.6741488963711186 0.373 0.03965581743359521 0.051
0 0.6393565282454171 0.3645 0.03890759446315002 0.061
0 0.6041900486344931 0.3125 0.03666292555181444 0.059
0 0.656191545080434 0.2985 0.04264870931537598 0.059
0 0.6911709689487467 0.3055 0.037037037037037035 0.061
0 0.7235316124205013 0.2695 0.034418256640478866 0.064
0 0.6408529741863075 0.23775 0.04040404040404041 0.0545
0 0.688178077066966 0.2475 0.04377104377104377 0.062
0 0.6054994388327721 0.198 0.037037037037037035 0.064
0 0.6593714927048261 0.181 0.037037037037037035 0.058
0 0.6926674148896371 0.17375 0.034044145155256264 0.0645
0 0.722035166479611 0.20975 0.035166479610924055 0.0605
0 0.7796483352038908 0.22425 0.031425364758698095 0.0565
0 0.7469135802469136 0.1915 0.037037037037037035 0.06
0 0.7293303404414515 0.153 0.034044145155256264 0.059
0 0.7085671530115975 0.09925 0.04564160119715675 0.0635
0 0.6503928170594837 0.08125 0.03853348297792742 0.0615
0 0.626075570520015 0.13275 0.040778151889263 0.0565
0 0.5843621399176955 0.144 0.04339693228582117 0.069
0 0.5744481855592967 0.061 0.04451926674148896 0.062
0 0.6189674523007856 0.071 0.04451926674148896 0.061
0 0.8037785260007482 0.26825 0.037037037037037035 0.0565
0 0.817433595211373 0.3105 0.03890759446315002 0.056
0 0.8035914702581369 0.3605 0.03890759446315002 0.054
0 0.8479236812570146 0.35025 0.034044145155256264 0.0515
0 0.8570894126449682 0.3975 0.03890759446315002 0.054
0 0.819304152637486 0.406 0.034418256640478866 0.055
0 0.8217358772914328 0.453 0.03479236812570146 0.051
0 0.8673774784885896 0.44525 0.033295922184811075 0.0515
0 0.8316498316498316 0.506 0.035166479610924055 0.052
0 0.8714927048260381 0.517 0.03254769921436588 0.053
0 0.8052749719416387 0.5295 0.031051253273475497 0.054
0 0.8408155630377853 0.55175 0.03179947624392069 0.0405
0 0.8209876543209876 0.583 0.03254769921436588 0.048