0 0.7882595648912228 0.55725 0.05588897224306077 0.0845
0 0.7854463615903976 0.63175 0.05101275318829707 0.0855
0 0.7620030007501876 0.70325 0.05438859714928732 0.0865
0 0.7378094523630908 0.78 0.058514628657164294 0.095
0 0.6903600900225056 0.8695 0.059639909977494375 0.087
0 0.6492873218304576 0.825 0.0555138784696174 0.099
0 0.6843585896474118 0.752 0.06264066016504126 0.08
0 0.722430607651913 0.66075 0.05326331582895724 0.0885
0 0.7351837959489872 0.5715 0.05701425356339085 0.088
0 0.7460615153788447 0.4975 0.037509377344336084 0.063
0 0.736496624156039 0.335 0.04388597149287322 0.091
0 0.7394973743435859 0.42775 0.05288822205551388 0.0945
0 0.7149287321830458 0.5125 0.05326331582895724 0.09
0 0.694298574643661 0.60625 0.05401350337584396 0.0835
0 0.6731057764441111 0.67375 0.05888972243060765 0.0885
0 0.690735183795949 0.25875 0.05813953488372093 0.0915
0 0.6899849962490623 0.40975 0.04988747186796699 0.0975
0 0.6614778694673669 0.496 0.05588897224306077 0.099
0 0.6170292573143286 0.5725 0.056264066016504126 0.076
0 0.6022130532633159 0.6415 0.04238559639909977 0.091
0 0.5588897224306076 0.696 0.06451612903225806 0.087
0 0.5630157539384846 0.78475 0.07576894223555888 0.0925
0 0.6003375843960991 0.4995 0.06489122280570142 0.076
0 0.6252813203300825 0.4115 0.05776444111027757 0.092
0 0.6656039009752438 0.34025 0.061890472618154536 0.0895
0 0.6228432108027007 0.203 0.0603900975243811 0.08
0 0.5958364591147787 0.27525 0.05588897224306077 0.0815
0 0.5768942235558889 0.35175 0.05701425356339085 0.0975
0 0.5393848462115529 0.433 0.06526631657914479 0.086
0 0.5221305326331583 0.51775 0.06376594148537135 0.0895
0 0.5348837209302325 0.60175 0.0690172543135784 0.0865
0 0.47580645161290325 0.68225 0.07539384846211553 0.0855
0 0.4186046511627907 0.648 0.06751687921980495 0.104
0 0.45986496624156037 0.593 0.06376594148537135 0.105
0 0.4602400600150037 0.4855 0.06976744186046512 0.089
0 0.4741185296324081 0.395 0.06601650412603151 0.09
0 0.5142535633908477 0.32475 0.06676669167291822 0.0945
0 0.5146286571642911 0.2555 0.060765191297824456 0.081
0 0.5527006751687922 0.1615 0.06789197299324831 0.083
0 0.4773068267066767 0.1445 0.06339084771192798 0.079
0 0.46155288822205554 0.197 0.0708927231807952 0.089
0 0.45142535633908476 0.30975 0.06339084771192798 0.0975
0 0.4054763690922731 0.4535 0.07426856714178545 0.092
0 0.4013503375843961 0.55125 0.0690172543135784 0.0845
0 0.34433608402100524 0.61775 0.07501875468867217 0.1015
0 0.3199549887471868 0.5055 0.07201800450112528 0.102
0 0.3300825206301575 0.41975 0.06976744186046512 0.1105
0 0.38634658664666166 0.3525 0.07126781695423856 0.102
0 0.3840960240060015 0.2485 0.072768192048012 0.1
0 0.3953488372093023 0.16125 0.08027006751687922 0.0905
0 0.40847711927981994 0.10125 0.06301575393848462 0.0925
0 0.34602400600150035 0.1 0.06864216054013503 0.079
0 0.32239309827456863 0.1835 0.06789197299324831 0.099
0 0.3252063015753939 0.303 0.0795198799699925 0.105
0 0.25993998499624904 0.57075 0.06976744186046512 0.0995
0 0.24737434358589647 0.46675 0.07539384846211553 0.1025
0 0.259377344336084 0.351 0.0708927231807952 0.102
0 0.25637659414853714 0.247 0.07989497374343586 0.105
0 0.2726931732933233 0.10825 0.0690172543135784 0.1005
0 0.20948987246811704 0.16175 0.07164291072768192 0.1025
0 0.17854463615903976 0.2755 0.07801950487621906 0.092
0 0.18604651162790697 0.39725 0.08027006751687922 0.0995