0 0.13259564891222805 0.673 0.04388597149287322 0.067
0 0.14628657164291073 0.57175 0.0450112528132033 0.0585
0 0.17835708927231808 0.6545 0.047636909227306824 0.056
0 0.18623405851462865 0.70225 0.04988747186796699 0.0585
0 0.23105776444111029 0.73625 0.04801200300075019 0.0595
0 0.1837959489872468 0.605 0.04276069017254314 0.056
0 0.22580645161290322 0.621 0.04576144036009002 0.057
0 0.2595648912228057 0.664 0.0450112528132033 0.054
0 0.30213803450862714 0.7185 0.04388597149287322 0.061
0 0.3390847711927982 0.707 0.0345086271567892 0.054
0 0.32989497374343585 0.664 0.043135783945986494 0.054
0 0.26556639159789946 0.60225 0.042010502625656414 0.0465
0 0.3143285821455364 0.595 0.03900975243810953 0.053
0 0.2751312828207052 0.56525 0.052138034508627154 0.0565
0 0.21942985746436608 0.5565 0.05476369092273068 0.056
0 0.18567141785446362 0.51575 0.05401350337584396 0.0565
0 0.159039759939985 0.3915 0.04576144036009002 0.061
0 0.18923480870217554 0.336 0.04688672168042011 0.059
0 0.21474118529632408 0.3825 0.04988747186796699 0.059
0 0.23424606151537886 0.313 0.04388597149287322 0.062
0 0.30101275318829707 0.21825 0.04988747186796699 0.0535
0 0.3025131282820705 0.27675 0.04463615903975994 0.0595
0 0.2730682670667667 0.32775 0.03975993998499625 0.0635
0 0.336834208552138 0.322 0.04426106526631658 0.059
0 0.27813203300825207 0.39375 0.043135783945986494 0.0595
0 0.31939234808702177 0.372 0.04238559639909977 0.056
0 0.353900975243811 0.20625 0.037134283570892726 0.0625
0 0.363278319579895 0.261 0.04838709677419355 0.061
0 0.21680420105026257 0.4695 0.05026256564141035 0.06
0 0.2565641410352588 0.4975 0.04876219054763691 0.063
0 0.2845086271567892 0.456 0.047636909227306824 0.057
0 0.30532633158289574 0.504 0.04276069017254314 0.056
0 0.3207051762940735 0.42675 0.05026256564141035 0.0625
0 0.35277569392348085 0.48 0.046136534133533386 0.056
0 0.3428357089272318 0.5315 0.04876219054763691 0.05
0 0.3580270067516879 0.611 0.04988747186796699 0.057
0 0.3825956489122281 0.5335 0.04051012753188297 0.057
0 0.40772693173293323 0.54525 0.0345086271567892 0.0505
0 0.3724681170292573 0.4635 0.03675918979744936 0.048
0 0.39722430607651915 0.59775 0.04051012753188297 0.0585
0 0.377344336084021 0.64525 0.03675918979744936 0.0555
0 0.4079144786196549 0.654 0.037134283570892726 0.054
0 0.427231807951988 0.68675 0.0345086271567892 0.0495
0 0.40678919729932483 0.72975 0.04388597149287322 0.0555
0 0.40922730682670666 0.20525 0.04351087771942986 0.0585
0 0.4351087771942986 0.18575 0.037509377344336084 0.0595
0 0.40491372843210804 0.26375 0.041635408852213056 0.0575
0 0.3944111027756939 0.314 0.03938484621155289 0.053
0 0.363278319579895 0.3575 0.04688672168042011 0.057
0 0.42460615153788445 0.31025 0.04126031507876969 0.0545
0 0.413165791447862 0.3615 0.037134283570892726 0.051
0 0.4427981995498875 0.36025 0.032633158289572396 0.0545
0 0.37471867966991745 0.41975 0.04351087771942986 0.0555
0 0.40660165041260315 0.41175 0.04051012753188297 0.0605
0 0.4262940735183796 0.45775 0.04088522130532633 0.0525
0 0.44804951237809454 0.413 0.04238559639909977 0.057
0 0.4739309827456864 0.4035 0.036384096024006 0.046
0 0.4559264816204051 0.4655 0.037134283570892726 0.054
0 0.42085521380345087 0.4965 0.03825956489122281 0.049
0 0.450112528132033 0.5025 0.0345086271567892 0.047
0 0.45348837209302323 0.564 0.04051012753188297 0.048
0 0.4292948237059265 0.602 0.038634658664666165 0.05
0 0.4529257314328582 0.6485 0.03563390847711928 0.046
0 0.46886721680420107 0.6925 0.0345086271567892 0.05
0 0.5093773443360841 0.69875 0.03975993998499625 0.0505
0 0.49099774943735935 0.64375 0.035258814703675916 0.0525
0 0.47861965491372843 0.607 0.04351087771942986 0.046
0 0.5281320330082521 0.65525 0.03075768942235559 0.0525
0 0.5213803450862715 0.60925 0.033008252063015754 0.0385
0 0.49681170292573146 0.586 0.04013503375843961 0.043
0 0.49099774943735935 0.55075 0.03825956489122281 0.0555
0 0.4606151537884471 0.2475 0.03900975243810953 0.053
0 0.48349587396849214 0.25875 0.0345086271567892 0.0565
0 0.4804951237809452 0.30975 0.037509377344336084 0.0555
0 0.5101275318829708 0.29075 0.03375843960990248 0.0545
0 0.5178169542385597 0.33275 0.030382595648912228 0.0515
0 0.4838709677419355 0.35825 0.03975993998499625 0.0555
0 0.5101275318829708 0.379 0.033008252063015754 0.058
0 0.5450112528132033 0.3525 0.03600900225056264 0.061
0 0.5391972993248312 0.401 0.03938484621155289 0.056
0 0.49024756189047264 0.44475 0.03150787696924231 0.0515
0 0.5166916729182296 0.4425 0.030382595648912228 0.052
0 0.5483870967741935 0.45 0.03075768942235559 0.05
0 0.49287321830457614 0.49575 0.03225806451612903 0.0495
0 0.5425731432858214 0.48875 0.03488372093023256 0.0495
0 0.5136909227306826 0.5345 0.03488372093023256 0.05
0 0.5532633158289573 0.52075 0.03225806451612903 0.0515
0 0.5416354088522131 0.56625 0.03600900225056264 0.0465
0 0.5555138784696174 0.6225 0.0345086271567892 0.05
0 0.5707051762940735 0.67825 0.036384096024006 0.0525
0 0.5988372093023255 0.68075 0.03188297074268567 0.0495
0 0.5941485371342836 0.64 0.035258814703675916 0.047
0 0.617966991747937 0.6535 0.02663165791447862 0.044
0 0.626781695423856 0.6215 0.03375843960990248 0.052
0 0.673668417104276 0.64475 0.03225806451612903 0.0475
0 0.6693548387096774 0.69275 0.03488372093023256 0.0485
0 0.5864591147786947 0.583 0.038634658664666165 0.05
0 0.576331582895724 0.5355 0.03338334583645911 0.047
0 0.5926481620405101 0.4985 0.03225806451612903 0.055
0 0.6149662415603901 0.523 0.03338334583645911 0.049
0 0.6245311327831958 0.57275 0.03375843960990248 0.0525
0 0.6477869467366841 0.5965 0.0277569392348087 0.049
0 0.5903975993998499 0.44575 0.03225806451612903 0.0525
0 0.6145911477869468 0.4745 0.034133533383345835 0.061
0 0.589834958739685 0.3775 0.034133533383345835 0.057
0 0.6055888972243061 0.4095 0.032633158289572396 0.055
0 0.5431357839459865 0.2135 0.03900975243810953 0.068
0 0.5637659414853713 0.27425 0.0345086271567892 0.0625
0 0.578019504876219 0.23825 0.03600900225056264 0.0545
0 0.6063390847711928 0.23 0.038634658664666165 0.059
0 0.6089647411852963 0.2725 0.037134283570892726 0.05
0 0.5999624906226556 0.30475 0.03563390847711928 0.0575
0 0.6211552888222055 0.30125 0.02700675168792198 0.0525
0 0.596211552888222 0.34425 0.03338334583645911 0.0365
0 0.6286571642910728 0.32825 0.02700675168792198 0.0425
0 0.6194673668417104 0.36675 0.03188297074268567 0.0505
0 0.6519129782445612 0.392 0.030007501875468866 0.052
0 0.6445986496624156 0.4415 0.04013503375843961 0.05
0 0.6432858214553638 0.494 0.035258814703675916 0.05
0 0.6423480870217554 0.5305 0.032633158289572396 0.049
0 0.6757314328582146 0.56075 0.034133533383345835 0.0525
0 0.690735183795949 0.603 0.03113278319579895 0.043
0 0.6978619654913728 0.64325 0.029632408102025505 0.0445
0 0.7096774193548387 0.68225 0.025506376594148537 0.0485
0 0.728244561140285 0.6875 0.025131282820705175 0.048
0 0.7222430607651913 0.63625 0.03113278319579895 0.0435
0 0.7138034508627157 0.60175 0.024756189047261814 0.0435
0 0.709489872468117 0.5665 0.03113278319579895 0.049
0 0.7070517629407351 0.5215 0.030007501875468866 0.053
0 0.6882970742685671 0.493 0.03825956489122281 0.049
0 0.6828582145536384 0.43925 0.03338334583645911 0.0535
0 0.6657914478619655 0.3575 0.0345086271567892 0.043
0 0.6841710427606902 0.39275 0.03075768942235559 0.0495
0 0.6609152288072018 0.27325 0.033008252063015754 0.0455
0 0.6691672918229558 0.299 0.029257314328582147 0.05
0 0.6903600900225056 0.2735 0.028132033008252063 0.044
0 0.694298574643661 0.33225 0.03225806451612903 0.0515
0 0.732933233308327 0.3075 0.028507126781695424 0.048
0 0.7153038259564891 0.354 0.030007501875468866 0.053
0 0.7674418604651163 0.349 0.0277569392348087 0.043
0 0.7606901725431358 0.38025 0.03375843960990248 0.0525
0 0.7747561890472618 0.39075 0.029632408102025505 0.0435
0 0.7336834208552138 0.415 0.033008252063015754 0.049
0 0.7304951237809453 0.47875 0.03188297074268567 0.0425
0 0.7456864216054013 0.448 0.02625656414103526 0.046
0 0.7456864216054013 0.48025 0.024006001500375095 0.0365
0 0.79576144036009 0.433 0.028132033008252063 0.047
0 0.8323330832708177 0.454 0.028507126781695424 0.042
0 0.7955738934733684 0.483 0.02625656414103526 0.047
0 0.7665041260315079 0.51625 0.028132033008252063 0.0465
0 0.800450112528132 0.51825 0.0345086271567892 0.0375
0 0.7316204051012754 0.515 0.03113278319579895 0.045
0 0.7503750937734434 0.54925 0.03338334583645911 0.0415
0 0.7518754688672168 0.58675 0.030382595648912228 0.0445
0 0.7663165791447862 0.628 0.030007501875468866 0.04
0 0.7839459864966242 0.69175 0.030007501875468866 0.0435
0 0.8066391597899475 0.721 0.030382595648912228 0.042
0 0.8433983495873969 0.7185 0.028132033008252063 0.044
0 0.8242685671417854 0.68075 0.03113278319579895 0.0455
0 0.8411477869467366 0.6755 0.02213053263315829 0.042
0 0.8840960240060015 0.69525 0.02700675168792198 0.0445
0 0.8994748687171793 0.66575 0.02250562640660165 0.0445
0 0.859714928732183 0.64325 0.02250562640660165 0.0485
0 0.8752813203300825 0.64625 0.017629407351837958 0.0525
0 0.8278319579894974 0.639 0.02625656414103526 0.046
0 0.7860090022505627 0.597 0.030382595648912228 0.048
0 0.8027006751687922 0.59275 0.02175543885971493 0.0415
0 0.8120780195048762 0.5595 0.03075768942235559 0.046
0 0.8355213803450863 0.5445 0.028882220555138786 0.048
0 0.8625281320330083 0.50925 0.025131282820705175 0.0525
0 0.9017254313578394 0.5015 0.024756189047261814 0.048
0 0.8372093023255814 0.5975 0.02175543885971493 0.04
0 0.8552138034508627 0.59975 0.023255813953488372 0.0445
0 0.9079144786196549 0.625 0.02213053263315829 0.051
0 0.9214178544636159 0.55975 0.028132033008252063 0.0535
0 0.918417104276069 0.58475 0.028132033008252063 0.0345