0 0.4777403666292555 0.02625 0.0411522633744856 0.0515
0 0.45417134306023194 0.0825 0.04414515525626637 0.045
0 0.4657687991021324 0.15275 0.03591470258136925 0.0515
0 0.4218106995884774 0.16125 0.036288814066591846 0.0395
0 0.41414141414141414 0.1775 0.04040404040404041 0.035
0 0.4287317620650954 0.2115 0.04264870931537598 0.05
0 0.4506172839506173 0.24875 0.040778151889263 0.0555
0 0.37972315750093527 0.22225 0.04339693228582117 0.0525
0 0.34081556303778526 0.26775 0.04339693228582117 0.0505
0 0.3832772166105499 0.27475 0.03554059109614665 0.0535
0 0.41919191919191917 0.29575 0.03928170594837262 0.0515
0 0.45267489711934156 0.3245 0.04040404040404041 0.046
0 0.37972315750093527 0.323 0.0411522633744856 0.043
0 0.3043396932285821 0.321 0.03928170594837262 0.045
0 0.3441825664047886 0.33925 0.04414515525626637 0.0425
0 0.41414141414141414 0.35125 0.04414515525626637 0.0445
0 0.45211372989150767 0.3775 0.04227459783015339 0.067
0 0.37167976056864943 0.37175 0.04377104377104377 0.0495
0 0.29685746352413017 0.37275 0.046763935652824544 0.0525
0 0.33557800224466894 0.398 0.03666292555181444 0.058
0 0.46483352038907594 0.4425 0.03853348297792742 0.051
0 0.4006734006734007 0.42375 0.04264870931537598 0.0495
0 0.26973438084549195 0.422 0.03965581743359521 0.05
0 0.3045267489711934 0.4475 0.04489337822671156 0.051
0 0.3441825664047886 0.47325 0.04040404040404041 0.0545
0 0.3793490460157127 0.4855 0.035166479610924055 0.056
0 0.42499064721286944 0.5035 0.038159371492704826 0.047
0 0.46315001870557426 0.5015 0.041900486344930786 0.059
0 0.3945005611672278 0.543 0.03928170594837262 0.057
0 0.4393939393939394 0.56875 0.04377104377104377 0.0575
0 0.24971941638608305 0.48925 0.040778151889263 0.0545
0 0.21025065469509913 0.515 0.04339693228582117 0.063
0 0.2725402169846614 0.52775 0.04601571268237935 0.0575
0 0.31387953610175834 0.554 0.04564160119715675 0.056
0 0.3552188552188552 0.5635 0.04451926674148896 0.059
0 0.3885147774036663 0.60175 0.04227459783015339 0.0535
0 0.4274223718668163 0.63225 0.050505050505050504 0.0575
0 0.257201646090535 0.57675 0.04152637485970819 0.0365
0 0.25271230826786384 0.6065 0.03853348297792742 0.055
0 0.3112607557052002 0.6305 0.04339693228582117 0.062
0 0.26823793490460157 0.67425 0.04489337822671156 0.0635
0 0.2992891881780771 0.69275 0.0411522633744856 0.0635
0 0.3453049008604564 0.66075 0.04938271604938271 0.0695
0 0.4444444444444444 0.6855 0.04564160119715675 0.065
0 0.40329218106995884 0.708 0.04638982416760194 0.069
0 0.34736251402918067 0.72775 0.046763935652824544 0.0645
0 0.31425364758698093 0.77975 0.0508791619902731 0.0765
0 0.3604564160119716 0.78975 0.04751215862326973 0.0685
0 0.40216984661429106 0.78 0.04339693228582117 0.074
0 0.45379723157500934 0.752 0.038159371492704826 0.083
0 0.45772540216984664 0.85275 0.04826038159371493 0.0775
0 0.38103254769921435 0.854 0.05200149644594089 0.069
0 0.3434343434343434 0.88575 0.05013093901982791 0.0835
0 0.28638234193789747 0.8775 0.04900860456416012 0.062
0 0.3974934530490086 0.94625 0.04900860456416012 0.0785
0 0.4986906098017209 0.8635 0.04414515525626637 0.065
0 0.5789375233819678 0.9165 0.04451926674148896 0.078
0 0.6286943509165731 0.9015 0.049756827534605315 0.06
0 0.6655443322109988 0.86225 0.04788627010849233 0.0695
0 0.5877291432846988 0.8285 0.04564160119715675 0.068
0 0.4986906098017209 0.7995 0.048634493078937524 0.067
0 0.5437710437710438 0.799 0.04302282080059858 0.07
0 0.6530115974560419 0.788 0.050505050505050504 0.064
0 0.5910961466517022 0.76625 0.05013093901982791 0.0615
0 0.533295922184811 0.7365 0.04751215862326973 0.067
0 0.49326599326599324 0.69075 0.046763935652824544 0.0665
0 0.5720164609053497 0.70575 0.0508791619902731 0.0575
0 0.6281331836887393 0.71475 0.04638982416760194 0.0635
0 0.686307519640853 0.68775 0.046763935652824544 0.0605
0 0.6442199775533108 0.6485 0.04339693228582117 0.06
0 0.6011971567527123 0.65975 0.04264870931537598 0.0635
0 0.5462027684249906 0.65275 0.04788627010849233 0.0625
0 0.47568275346053124 0.63375 0.04227459783015339 0.0595
0 0.5115974560419004 0.6065 0.04302282080059858 0.058
0 0.4835390946502058 0.56 0.046763935652824544 0.064
0 0.5289936401047513 0.55675 0.041900486344930786 0.0665
0 0.565843621399177 0.59475 0.049756827534605315 0.0615
0 0.5080433969322858 0.50625 0.041900486344930786 0.0525
0 0.6127946127946128 0.597 0.04264870931537598 0.061
0 0.6915450804339693 0.63 0.04377104377104377 0.057
0 0.6496445940890385 0.5655 0.046763935652824544 0.066
0 0.6083052749719416 0.53425 0.04489337822671156 0.0655
0 0.6808829031051253 0.52225 0.04489337822671156 0.0565
0 0.6423494201271979 0.4955 0.04264870931537598 0.057
0 0.5024317246539469 0.45425 0.03666292555181444 0.0595
0 0.5419004863449308 0.46525 0.04227459783015339 0.0565
0 0.5843621399176955 0.4685 0.04414515525626637 0.054
0 0.6240179573512907 0.443 0.03666292555181444 0.057
0 0.6879910213243546 0.45 0.038159371492704826 0.057
0 0.6539468761690984 0.40525 0.03965581743359521 0.0525
0 0.48148148148148145 0.3 0.04339693228582117 0.04
0 0.5123456790123457 0.3285 0.04377104377104377 0.054
0 0.5538720538720538 0.374 0.04526748971193416 0.061
0 0.5914702581369248 0.37925 0.038159371492704826 0.0545
0 0.6939768050879161 0.3415 0.03890759446315002 0.045
0 0.6526374859708193 0.3105 0.04302282080059858 0.055
0 0.6064347175458287 0.32275 0.04564160119715675 0.0495
0 0.5422745978301534 0.3005 0.04227459783015339 0.053
0 0.4682005237560793 0.224 0.036288814066591846 0.055
0 0.5950243172465395 0.2755 0.04900860456416012 0.052
0 0.6475869809203143 0.26025 0.04264870931537598 0.0505
0 0.6911709689487467 0.25925 0.034044145155256264 0.0555
0 0.6883651328095772 0.169 0.03591470258136925 0.05
0 0.6488963711185933 0.165 0.03554059109614665 0.046
0 0.6380471380471381 0.209 0.03853348297792742 0.053
0 0.6092405536849981 0.189 0.037037037037037035 0.047
0 0.5811821922933034 0.2165 0.040778151889263 0.044
0 0.5443322109988776 0.207 0.03890759446315002 0.054
0 0.5020576131687243 0.1655 0.038159371492704826 0.049
0 0.4998129442573887 0.1035 0.04264870931537598 0.045
0 0.5422745978301534 0.12025 0.040029928918817806 0.0475
0 0.5772540216984662 0.15775 0.03591470258136925 0.0505
0 0.6257014590347924 0.12275 0.036288814066591846 0.0505
0 0.6361765806210251 0.09725 0.03853348297792742 0.0375
0 0.6722783389450057 0.1205 0.04339693228582117 0.042
0 0.5682753460531238 0.07375 0.04040404040404041 0.0425
0 0.5516273849607183 0.0305 0.040029928918817806 0.044
0 0.519453797231575 0.058 0.03554059109614665 0.044
0 0.7441077441077442 0.1625 0.0411522633744856 0.049
0 0.7254021698466143 0.22575 0.04564160119715675 0.0395
0 0.7005237560793116 0.38925 0.04826038159371493 0.0495
0 0.7298915076692855 0.4455 0.04564160119715675 0.054
0 0.7669285447063224 0.434 0.04339693228582117 0.051
0 0.720164609053498 0.5155 0.041900486344930786 0.058
0 0.7558922558922558 0.50575 0.040778151889263 0.0505
0 0.7863823419378975 0.5 0.029180695847362513 0.047
0 0.8161242050130939 0.512 0.034044145155256264 0.051
0 0.700149644594089 0.5875 0.046763935652824544 0.054
0 0.7611298166853723 0.55275 0.04751215862326973 0.0475
0 0.797979797979798 0.568 0.03741114852225964 0.053
0 0.7732884399551067 0.6045 0.020202020202020204 0.036
0 0.7991021324354658 0.63025 0.032173587729143284 0.0595
0 0.7609427609427609 0.61425 0.03965581743359521 0.0605
0 0.7259633370744482 0.65375 0.040778151889263 0.0665
0 0.7751589973812196 0.67075 0.03890759446315002 0.0545
0 0.7356902356902357 0.719 0.04227459783015339 0.068
0 0.6997755331088664 0.75525 0.04451926674148896 0.0625
0 0.7652450430228208 0.78725 0.04377104377104377 0.0695
0 0.7037037037037037 0.82425 0.04938271604938271 0.0725
0 0.5982042648709316 0.085 0.032173587729143284 0.055