0 0.14309827456864216 0.24825 0.05738934733683421 0.0735
0 0.2308702175543886 0.23175 0.055138784696174045 0.0725
0 0.3047636909227307 0.20025 0.04388597149287322 0.0775
0 0.2873218304576144 0.28425 0.04951237809452363 0.0675
0 0.3642160540135034 0.25575 0.05251312828207052 0.0715
0 0.41822955738934736 0.214 0.04801200300075019 0.076
0 0.445423855963991 0.27875 0.052138034508627154 0.0675
0 0.41147786946736686 0.32975 0.04951237809452363 0.0625
0 0.35783945986496624 0.32325 0.05401350337584396 0.0605
0 0.3782820705176294 0.38175 0.04688672168042011 0.0605
0 0.42085521380345087 0.3985 0.04426106526631658 0.073
0 0.2912603150787697 0.3585 0.05288822205551388 0.071
0 0.23537134283570893 0.33025 0.05138784696174044 0.0745
0 0.18360840210052512 0.35375 0.04088522130532633 0.0705
0 0.14966241560390098 0.3415 0.05026256564141035 0.064
0 0.15285071267816955 0.40575 0.046136534133533386 0.0625
0 0.19504876219054765 0.42625 0.04126031507876969 0.0685
0 0.23330832708177043 0.40825 0.03975993998499625 0.0745
0 0.2603150787696924 0.4695 0.051762940735183796 0.076
0 0.30195048762190546 0.43175 0.04351087771942986 0.0655
0 0.3325206301575394 0.4835 0.04988747186796699 0.063
0 0.3707801950487622 0.46025 0.03563390847711928 0.0665
0 0.3994748687171793 0.5195 0.03975993998499625 0.073
0 0.3495873968492123 0.5445 0.051762940735183796 0.061
0 0.3006376594148537 0.52075 0.04238559639909977 0.0675
0 0.3055138784696174 0.57825 0.050637659414853715 0.0595
0 0.3420855213803451 0.61775 0.046511627906976744 0.0545
0 0.2560015003750938 0.567 0.056639159789947484 0.054
0 0.21399099774943736 0.495 0.047636909227306824 0.069
0 0.09527381845461365 0.48125 0.04876219054763691 0.0635
0 0.14253563390847712 0.4875 0.05251312828207052 0.062
0 0.12378094523630907 0.55325 0.04801200300075019 0.0685
0 0.15285071267816955 0.60925 0.04388597149287322 0.0685
0 0.18623405851462865 0.5455 0.04913728432108027 0.06
0 0.21399099774943736 0.6195 0.047636909227306824 0.07
0 0.2685671417854464 0.62775 0.04051012753188297 0.0675
0 0.30307576894223553 0.64475 0.04126031507876969 0.0605
0 0.350337584396099 0.67575 0.042010502625656414 0.0675
0 0.3966616654163541 0.71625 0.0536384096024006 0.0665
0 0.3878469617404351 0.59 0.05101275318829707 0.062
0 0.4069767441860465 0.646 0.03900975243810953 0.067
0 0.44129782445611404 0.63475 0.05588897224306077 0.0625
0 0.4923105776444111 0.652 0.05738934733683421 0.072
0 0.4476744186046512 0.56375 0.046136534133533386 0.0635
0 0.4521755438859715 0.49 0.055138784696174045 0.065
0 0.49456114028507125 0.5465 0.047636909227306824 0.076
0 0.5296324081020255 0.59175 0.04876219054763691 0.0655
0 0.4714928732183046 0.36725 0.046511627906976744 0.0675
0 0.49699924981245314 0.31575 0.05926481620405101 0.0685
0 0.559264816204051 0.31875 0.047261815453863466 0.0715
0 0.5684546136534133 0.4005 0.04913728432108027 0.077
0 0.6115903975993998 0.4255 0.05888972243060765 0.064
0 0.6175918979744937 0.35575 0.04988747186796699 0.0715
0 0.5073143285821455 0.398 0.04838709677419355 0.067
0 0.5264441110277569 0.46175 0.04538634658664666 0.0675
0 0.567516879219805 0.475 0.04351087771942986 0.072
0 0.6174043510877719 0.4935 0.0555138784696174 0.071
0 0.6712303075768942 0.48025 0.055138784696174045 0.0645
0 0.6721680420105026 0.4135 0.05926481620405101 0.073
0 0.6667291822955739 0.3455 0.052138034508627154 0.066
0 0.7233683420855214 0.3795 0.061140285071267814 0.075
0 0.7700675168792198 0.40325 0.04276069017254314 0.0645
0 0.7496249062265566 0.465 0.055138784696174045 0.069
0 0.7593773443360841 0.52725 0.046136534133533386 0.0665
0 0.7064891222805701 0.534 0.055138784696174045 0.069
0 0.6701050262565641 0.25775 0.07314328582145536 0.0785
0 0.5560765191297824 0.532 0.055138784696174045 0.064
0 0.6082145536384096 0.56275 0.052138034508627154 0.0665
0 0.654913728432108 0.57225 0.047261815453863466 0.0695
0 0.6365341335333834 0.62525 0.047261815453863466 0.0615
0 0.582708177044261 0.61125 0.0536384096024006 0.0675
0 0.5498874718679669 0.65025 0.04876219054763691 0.0675
0 0.596211552888222 0.67375 0.0536384096024006 0.0675
0 0.46249062265566393 0.70675 0.05251312828207052 0.0745
0 0.5161290322580645 0.70975 0.04951237809452363 0.0655
0 0.5577644411102776 0.738 0.05026256564141035 0.07
0 0.6025881470367592 0.74 0.04463615903975994 0.069
0 0.6415978994748687 0.7275 0.052138034508627154 0.065
0 0.48349587396849214 0.7855 0.05101275318829707 0.059
0 0.5403225806451613 0.7865 0.04688672168042011 0.053
0 0.5853338334583645 0.8175 0.046136534133533386 0.064
0 0.640285071267817 0.79 0.04951237809452363 0.058
0 0.677231807951988 0.756 0.05813953488372093 0.063
0 0.6927981995498874 0.69675 0.056264066016504126 0.0705
0 0.7199924981245311 0.80725 0.05813953488372093 0.0655
0 0.7501875468867217 0.758 0.05251312828207052 0.064
0 0.7438109527381845 0.6915 0.05251312828207052 0.063
0 0.8000750187546887 0.68975 0.047261815453863466 0.0765
0 0.8572768192048013 0.69 0.05888972243060765 0.061
0 0.7049887471867967 0.60525 0.059639909977494375 0.0685
0 0.7541260315078769 0.59575 0.0536384096024006 0.0635
0 0.8070142535633908 0.59875 0.05588897224306077 0.0635
0 0.8559639909977494 0.579 0.05326331582895724 0.07
0 0.8625281320330083 0.4965 0.06489122280570142 0.066
0 0.8989122280570142 0.52525 0.0603900975243811 0.0665
0 0.9339834958739685 0.46325 0.06151537884471118 0.0725
0 0.9097899474868717 0.4105 0.0708927231807952 0.082
0 0.8193923480870218 0.44325 0.055138784696174045 0.0705
0 0.832145536384096 0.36525 0.06489122280570142 0.0765
0 0.781695423855964 0.3255 0.05701425356339085 0.069