0 0.16054013503375844 0.26725 0.072768192048012 0.0855
0 0.11290322580645161 0.473 0.07426856714178545 0.083
0 0.10746436609152288 0.56275 0.061140285071267814 0.0765
0 0.22468117029257315 0.17675 0.07051762940735183 0.0945
0 0.1828582145536384 0.34225 0.07614403600900226 0.0925
0 0.10352588147036759 0.66875 0.05701425356339085 0.0765
0 0.20517629407351837 0.41475 0.06301575393848462 0.0715
0 0.24812453113278318 0.264 0.06489122280570142 0.086
0 0.2972618154538635 0.1895 0.06339084771192798 0.087
0 0.37303075768942234 0.12175 0.06789197299324831 0.0915
0 0.35521380345086273 0.21675 0.06451612903225806 0.0915
0 0.41710427606901723 0.23225 0.06601650412603151 0.0935
0 0.43942235558889725 0.1605 0.059639909977494375 0.08
0 0.5030007501875469 0.15525 0.06001500375093773 0.0805
0 0.5512003000750187 0.093 0.0671417854463616 0.08
0 0.6515378844711178 0.113 0.06451612903225806 0.083
0 0.4806826706676669 0.2335 0.061140285071267814 0.077
0 0.4486121530382596 0.313 0.0555138784696174 0.074
0 0.2835708927231808 0.33875 0.05926481620405101 0.0755
0 0.31807951987997 0.27025 0.056264066016504126 0.0775
0 0.3705926481620405 0.31025 0.056264066016504126 0.0785
0 0.10858964741185297 0.7555 0.06339084771192798 0.07
0 0.14516129032258066 0.82775 0.0622655663915979 0.0805
0 0.16879219804951237 0.73925 0.07051762940735183 0.0685
0 0.1436609152288072 0.62375 0.06676669167291822 0.0745
0 0.1991747936984246 0.57325 0.06451612903225806 0.0825
0 0.20742685671417854 0.69125 0.06376594148537135 0.0725
0 0.2049887471867967 0.84925 0.06939234808702176 0.1035
0 0.26969242310577646 0.72 0.05401350337584396 0.063
0 0.2921980495123781 0.7875 0.04951237809452363 0.07
0 0.2625656414103526 0.86125 0.05101275318829707 0.0685
0 0.3132033008252063 0.86675 0.05776444111027757 0.0615
0 0.19767441860465115 0.46125 0.05476369092273068 0.0695
0 0.2501875468867217 0.47 0.056264066016504126 0.071
0 0.28769692423105775 0.41575 0.06376594148537135 0.0775
0 0.17198049512378094 0.58925 0.03488372093023256 0.0515
0 0.27138034508627157 0.55325 0.07014253563390847 0.0925
0 0.3402100525131283 0.39775 0.06451612903225806 0.0755
0 0.31657914478619653 0.48925 0.0622655663915979 0.0775
0 0.2668792198049512 0.6095 0.0641410352588147 0.06
0 0.31545386346586646 0.734 0.06376594148537135 0.067
0 0.34264816204051013 0.784 0.05588897224306077 0.061
0 0.36515378844711177 0.8815 0.05738934733683421 0.069
0 0.3304576144036009 0.588 0.051762940735183796 0.072
0 0.3192048012003001 0.6405 0.05776444111027757 0.065
0 0.3612153038259565 0.6765 0.06001500375093773 0.071
0 0.3765941485371343 0.73975 0.05701425356339085 0.0625
0 0.40397599399849965 0.39725 0.056264066016504126 0.0835
0 0.3833458364591148 0.45825 0.05776444111027757 0.0785
0 0.3640285071267817 0.523 0.05138784696174044 0.069
0 0.39647411852963244 0.5955 0.06001500375093773 0.082
0 0.42779444861215304 0.6515 0.05288822205551388 0.064
0 0.4292948237059265 0.76775 0.06339084771192798 0.0715
0 0.42104276069017255 0.8115 0.05813953488372093 0.057
0 0.4105401350337584 0.53825 0.0708927231807952 0.0715
0 0.43717179294823705 0.476 0.0603900975243811 0.083
0 0.46511627906976744 0.3835 0.051762940735183796 0.072
0 0.45648912228057015 0.5845 0.05776444111027757 0.069
0 0.4808702175543886 0.695 0.056264066016504126 0.069
0 0.47936984246061515 0.76025 0.04876219054763691 0.0655
0 0.5285071267816954 0.766 0.05026256564141035 0.057
0 0.5367591897974494 0.71625 0.06601650412603151 0.0555
0 0.4975618904726182 0.625 0.0536384096024006 0.073
0 0.4840585146286572 0.519 0.055138784696174045 0.072
0 0.5292573143285821 0.55725 0.05701425356339085 0.0835
0 0.5084396099024756 0.29825 0.0671417854463616 0.0805
0 0.5598274568642161 0.17925 0.061140285071267814 0.0845
0 0.5617029257314329 0.26075 0.061890472618154536 0.0825
0 0.5720180045011253 0.33475 0.0622655663915979 0.0785
0 0.5157539384846211 0.38125 0.06676669167291822 0.0895
0 0.5043135783945987 0.43825 0.05288822205551388 0.0685
0 0.5527006751687922 0.48625 0.05588897224306077 0.0715
0 0.5605776444111028 0.63125 0.059639909977494375 0.0775
0 0.5937734433608403 0.68575 0.051762940735183796 0.0715
0 0.5902100525131283 0.7615 0.05588897224306077 0.074
0 0.6031507876969242 0.505 0.05326331582895724 0.072
0 0.5643285821455364 0.41125 0.05288822205551388 0.0745
0 0.622093023255814 0.20075 0.06564141035258815 0.0885
0 0.7139909977494373 0.1485 0.061140285071267814 0.083
0 0.699549887471868 0.2215 0.0622655663915979 0.091
0 0.6151537884471118 0.28575 0.05476369092273068 0.0775
0 0.6552888222055514 0.346 0.06526631657914479 0.093
0 0.6286571642910728 0.425 0.05701425356339085 0.083
0 0.655476369092273 0.48175 0.05813953488372093 0.0745
0 0.6425356339084771 0.5685 0.06376594148537135 0.069
0 0.6464741185296324 0.651 0.0603900975243811 0.085
0 0.6354088522130532 0.71675 0.05926481620405101 0.0525
0 0.6927981995498874 0.704 0.05776444111027757 0.089
0 0.6982370592648162 0.54575 0.06339084771192798 0.0755
0 0.6892348087021756 0.6145 0.06339084771192798 0.068
0 0.7409977494373593 0.66125 0.05288822205551388 0.0865
0 0.7606901725431358 0.19075 0.06376594148537135 0.0925
0 0.6982370592648162 0.30575 0.06264066016504126 0.0815
0 0.704801200300075 0.384 0.06601650412603151 0.077
0 0.7179294823705926 0.45775 0.06301575393848462 0.0805
0 0.7381845461365342 0.511 0.05026256564141035 0.074
0 0.7398724681170292 0.58125 0.05738934733683421 0.0665
0 0.799324831207802 0.6385 0.0622655663915979 0.068
0 0.804576144036009 0.562 0.05776444111027757 0.077
0 0.845086271567892 0.602 0.05401350337584396 0.068
0 0.7605026256564141 0.3905 0.061140285071267814 0.076
0 0.7580645161290323 0.31675 0.058514628657164294 0.0775
0 0.8023255813953488 0.247 0.06376594148537135 0.077
0 0.8587771942985747 0.2855 0.05888972243060765 0.083
0 0.8118904726181545 0.34425 0.0603900975243811 0.0785
0 0.8028882220555139 0.47525 0.06339084771192798 0.0845
0 0.8439609902475619 0.41225 0.05476369092273068 0.0835
0 0.9193548387096774 0.3505 0.06001500375093773 0.071
0 0.8975993998499625 0.42825 0.05401350337584396 0.0735
0 0.8602775693923481 0.50075 0.05813953488372093 0.0785
0 0.9062265566391597 0.49425 0.05401350337584396 0.0785
0 0.8994748687171793 0.571 0.06151537884471118 0.081