0 0.24962490622655664 0.129 0.052138034508627154 0.076
0 0.23537134283570893 0.269 0.05138784696174044 0.072
0 0.2820705176294073 0.225 0.04876219054763691 0.073
0 0.31714178544636157 0.171 0.04913728432108027 0.069
0 0.33589647411852963 0.23475 0.046136534133533386 0.0715
0 0.36196549137284323 0.177 0.04951237809452363 0.07
0 0.3850337584396099 0.135 0.05138784696174044 0.072
0 0.39891222805701426 0.208 0.04988747186796699 0.071
0 0.43435858964741186 0.091 0.056264066016504126 0.068
0 0.4337959489872468 0.15825 0.05138784696174044 0.0735
0 0.4617404351087772 0.22675 0.04876219054763691 0.0765
0 0.47861965491372843 0.1215 0.0555138784696174 0.08
0 0.5063765941485371 0.18025 0.05251312828207052 0.0705
0 0.5121905476369092 0.2445 0.04838709677419355 0.07
0 0.4981245311327832 0.3135 0.051762940735183796 0.08
0 0.44317329332333083 0.319 0.05438859714928732 0.073
0 0.40247561890472616 0.287 0.05401350337584396 0.067
0 0.34602400600150035 0.2925 0.05738934733683421 0.07
0 0.30963990997749435 0.27875 0.043135783945986494 0.0705
0 0.23705926481620404 0.345 0.05026256564141035 0.069
0 0.28507126781695424 0.36775 0.04876219054763691 0.0735
0 0.3259564891222806 0.38375 0.04801200300075019 0.0655
0 0.38953488372093026 0.368 0.047636909227306824 0.067
0 0.3936609152288072 0.42225 0.050637659414853715 0.0605
0 0.4472993248312078 0.3955 0.04988747186796699 0.067
0 0.4939984996249062 0.384 0.051762940735183796 0.068
0 0.5523255813953488 0.33725 0.04838709677419355 0.0715
0 0.5063765941485371 0.45125 0.05251312828207052 0.0685
0 0.5461365341335334 0.47075 0.04876219054763691 0.0745
0 0.5708927231807952 0.42375 0.051762940735183796 0.0695
0 0.5572018004501126 0.53625 0.04913728432108027 0.0635
0 0.5238184546136534 0.58175 0.04388597149287322 0.0645
0 0.4778694673668417 0.58075 0.04576144036009002 0.0705
0 0.45986496624156037 0.5085 0.04801200300075019 0.058
0 0.44392348087021755 0.458 0.050637659414853715 0.069
0 0.41766691672918227 0.48925 0.04688672168042011 0.0625
0 0.42873218304576144 0.547 0.04801200300075019 0.06
0 0.3893473368342086 0.53225 0.03975993998499625 0.0635
0 0.3531507876969242 0.4855 0.04463615903975994 0.058
0 0.3463990997749437 0.5145 0.04388597149287322 0.055
0 0.29519879969992496 0.56325 0.04876219054763691 0.0565
0 0.32389347336834207 0.6195 0.04538634658664666 0.06
0 0.3659039759939985 0.59125 0.04838709677419355 0.0585
0 0.2914478619654914 0.46475 0.0450112528132033 0.0635
0 0.2740060015003751 0.5065 0.04388597149287322 0.061
0 0.25543885971492875 0.41625 0.04876219054763691 0.0625
0 0.2040510127531883 0.4035 0.04951237809452363 0.06
0 0.1984246061515379 0.452 0.04351087771942986 0.058
0 0.2220555138784696 0.4975 0.042010502625656414 0.062
0 0.14722430607651912 0.463 0.05138784696174044 0.056
0 0.18360840210052512 0.497 0.046136534133533386 0.059
0 0.20048762190547637 0.55175 0.04463615903975994 0.0585
0 0.24662415603900975 0.5605 0.043135783945986494 0.059
0 0.24962490622655664 0.6055 0.047636909227306824 0.064
0 0.18473368342085522 0.64 0.04838709677419355 0.053
0 0.20667666916729183 0.694 0.04576144036009002 0.054
0 0.23462115528882221 0.732 0.05138784696174044 0.052
0 0.27813203300825207 0.718 0.04688672168042011 0.056
0 0.26406601650412603 0.6655 0.05026256564141035 0.055
0 0.2560015003750938 0.77625 0.04463615903975994 0.0605
0 0.291072768192048 0.764 0.04876219054763691 0.048
0 0.2845086271567892 0.81375 0.03938484621155289 0.0525
0 0.3177044261065266 0.809 0.04876219054763691 0.047
0 0.34902475618904727 0.7765 0.04088522130532633 0.052
0 0.35277569392348085 0.83875 0.046136534133533386 0.0535
0 0.30513878469617406 0.86925 0.04988747186796699 0.0585
0 0.3447111777944486 0.895 0.04426106526631658 0.057
0 0.38540885221305327 0.869 0.04538634658664666 0.05
0 0.39309827456864216 0.82 0.0450112528132033 0.055
0 0.42873218304576144 0.84125 0.04276069017254314 0.0505
0 0.4679294823705927 0.86625 0.05138784696174044 0.0605
0 0.3925356339084771 0.77025 0.052138034508627154 0.0525
0 0.4322955738934734 0.7475 0.043135783945986494 0.068
0 0.45817704426106526 0.781 0.052138034508627154 0.055
0 0.4298574643660915 0.79475 0.04276069017254314 0.0485
0 0.4924981245311328 0.813 0.04126031507876969 0.059
0 0.5281320330082521 0.8215 0.047261815453863466 0.059
0 0.5566391597899475 0.7785 0.04876219054763691 0.048
0 0.582708177044261 0.80325 0.04838709677419355 0.0525
0 0.5103150787696924 0.7555 0.04988747186796699 0.048
0 0.4939984996249062 0.725 0.047261815453863466 0.053
0 0.45142535633908476 0.693 0.050637659414853715 0.053
0 0.33927231807951985 0.71925 0.04688672168042011 0.0555
0 0.31939234808702177 0.668 0.04913728432108027 0.05
0 0.36459114778694673 0.6695 0.04576144036009002 0.053
0 0.3945986496624156 0.70325 0.04876219054763691 0.0515
0 0.41147786946736686 0.65625 0.04576144036009002 0.0505
0 0.4356714178544636 0.60925 0.04463615903975994 0.0565
0 0.47580645161290325 0.6375 0.04238559639909977 0.054
0 0.5243810952738185 0.64225 0.0450112528132033 0.0575
0 0.5328207051762941 0.67725 0.04688672168042011 0.0495
0 0.56807951987997 0.6455 0.05138784696174044 0.063
0 0.5808327081770442 0.58725 0.052138034508627154 0.0595
0 0.5806451612903226 0.70925 0.05326331582895724 0.0595
0 0.6258439609902475 0.77975 0.046136534133533386 0.0585
0 0.6626031507876969 0.76375 0.04538634658664666 0.0565
0 0.7031132783195799 0.777 0.036384096024006 0.058
0 0.7192423105776444 0.738 0.05288822205551388 0.061
0 0.7454988747186797 0.75625 0.03788447111777944 0.0465
0 0.7432483120780196 0.67025 0.04463615903975994 0.0525
0 0.7057389347336834 0.65825 0.04538634658664666 0.0595
0 0.6192798199549887 0.706 0.047261815453863466 0.06
0 0.6470367591897974 0.68525 0.05026256564141035 0.0515
0 0.6560390097524381 0.63675 0.05401350337584396 0.0555
0 0.7633158289572393 0.63525 0.05026256564141035 0.0585
0 0.6286571642910728 0.572 0.04576144036009002 0.06
0 0.6746061515378845 0.561 0.055138784696174045 0.063
0 0.7181170292573144 0.588 0.04913728432108027 0.065
0 0.7620030007501876 0.56325 0.050637659414853715 0.0605
0 0.8006376594148538 0.54975 0.046136534133533386 0.0505
0 0.799324831207802 0.48525 0.05026256564141035 0.0585
0 0.7344336084021005 0.49575 0.04801200300075019 0.0685
0 0.690735183795949 0.49825 0.04988747186796699 0.0625
0 0.5958364591147787 0.48575 0.04688672168042011 0.0585
0 0.6339084771192798 0.5135 0.05101275318829707 0.068
0 0.6363465866466617 0.44325 0.047636909227306824 0.0655
0 0.6909227306826706 0.43225 0.0555138784696174 0.0605
0 0.7366841710427607 0.422 0.047261815453863466 0.071
0 0.7815078769692423 0.4355 0.04538634658664666 0.067
0 0.6104651162790697 0.37525 0.052138034508627154 0.0515
0 0.5960240060015004 0.31775 0.046511627906976744 0.0745
0 0.6393473368342085 0.32225 0.04688672168042011 0.0755
0 0.6781695423855963 0.3685 0.05251312828207052 0.072
0 0.719429857464366 0.32675 0.05701425356339085 0.0675
0 0.7578769692423106 0.325 0.04838709677419355 0.065
0 0.7785071267816954 0.3705 0.050637659414853715 0.066
0 0.813953488372093 0.391 0.04801200300075019 0.06
0 0.8422730682670667 0.33925 0.05138784696174044 0.0625
0 0.7614403600900225 0.2495 0.056264066016504126 0.071
0 0.8225806451612904 0.27125 0.06301575393848462 0.0725
0 0.8075768942235559 0.21075 0.058514628657164294 0.0645
0 0.6866091522880721 0.2825 0.0536384096024006 0.072
0 0.7158664666166542 0.22425 0.05438859714928732 0.0735
0 0.7288072018004501 0.13875 0.05326331582895724 0.0785
0 0.7545011252813203 0.18075 0.05288822205551388 0.0785
0 0.6641035258814704 0.153 0.05738934733683421 0.078
0 0.6100900225056264 0.13875 0.05138784696174044 0.0715
0 0.554576144036009 0.161 0.05288822205551388 0.075
0 0.6042760690172543 0.19825 0.06301575393848462 0.0685
0 0.627344336084021 0.2455 0.05738934733683421 0.067
0 0.5650787696924231 0.25025 0.05438859714928732 0.0685