0 0.1284696174043511 0.78375 0.05138784696174044 0.0705
0 0.16485371342835708 0.83325 0.046136534133533386 0.0645
0 0.1849212303075769 0.76725 0.05476369092273068 0.0705
0 0.22918229557389347 0.7945 0.06376594148537135 0.078
0 0.29951237809452363 0.72875 0.056639159789947484 0.0635
0 0.3561515378844711 0.7585 0.056639159789947484 0.05
0 0.3546511627906977 0.72325 0.04988747186796699 0.0715
0 0.4086646661665416 0.72275 0.04838709677419355 0.0745
0 0.45236309077269315 0.7015 0.04801200300075019 0.057
0 0.4891222805701425 0.7285 0.04576144036009002 0.061
0 0.12603150787696923 0.7105 0.05401350337584396 0.078
0 0.1494748687171793 0.694 0.05588897224306077 0.089
0 0.1828582145536384 0.63075 0.06264066016504126 0.0655
0 0.2117404351087772 0.7045 0.05588897224306077 0.063
0 0.26106526631657917 0.62625 0.05926481620405101 0.0675
0 0.3055138784696174 0.65825 0.0536384096024006 0.0725
0 0.3630907726931733 0.634 0.04951237809452363 0.066
0 0.31376594148537135 0.584 0.04913728432108027 0.066
0 0.24924981245311328 0.5705 0.06489122280570142 0.06
0 0.1821080270067517 0.53675 0.052138034508627154 0.0785
0 0.11515378844711177 0.5855 0.06376594148537135 0.076
0 0.12678169542385595 0.62525 0.051762940735183796 0.0485
0 0.1245311327831958 0.4955 0.0690172543135784 0.077
0 0.1667291822955739 0.43775 0.07014253563390847 0.0885
0 0.2355588897224306 0.41025 0.0690172543135784 0.0815
0 0.24849962490622657 0.4745 0.05588897224306077 0.071
0 0.2987621905476369 0.51975 0.059639909977494375 0.0715
0 0.32820705176294074 0.45175 0.051762940735183796 0.0755
0 0.304576144036009 0.3825 0.0622655663915979 0.078
0 0.2068642160540135 0.3185 0.0641410352588147 0.087
0 0.2601275318829707 0.2975 0.07614403600900226 0.097
0 0.30870217554388596 0.233 0.07876969242310577 0.086
0 0.33927231807951985 0.3225 0.05738934733683421 0.088
0 0.3825956489122281 0.37375 0.05401350337584396 0.0725
0 0.40660165041260315 0.31375 0.05101275318829707 0.0715
0 0.37621905476369094 0.45475 0.04876219054763691 0.0795
0 0.4257314328582146 0.407 0.05026256564141035 0.072
0 0.4274193548387097 0.47775 0.04988747186796699 0.0715
0 0.38278319579894976 0.51875 0.056639159789947484 0.0625
0 0.395536384096024 0.576 0.05588897224306077 0.058
0 0.413728432108027 0.64075 0.05476369092273068 0.0645
0 0.45423855963991 0.58825 0.05251312828207052 0.0555
0 0.5067516879219804 0.58625 0.05401350337584396 0.0655
0 0.47768192048012004 0.64575 0.04538634658664666 0.0615
0 0.5324456114028507 0.71525 0.0536384096024006 0.0735
0 0.5472618154538634 0.62875 0.05101275318829707 0.0625
0 0.5885221305326331 0.6785 0.04276069017254314 0.063
0 0.5855213803450863 0.59425 0.04801200300075019 0.0655
0 0.5917104276069017 0.52875 0.04538634658664666 0.0645
0 0.47561890472618157 0.5195 0.051762940735183796 0.061
0 0.5189422355588897 0.523 0.04838709677419355 0.066
0 0.5600150037509377 0.468 0.051762940735183796 0.072
0 0.4827456864216054 0.44825 0.05101275318829707 0.0585
0 0.5041260315078769 0.39525 0.05026256564141035 0.0625
0 0.5738934733683421 0.40825 0.05701425356339085 0.0805
0 0.6048387096774194 0.428 0.046136534133533386 0.064
0 0.459489872468117 0.34325 0.05476369092273068 0.0725
0 0.5208177044261065 0.32925 0.050637659414853715 0.0665
0 0.5881470367591898 0.3425 0.05326331582895724 0.071
0 0.4223555888972243 0.2125 0.06301575393848462 0.079
0 0.47074268567141786 0.265 0.0690172543135784 0.092
0 0.4949362340585146 0.17525 0.06639159789947487 0.0855
0 0.5380720180045011 0.23675 0.05738934733683421 0.0835
0 0.5605776444111028 0.185 0.04988747186796699 0.088
0 0.5615153788447111 0.28175 0.056264066016504126 0.0775
0 0.6264066016504126 0.2885 0.046511627906976744 0.079
0 0.6659789947486872 0.20425 0.06939234808702176 0.0945
0 0.7008627156789198 0.2765 0.050637659414853715 0.075
0 0.7244936234058514 0.30875 0.04688672168042011 0.0745
0 0.7379969992498124 0.23875 0.052138034508627154 0.0585
0 0.7631282820705176 0.18075 0.04238559639909977 0.0725
0 0.7970742685671418 0.231 0.051762940735183796 0.071
0 0.8629032258064516 0.2005 0.06489122280570142 0.068
0 0.7766316579144786 0.3055 0.04688672168042011 0.069
0 0.7346211552888222 0.3765 0.050637659414853715 0.064
0 0.6659789947486872 0.391 0.07164291072768192 0.083
0 0.732933233308327 0.43525 0.042010502625656414 0.0645
0 0.6811702925731433 0.4625 0.046511627906976744 0.061
0 0.636721680420105 0.4845 0.055138784696174045 0.067
0 0.6656039009752438 0.533 0.043135783945986494 0.063
0 0.7074268567141786 0.5145 0.04426106526631658 0.063
0 0.758252063015754 0.50575 0.04388597149287322 0.0585
0 0.7953863465866466 0.455 0.04538634658664666 0.057
0 0.6434733683420856 0.58825 0.05138784696174044 0.0575
0 0.6427231807951987 0.64425 0.038634658664666165 0.0565
0 0.636721680420105 0.689 0.04013503375843961 0.048
0 0.6791072768192048 0.74775 0.043135783945986494 0.0535
0 0.7154913728432108 0.72925 0.04088522130532633 0.0535
0 0.7545011252813203 0.7735 0.04988747186796699 0.054
0 0.8216429107276819 0.76875 0.04463615903975994 0.0645
0 0.8587771942985747 0.74675 0.043135783945986494 0.0545
0 0.8201425356339085 0.67725 0.043135783945986494 0.0625
0 0.7323705926481621 0.664 0.04688672168042011 0.065
0 0.753563390847712 0.6765 0.0450112528132033 0.058
0 0.7301200300075019 0.5865 0.04838709677419355 0.062
0 0.7475618904726181 0.61075 0.04126031507876969 0.0515
0 0.792198049512378 0.574 0.04126031507876969 0.067
0 0.8460240060015004 0.62175 0.050637659414853715 0.0685
0 0.9238559639909978 0.82475 0.0555138784696174 0.0635
0 0.9307951987997 0.7475 0.04463615903975994 0.076
0 0.8852213053263316 0.59375 0.03600900225056264 0.0655
0 0.9069767441860465 0.63 0.03675918979744936 0.063
0 0.8471492873218305 0.46325 0.04688672168042011 0.0665
0 0.891410352588147 0.44975 0.047636909227306824 0.0685
0 0.8220180045011253 0.3945 0.046136534133533386 0.075
0 0.8749062265566392 0.34725 0.05138784696174044 0.0735