0 0.11346586646661666 0.4105 0.03338334583645911 0.048
0 0.11552888222055514 0.448 0.03375843960990248 0.037
0 0.15191297824456115 0.42875 0.030007501875468866 0.0435
0 0.15022505626406601 0.46675 0.030382595648912228 0.0415
0 0.17948237059264815 0.47275 0.03113278319579895 0.0385
0 0.20236309077269318 0.4995 0.034133533383345835 0.046
0 0.20930232558139536 0.456 0.03225806451612903 0.043
0 0.18548387096774194 0.4125 0.029632408102025505 0.036
0 0.12771942985746437 0.371 0.02738184546136534 0.043
0 0.17029257314328583 0.369 0.0277569392348087 0.041
0 0.1972993248312078 0.37275 0.03225806451612903 0.0365
0 0.17085521380345087 0.31725 0.03188297074268567 0.0475
0 0.195423855963991 0.3375 0.03150787696924231 0.038
0 0.22824456114028507 0.3445 0.032633158289572396 0.041
0 0.20798949737434358 0.302 0.03188297074268567 0.039
0 0.2376219054763691 0.39 0.03488372093023256 0.044
0 0.21117779444861215 0.4085 0.028507126781695424 0.047
0 0.23405851462865718 0.43775 0.03225806451612903 0.0435
0 0.2348087021755439 0.48575 0.03375843960990248 0.0485
0 0.1522880720180045 0.509 0.033008252063015754 0.041
0 0.11365341335333834 0.52475 0.033008252063015754 0.0445
0 0.14328582145536384 0.5485 0.033008252063015754 0.048
0 0.17010502625656415 0.562 0.034133533383345835 0.039
0 0.1926106526631658 0.5915 0.03488372093023256 0.038
0 0.16354088522130533 0.58975 0.03375843960990248 0.0325
0 0.11646661665416354 0.59175 0.029632408102025505 0.0445
0 0.17704426106526633 0.639 0.03675918979744936 0.039
0 0.21136534133533383 0.657 0.03188297074268567 0.039
0 0.23893473368342086 0.6485 0.0345086271567892 0.038
0 0.26500375093773443 0.66625 0.034133533383345835 0.0435
0 0.2685671417854464 0.62425 0.03375843960990248 0.0435
0 0.2940735183795949 0.6455 0.0345086271567892 0.044
0 0.3115153788447112 0.6735 0.030382595648912228 0.036
0 0.309264816204051 0.61325 0.032633158289572396 0.0335
0 0.28394598649662417 0.5895 0.024006001500375095 0.038
0 0.23049512378094525 0.61125 0.02738184546136534 0.0365
0 0.22768192048012004 0.56325 0.03225806451612903 0.0265
0 0.24193548387096775 0.5875 0.0345086271567892 0.044
0 0.19504876219054765 0.539 0.03375843960990248 0.047
0 0.2297449362340585 0.52775 0.03188297074268567 0.0425
0 0.2575018754688672 0.5505 0.03188297074268567 0.036
0 0.2740060015003751 0.50125 0.03113278319579895 0.0445
0 0.29538634658664664 0.55475 0.02738184546136534 0.0395
0 0.3132033008252063 0.5655 0.029257314328582147 0.044
0 0.34621155288822203 0.593 0.033008252063015754 0.038
0 0.3690922730682671 0.575 0.0277569392348087 0.043
0 0.3467741935483871 0.5545 0.028882220555138786 0.035
0 0.32820705176294074 0.529 0.02250562640660165 0.029
0 0.29932483120780196 0.516 0.029257314328582147 0.045
0 0.2852588147036759 0.4625 0.03338334583645911 0.034
0 0.31714178544636157 0.46925 0.03563390847711928 0.0395
0 0.3250187546886722 0.5025 0.02663165791447862 0.034
0 0.34583645911477867 0.518 0.0277569392348087 0.039
0 0.37621905476369094 0.52 0.03150787696924231 0.043
0 0.35502625656414105 0.47975 0.03488372093023256 0.0415
0 0.38165791447861963 0.4835 0.028132033008252063 0.042
0 0.3360840210052513 0.644 0.03150787696924231 0.043
0 0.3574643660915229 0.6355 0.03075768942235559 0.044
0 0.34264816204051013 0.68625 0.032633158289572396 0.0465
0 0.3192048012003001 0.717 0.030007501875468866 0.039
0 0.29632408102025504 0.7365 0.02625656414103526 0.048
0 0.263503375843961 0.7435 0.03788447111777944 0.048
0 0.24943735933983496 0.7785 0.03075768942235559 0.042
0 0.24099774943735933 0.711 0.03188297074268567 0.035
0 0.19711177794448612 0.7175 0.03788447111777944 0.046
0 0.2897599399849963 0.784 0.03188297074268567 0.047
0 0.3032633158289572 0.813 0.036384096024006 0.049
0 0.32126781695423856 0.8425 0.037134283570892726 0.04
0 0.3257689422355589 0.76175 0.029632408102025505 0.0425
0 0.34171042760690173 0.74525 0.03150787696924231 0.0375
0 0.35202550637659413 0.796 0.03113278319579895 0.045
0 0.367966991747937 0.77525 0.03225806451612903 0.0425
0 0.3657164291072768 0.71775 0.033008252063015754 0.0425
0 0.3790322580645161 0.8135 0.034133533383345835 0.042
0 0.4060390097524381 0.82425 0.025131282820705175 0.0385
0 0.4062265566391598 0.84375 0.03150787696924231 0.0285
0 0.43623405851462865 0.86325 0.035258814703675916 0.0435
0 0.4608027006751688 0.825 0.023630907726931733 0.037
0 0.42104276069017255 0.789 0.023630907726931733 0.048
0 0.3953488372093023 0.773 0.0277569392348087 0.047
0 0.3968492123030758 0.735 0.03075768942235559 0.044
0 0.4367966991747937 0.74375 0.032633158289572396 0.0405
0 0.4467366841710428 0.79175 0.0277569392348087 0.0475
0 0.4731807951987997 0.768 0.03188297074268567 0.047
0 0.4814328582145536 0.816 0.03113278319579895 0.038
0 0.4247936984246061 0.706 0.028882220555138786 0.043
0 0.399662415603901 0.68875 0.03113278319579895 0.0415
0 0.3792198049512378 0.665 0.03150787696924231 0.037
0 0.40828957239309827 0.6585 0.028882220555138786 0.042
0 0.40097524381095273 0.61525 0.033008252063015754 0.0395
0 0.423105776444111 0.59125 0.03225806451612903 0.0435
0 0.440735183795949 0.62875 0.025506376594148537 0.0375
0 0.4467366841710428 0.67425 0.035258814703675916 0.0445
0 0.46905476369092275 0.7205 0.032633158289572396 0.05
0 0.4122280570142536 0.557 0.033008252063015754 0.039
0 0.40566391597899476 0.518 0.028132033008252063 0.038
0 0.4384846211552888 0.54025 0.030007501875468866 0.0395
0 0.4608027006751688 0.5095 0.03488372093023256 0.044
0 0.477119279819955 0.54525 0.033008252063015754 0.0465
0 0.41429107276819205 0.47625 0.03188297074268567 0.0445
0 0.26744186046511625 0.4245 0.030007501875468866 0.036
0 0.29163540885221306 0.426 0.02738184546136534 0.039
0 0.2605026256564141 0.36325 0.025881470367591898 0.0385
0 0.2882595648912228 0.38825 0.03188297074268567 0.0385
0 0.3167666916729182 0.396 0.03338334583645911 0.039
0 0.34039759939985 0.4245 0.03188297074268567 0.04
0 0.20048762190547637 0.26675 0.02663165791447862 0.0415
0 0.21961740435108776 0.2335 0.028882220555138786 0.047
0 0.2471867966991748 0.2645 0.030007501875468866 0.04
0 0.27813203300825207 0.2785 0.029632408102025505 0.036
0 0.2633158289572393 0.32275 0.023255813953488372 0.0425
0 0.2888222055513878 0.351 0.03375843960990248 0.037
0 0.31301575393848463 0.3195 0.028132033008252063 0.042
0 0.3319579894973743 0.3645 0.03600900225056264 0.045
0 0.3073893473368342 0.267 0.032633158289572396 0.043
0 0.3370217554388597 0.287 0.030382595648912228 0.041
0 0.3480870217554389 0.32675 0.03225806451612903 0.0415
0 0.3640285071267817 0.35825 0.032633158289572396 0.0425
0 0.37528132033008255 0.414 0.03488372093023256 0.049
0 0.37021755438859716 0.286 0.03150787696924231 0.037
0 0.39591147786946734 0.3085 0.032633158289572396 0.03
0 0.3927231807951988 0.3475 0.03150787696924231 0.041
0 0.42029257314328583 0.35425 0.02738184546136534 0.0365
0 0.43698424606151537 0.37225 0.028507126781695424 0.0385
0 0.3927231807951988 0.387 0.03225806451612903 0.035
0 0.4154163540885221 0.38825 0.02138034508627157 0.0385
0 0.4300450112528132 0.40825 0.03113278319579895 0.0375
0 0.40247561890472616 0.4235 0.03075768942235559 0.044
0 0.4561140285071268 0.4465 0.0345086271567892 0.044
0 0.4814328582145536 0.47025 0.03338334583645911 0.0425
0 0.5090022505626407 0.50075 0.0277569392348087 0.0435
0 0.49362340585146286 0.5205 0.024756189047261814 0.036
0 0.459489872468117 0.4035 0.03075768942235559 0.04
0 0.4913728432108027 0.41125 0.03375843960990248 0.0405
0 0.5136909227306826 0.443 0.03113278319579895 0.041
0 0.4827456864216054 0.368 0.028507126781695424 0.037
0 0.4476744186046512 0.33375 0.032633158289572396 0.0395
0 0.43117029257314327 0.30875 0.025131282820705175 0.0405
0 0.45836459114778694 0.29575 0.029257314328582147 0.0415
0 0.4846211552888222 0.332 0.025506376594148537 0.039
0 0.49118529632408103 0.29525 0.025881470367591898 0.0395
0 0.5138784696174044 0.30075 0.024756189047261814 0.0395
0 0.5133158289572393 0.34325 0.028132033008252063 0.0385
0 0.5163165791447862 0.3875 0.028132033008252063 0.04
0 0.5375093773443361 0.4105 0.03075768942235559 0.046
0 0.5476369092273068 0.3605 0.03375843960990248 0.046
0 0.5414478619654913 0.32525 0.02663165791447862 0.0415
0 0.5656414103525882 0.30225 0.03225806451612903 0.0405
0 0.5682670667666917 0.35225 0.025506376594148537 0.0385
0 0.5067516879219804 0.56 0.030007501875468866 0.035
0 0.52231807951988 0.6005 0.036384096024006 0.043
0 0.536384096024006 0.569 0.03075768942235559 0.041
0 0.5487621905476369 0.60475 0.02625656414103526 0.0405
0 0.45255063765941483 0.60225 0.03188297074268567 0.0335
0 0.46980495123780946 0.634 0.03563390847711928 0.038
0 0.5061890472618155 0.6365 0.03188297074268567 0.041
0 0.5390097524381096 0.64475 0.03150787696924231 0.0395
0 0.47561890472618157 0.6735 0.03150787696924231 0.044
0 0.49456114028507125 0.697 0.03113278319579895 0.037
0 0.5043135783945987 0.72825 0.03488372093023256 0.0445
0 0.4951237809452363 0.763 0.02175543885971493 0.043
0 0.5286946736684172 0.76175 0.028882220555138786 0.0365
0 0.5238184546136534 0.6925 0.028132033008252063 0.052
0 0.554013503375844 0.72375 0.030007501875468866 0.0395
0 0.5080645161290323 0.803 0.028132033008252063 0.041
0 0.550450112528132 0.786 0.04013503375843961 0.045
0 0.5842085521380345 0.78875 0.034133533383345835 0.0325
0 0.6252813203300825 0.7785 0.03150787696924231 0.036
0 0.5656414103525882 0.742 0.033008252063015754 0.041
0 0.5776444111027756 0.71225 0.0277569392348087 0.0425
0 0.6012753188297074 0.74225 0.03150787696924231 0.0395
0 0.6479744936234059 0.74625 0.032633158289572396 0.0375
0 0.6277194298574643 0.71625 0.028132033008252063 0.0385
0 0.572768192048012 0.671 0.029257314328582147 0.034
0 0.5971492873218305 0.679 0.03075768942235559 0.033
0 0.6466616654163541 0.6825 0.037509377344336084 0.04
0 0.6691672918229558 0.7155 0.03975993998499625 0.042
0 0.6766691672918229 0.67075 0.029257314328582147 0.0405
0 0.6072768192048013 0.64675 0.03150787696924231 0.0335
0 0.5795198799699925 0.6365 0.0345086271567892 0.036
0 0.5948987246811703 0.60825 0.03375843960990248 0.0395
0 0.5819579894973743 0.57275 0.04013503375843961 0.0435
0 0.549324831207802 0.53425 0.028882220555138786 0.0415
0 0.5825206301575394 0.536 0.03600900225056264 0.039
0 0.6187171792948237 0.581 0.028882220555138786 0.043
0 0.6395348837209303 0.58925 0.030007501875468866 0.0465
0 0.6489122280570142 0.62575 0.03225806451612903 0.0475
0 0.6706676669167292 0.61975 0.02700675168792198 0.0475
0 0.5423855963990998 0.49225 0.033008252063015754 0.0405
0 0.5528882220555139 0.455 0.03825956489122281 0.039
0 0.578019504876219 0.464 0.03075768942235559 0.041
0 0.5778319579894974 0.5015 0.034133533383345835 0.04
0 0.6100900225056264 0.5035 0.03338334583645911 0.042
0 0.6430982745686422 0.50725 0.037134283570892726 0.0445
0 0.618529632408102 0.53925 0.033008252063015754 0.0285
0 0.6475993998499625 0.55425 0.032633158289572396 0.0415
0 0.6573518379594899 0.52275 0.025881470367591898 0.0355
0 0.5932108027006752 0.30925 0.029632408102025505 0.0465
0 0.6042760690172543 0.344 0.02700675168792198 0.04
0 0.5941485371342836 0.3745 0.03075768942235559 0.029
0 0.5690172543135784 0.3875 0.03075768942235559 0.039
0 0.5652663165791448 0.42525 0.030007501875468866 0.0385
0 0.5965866466616654 0.4105 0.028882220555138786 0.038
0 0.5992123030757689 0.44625 0.03338334583645911 0.0445
0 0.6234058514628658 0.42525 0.02700675168792198 0.0385
0 0.6354088522130532 0.459 0.035258814703675916 0.042
0 0.6262190547636909 0.381 0.03563390847711928 0.039
0 0.6325956489122281 0.336 0.03113278319579895 0.039
0 0.6297824456114028 0.3045 0.030007501875468866 0.03
0 0.6611027756939235 0.33275 0.02738184546136534 0.0385
0 0.6753563390847712 0.30075 0.02663165791447862 0.0365
0 0.6879219804951238 0.34475 0.02625656414103526 0.0465
0 0.6530382595648913 0.36875 0.029257314328582147 0.0375
0 0.6836084021005251 0.382 0.029632408102025505 0.036
0 0.6504126031507877 0.40825 0.035258814703675916 0.0385
0 0.6809827456864216 0.41725 0.03113278319579895 0.0415
0 0.6534133533383346 0.44675 0.030007501875468866 0.0445
0 0.6704801200300075 0.48525 0.03338334583645911 0.0425
0 0.6804201050262566 0.45825 0.0277569392348087 0.0335
0 0.7029257314328582 0.4845 0.029257314328582147 0.038
0 0.7003000750187547 0.5265 0.03975993998499625 0.04
0 0.7057389347336834 0.5655 0.03188297074268567 0.041
0 0.672543135783946 0.58175 0.028507126781695424 0.0385
0 0.690735183795949 0.59725 0.03113278319579895 0.0455
0 0.7198049512378094 0.61775 0.03150787696924231 0.0355
0 0.7111777944486122 0.65125 0.03225806451612903 0.0405
0 0.713053263315829 0.713 0.03900975243810953 0.049
0 0.7363090772693174 0.68425 0.030007501875468866 0.0425
0 0.7556264066016504 0.69575 0.03188297074268567 0.0375
0 0.7785071267816954 0.674 0.028132033008252063 0.045
0 0.7423105776444111 0.641 0.03600900225056264 0.043
0 0.7820705176294074 0.63575 0.0277569392348087 0.0395
0 0.7471867966991748 0.60125 0.029257314328582147 0.0425
0 0.8154538634658665 0.64 0.03075768942235559 0.041
0 0.7989497374343586 0.607 0.023255813953488372 0.037
0 0.8293323330832708 0.60925 0.03600900225056264 0.0345
0 0.7912603150787697 0.57775 0.028882220555138786 0.0445
0 0.8255813953488372 0.573 0.04051012753188297 0.043
0 0.8542760690172543 0.58325 0.024381095273818456 0.0435
0 0.7601275318829708 0.552 0.03563390847711928 0.038
0 0.7291822955738935 0.545 0.029257314328582147 0.043
0 0.7355588897224306 0.50225 0.03075768942235559 0.0455
0 0.7730682670667667 0.51775 0.029257314328582147 0.0445
0 0.7803825956489122 0.49525 0.029632408102025505 0.0305
0 0.8083270817704427 0.5135 0.03225806451612903 0.039
0 0.7989497374343586 0.5475 0.03075768942235559 0.046
0 0.8334583645911477 0.544 0.028507126781695424 0.044
0 0.7888222055513878 0.461 0.030007501875468866 0.043
0 0.7545011252813203 0.4625 0.029632408102025505 0.038
0 0.722993248312078 0.44 0.03188297074268567 0.041
0 0.7289947486871718 0.462 0.028882220555138786 0.037
0 0.7383720930232558 0.4205 0.03338334583645911 0.03
0 0.7606901725431358 0.415 0.03075768942235559 0.033
0 0.7179294823705926 0.394 0.024756189047261814 0.048
0 0.7451237809452363 0.384 0.03563390847711928 0.034
0 0.7280570142535634 0.32775 0.030007501875468866 0.0455
0 0.7441860465116279 0.33325 0.021005251312828207 0.0345
0 0.7580645161290323 0.35 0.028507126781695424 0.035
0 0.8010127531882971 0.364 0.02738184546136534 0.037
0 0.7906976744186046 0.39125 0.029257314328582147 0.0405
0 0.8300825206301575 0.3795 0.024006001500375095 0.04
0 0.827456864216054 0.41975 0.0277569392348087 0.0385
0 0.8503375843960991 0.422 0.030007501875468866 0.039
0 0.8730307576894224 0.44475 0.030382595648912228 0.0395
0 0.8557764441110277 0.46575 0.03113278319579895 0.0455
0 0.8764066016504126 0.50075 0.03113278319579895 0.0415
0 0.873218304576144 0.5635 0.03075768942235559 0.041
0 0.09921230307576895 0.48925 0.024381095273818456 0.0505