0 0.1262190547636909 0.31925 0.0536384096024006 0.0775
0 0.16129032258064516 0.27225 0.05476369092273068 0.0705
0 0.2213053263315829 0.3025 0.04876219054763691 0.077
0 0.2717554388597149 0.27625 0.06264066016504126 0.0675
0 0.3141410352588147 0.314 0.059639909977494375 0.078
0 0.2989497374343586 0.21425 0.05401350337584396 0.0825
0 0.33833458364591146 0.178 0.06451612903225806 0.082
0 0.3642160540135034 0.27425 0.060765191297824456 0.0775
0 0.3707801950487622 0.3515 0.0603900975243811 0.066
0 0.4197299324831208 0.3185 0.0450112528132033 0.074
0 0.28507126781695424 0.3875 0.05326331582895724 0.071
0 0.18417104276069018 0.353 0.05101275318829707 0.062
0 0.19617404351087772 0.424 0.060765191297824456 0.075
0 0.06432858214553638 0.44225 0.050637659414853715 0.0765
0 0.1110277569392348 0.50225 0.047261815453863466 0.0665
0 0.14984996249062266 0.489 0.04688672168042011 0.073
0 0.11440360090022506 0.56475 0.05401350337584396 0.0615
0 0.15585146286571644 0.55525 0.05288822205551388 0.0705
0 0.19823705926481622 0.555 0.06264066016504126 0.079
0 0.25375093773443363 0.49 0.04913728432108027 0.069
0 0.2989497374343586 0.522 0.03900975243810953 0.073
0 0.3283945986496624 0.46825 0.04988747186796699 0.0715
0 0.36627906976744184 0.41925 0.05738934733683421 0.0695
0 0.37865716429107277 0.49975 0.061890472618154536 0.0745
0 0.26200300075018756 0.59025 0.04988747186796699 0.0655
0 0.1588522130532633 0.61725 0.04913728432108027 0.0645
0 0.07595648912228058 0.671 0.056639159789947484 0.07
0 0.1513503375843961 0.68675 0.0536384096024006 0.0655
0 0.20367591897974494 0.65375 0.058514628657164294 0.0705
0 0.23537134283570893 0.6995 0.056639159789947484 0.069
0 0.1839834958739685 0.77525 0.05588897224306077 0.0615
0 0.231807951987997 0.784 0.04876219054763691 0.065
0 0.3064516129032258 0.7245 0.05476369092273068 0.069
0 0.3334583645911478 0.74075 0.042010502625656414 0.0565
0 0.3666541635408852 0.697 0.05738934733683421 0.066
0 0.36515378844711177 0.78875 0.03938484621155289 0.0635
0 0.4105401350337584 0.63025 0.04838709677419355 0.0715
0 0.4172918229557389 0.6895 0.05288822205551388 0.063
0 0.3075768942235559 0.62175 0.046511627906976744 0.0655
0 0.3629032258064516 0.588 0.047636909227306824 0.061
0 0.41241560390097526 0.5645 0.05288822205551388 0.069
0 0.4461740435108777 0.49625 0.046136534133533386 0.0655
0 0.4274193548387097 0.42725 0.041635408852213056 0.0685
0 0.4604276069017254 0.375 0.05138784696174044 0.067
0 0.4759939984996249 0.44325 0.04801200300075019 0.0675
0 0.48499624906226557 0.565 0.0450112528132033 0.061
0 0.490622655663916 0.615 0.04126031507876969 0.065
0 0.5165041260315079 0.63875 0.042010502625656414 0.0655
0 0.5251312828207052 0.58 0.05026256564141035 0.064
0 0.5166916729182296 0.51325 0.046136534133533386 0.0695
0 0.4071642910727682 0.231 0.04913728432108027 0.076
0 0.4578019504876219 0.218 0.0603900975243811 0.075
0 0.4645536384096024 0.308 0.0536384096024006 0.067
0 0.5076894223555889 0.19425 0.050637659414853715 0.0715
0 0.5221305326331583 0.278 0.04801200300075019 0.081
0 0.5176294073518379 0.3545 0.05326331582895724 0.07
0 0.5527006751687922 0.22825 0.056639159789947484 0.0775
0 0.5594523630907727 0.317 0.05438859714928732 0.077
0 0.5570142535633908 0.39 0.04576144036009002 0.07
0 0.536384096024006 0.44825 0.05026256564141035 0.0605
0 0.5900225056264066 0.49675 0.04801200300075019 0.0665
0 0.5682670667666917 0.55175 0.04876219054763691 0.0555
0 0.572768192048012 0.60075 0.05101275318829707 0.0575
0 0.621530382595649 0.63225 0.05326331582895724 0.0655
0 0.6374718679669917 0.5685 0.04688672168042011 0.07
0 0.6783570892723181 0.57725 0.04988747186796699 0.0575
0 0.6372843210802701 0.49725 0.047261815453863466 0.0675
0 0.6809827456864216 0.513 0.04838709677419355 0.06
0 0.6059639909977494 0.4065 0.05138784696174044 0.067
0 0.6693548387096774 0.433 0.050637659414853715 0.062
0 0.6714178544636159 0.3665 0.051762940735183796 0.059
0 0.6157164291072769 0.33475 0.04838709677419355 0.0675
0 0.6084021005251313 0.27225 0.05026256564141035 0.0755
0 0.6509752438109527 0.28725 0.04688672168042011 0.0715
0 0.5988372093023255 0.19225 0.04988747186796699 0.0705
0 0.6573518379594899 0.20225 0.052138034508627154 0.0605
0 0.718304576144036 0.212 0.05101275318829707 0.059
0 0.7629407351837959 0.231 0.04276069017254314 0.068
0 0.7261815453863466 0.27475 0.05476369092273068 0.0675
0 0.7138034508627157 0.33825 0.05101275318829707 0.0695
0 0.7396849212303076 0.3955 0.05251312828207052 0.059
0 0.7846961740435109 0.29525 0.046511627906976744 0.0755
0 0.8283945986496624 0.26725 0.05438859714928732 0.0685
0 0.8705926481620405 0.32475 0.05251312828207052 0.0725
0 0.881470367591898 0.36925 0.04351087771942986 0.0565
0 0.800450112528132 0.365 0.05326331582895724 0.067
0 0.8704051012753188 0.421 0.05138784696174044 0.075
0 0.9094148537134283 0.43925 0.05138784696174044 0.0735
0 0.7846961740435109 0.45375 0.05026256564141035 0.0695
0 0.7171792948237059 0.464 0.05026256564141035 0.067
0 0.7486871717929482 0.5055 0.046511627906976744 0.059
0 0.8272693173293323 0.5005 0.050637659414853715 0.062
0 0.8606526631657915 0.4835 0.04238559639909977 0.064
0 0.7843210802700675 0.54625 0.04876219054763691 0.0625
0 0.8102025506376594 0.547 0.03975993998499625 0.06
0 0.7344336084021005 0.5625 0.047261815453863466 0.062
0 0.722993248312078 0.6355 0.04538634658664666 0.062
0 0.7213053263315828 0.68 0.046511627906976744 0.051
0 0.6671042760690172 0.655 0.04013503375843961 0.065
0 0.7018004501125281 0.73175 0.04951237809452363 0.0615
0 0.6243435858964741 0.6965 0.04463615903975994 0.064
0 0.7657539384846211 0.61875 0.04838709677419355 0.0565
0 0.7631282820705176 0.68 0.04013503375843961 0.058
0 0.8133908477119279 0.6665 0.037134283570892726 0.068
0 0.8085146286571643 0.6085 0.04388597149287322 0.054
0 0.8554013503375844 0.6165 0.04538634658664666 0.05
0 0.8786571642910728 0.581 0.043135783945986494 0.06
0 0.910165041260315 0.60625 0.05288822205551388 0.0575