0 0.13598952487841376 0.2305 0.03479236812570146 0.053
0 0.1326225215114104 0.27625 0.03554059109614665 0.0445
0 0.14702581369248036 0.32025 0.03292181069958848 0.0475
0 0.12570145903479238 0.35875 0.03741114852225964 0.0435
0 0.13000374111485222 0.40125 0.033295922184811075 0.0385
0 0.15787504676393566 0.41225 0.03591470258136925 0.0465
0 0.143658810325477 0.44125 0.035166479610924055 0.0355
0 0.1842499064721287 0.4465 0.02955480733258511 0.041
0 0.15750093527871306 0.4875 0.032173587729143284 0.041
0 0.1842499064721287 0.5105 0.028058361391694726 0.04
0 0.2059483726150393 0.48675 0.031051253273475497 0.0445
0 0.21604938271604937 0.527 0.033295922184811075 0.039
0 0.24579124579124578 0.55725 0.034418256640478866 0.0375
0 0.25982042648709314 0.522 0.03254769921436588 0.04
0 0.2439206883651328 0.48025 0.02843247287691732 0.0385
0 0.2130564908342686 0.4455 0.03254769921436588 0.043
0 0.25233819678264124 0.447 0.03179947624392069 0.041
0 0.27066965955854844 0.47625 0.03254769921436588 0.0385
0 0.30209502431724655 0.4905 0.031051253273475497 0.042
0 0.30284324728769174 0.53025 0.03479236812570146 0.0375
0 0.3346427235316124 0.56275 0.031051253273475497 0.0375
0 0.3346427235316124 0.50625 0.031051253273475497 0.0425
0 0.3219229330340441 0.4675 0.033295922184811075 0.038
0 0.28039655817433595 0.43625 0.033295922184811075 0.0455
0 0.255331088664422 0.40525 0.030303030303030304 0.0495
0 0.22783389450056116 0.40325 0.0306771417882529 0.0445
0 0.1943509165731388 0.39825 0.03179947624392069 0.0405
0 0.16629255518144406 0.36075 0.03179947624392069 0.0445
0 0.1943509165731388 0.33775 0.03479236812570146 0.0455
0 0.22615039281705948 0.363 0.02955480733258511 0.04
0 0.2545828656939768 0.35125 0.033295922184811075 0.0405
0 0.2886270108492331 0.39225 0.03778526000748223 0.0415
0 0.31874298540965207 0.423 0.034418256640478866 0.04
0 0.3477366255144033 0.42175 0.034044145155256264 0.0495
0 0.3176206509539843 0.382 0.03666292555181444 0.039
0 0.28619528619528617 0.353 0.03741114852225964 0.046
0 0.25308641975308643 0.305 0.033295922184811075 0.053
0 0.20912832023943134 0.30125 0.03591470258136925 0.0415
0 0.1724653946876169 0.295 0.034418256640478866 0.042
0 0.18088290310512534 0.26275 0.03554059109614665 0.0495
0 0.16554433221099887 0.20075 0.03479236812570146 0.0535
0 0.2052001496445941 0.22575 0.03479236812570146 0.0535
0 0.2240927796483352 0.267 0.03367003367003367 0.047
0 0.21922933034044145 0.17675 0.034418256640478866 0.0505
0 0.24205013093901984 0.224 0.034418256640478866 0.048
0 0.265993265993266 0.26575 0.035166479610924055 0.0445
0 0.29685746352413017 0.26475 0.02955480733258511 0.0505
0 0.29274223718668163 0.29875 0.03479236812570146 0.0365
0 0.3264122708567153 0.29525 0.03853348297792742 0.0435
0 0.3264122708567153 0.33025 0.034044145155256264 0.0345
0 0.3552188552188552 0.32125 0.034044145155256264 0.0495
0 0.375794986906098 0.301 0.030303030303030304 0.059
0 0.3542835765057987 0.26 0.03741114852225964 0.043
0 0.24822297044519268 0.167 0.037037037037037035 0.056
0 0.28993640104751217 0.17175 0.03741114852225964 0.0495
0 0.28170594837261503 0.2125 0.03367003367003367 0.043
0 0.3172465394687617 0.2305 0.034418256640478866 0.053
0 0.3282828282828283 0.179 0.036288814066591846 0.056
0 0.3557800224466891 0.2105 0.04264870931537598 0.055
0 0.3774784885895997 0.1625 0.03666292555181444 0.051
0 0.3984287317620651 0.2075 0.03741114852225964 0.055
0 0.4190048634493079 0.188 0.03666292555181444 0.053
0 0.4075944631500187 0.2695 0.03479236812570146 0.05
0 0.44145155256266366 0.272 0.03666292555181444 0.057
0 0.4167601945379723 0.32425 0.038159371492704826 0.0455
0 0.38477366255144035 0.356 0.033295922184811075 0.052
0 0.3488589599700711 0.37875 0.03554059109614665 0.0445
0 0.38121960344182565 0.39725 0.03591470258136925 0.0365
0 0.4171343060231949 0.421 0.03591470258136925 0.046
0 0.4225589225589226 0.37575 0.03853348297792742 0.0485
0 0.3950617283950617 0.45275 0.034418256640478866 0.0495
0 0.360082304526749 0.47825 0.036288814066591846 0.0365
0 0.39337822671156003 0.507 0.037037037037037035 0.041
0 0.37018331462775905 0.529 0.03179947624392069 0.037
0 0.3941264496820052 0.56125 0.033295922184811075 0.0415
0 0.41320613542835766 0.54425 0.03254769921436588 0.0385
0 0.4277964833520389 0.57125 0.030303030303030304 0.0335
0 0.45417134306023194 0.576 0.029928918817807706 0.035
0 0.4500561167227834 0.53275 0.0306771417882529 0.0375
0 0.48073325851103627 0.55225 0.031425364758698095 0.0415
0 0.4902731013842125 0.58925 0.030303030303030304 0.0415
0 0.5091657313879536 0.56775 0.029928918817807706 0.0365
0 0.5218855218855218 0.60075 0.031425364758698095 0.0395
0 0.4665170220725776 0.50775 0.029180695847362513 0.0435
0 0.43621399176954734 0.48325 0.03367003367003367 0.0405
0 0.4483726150392817 0.43875 0.03179947624392069 0.0445
0 0.47624392068836513 0.46425 0.03292181069958848 0.0445
0 0.4567901234567901 0.40175 0.03367003367003367 0.0395
0 0.4891507669285447 0.41825 0.031051253273475497 0.0405
0 0.5168350168350169 0.44425 0.031051253273475497 0.0435
0 0.5252525252525253 0.48725 0.034418256640478866 0.0395
0 0.5014964459408904 0.51225 0.031051253273475497 0.0425
0 0.5355405910961466 0.5275 0.031051253273475497 0.044
0 0.5632248410026188 0.512 0.033295922184811075 0.045
0 0.567153011597456 0.5435 0.029928918817807706 0.038
0 0.5420875420875421 0.5665 0.032173587729143284 0.035
0 0.5555555555555556 0.61475 0.031425364758698095 0.0345
0 0.5867938645716424 0.62375 0.030303030303030304 0.0435
0 0.586606808829031 0.581 0.031425364758698095 0.039
0 0.45454545454545453 0.22225 0.03367003367003367 0.0505
0 0.4723157500935279 0.18775 0.040029928918817806 0.0595
0 0.5121586232697344 0.1735 0.04414515525626637 0.053
0 0.5362888140665918 0.2265 0.03254769921436588 0.059
0 0.5046763935652825 0.25375 0.035166479610924055 0.0535
0 0.47456041900486345 0.29775 0.037037037037037035 0.0525
0 0.5216984661429106 0.30325 0.034044145155256264 0.0505
0 0.5553684998129442 0.27775 0.037037037037037035 0.0475
0 0.5738870183314628 0.2285 0.03965581743359521 0.051
0 0.5604190048634493 0.176 0.034418256640478866 0.058
0 0.6006359895248784 0.174 0.04451926674148896 0.052
0 0.6094276094276094 0.22525 0.03741114852225964 0.0525
0 0.5925925925925926 0.27875 0.03741114852225964 0.0495
0 0.5508791619902731 0.329 0.030303030303030304 0.048
0 0.5183314627759072 0.3545 0.03479236812570146 0.052
0 0.45304900860456415 0.3235 0.038159371492704826 0.047
0 0.4730639730639731 0.36175 0.040029928918817806 0.0455
0 0.5274971941638609 0.401 0.03965581743359521 0.042
0 0.5587355031799476 0.42125 0.03254769921436588 0.0445
0 0.5705200149644594 0.37325 0.03367003367003367 0.0495
0 0.5521885521885522 0.46275 0.03367003367003367 0.0355
0 0.5875420875420876 0.453 0.03254769921436588 0.051
0 0.6026936026936027 0.40875 0.032173587729143284 0.0485
0 0.6249532360643472 0.45625 0.03479236812570146 0.0385
0 0.5957725402169847 0.33075 0.03479236812570146 0.0515
0 0.6266367377478489 0.37025 0.03591470258136925 0.0505
0 0.6043771043771043 0.49475 0.036288814066591846 0.0425
0 0.599700710811822 0.53525 0.031425364758698095 0.0445
0 0.6234567901234568 0.616 0.03254769921436588 0.032
0 0.6219603441825664 0.57925 0.03179947624392069 0.0395
0 0.6333707444818556 0.5415 0.03292181069958848 0.036
0 0.658062102506547 0.625 0.031425364758698095 0.04
0 0.6962214739992518 0.598 0.03591470258136925 0.037
0 0.6578750467639356 0.57075 0.03479236812570146 0.0405
0 0.6936026936026936 0.55925 0.03292181069958848 0.0395
0 0.732136176580621 0.573 0.035166479610924055 0.048
0 0.668724279835391 0.52825 0.03853348297792742 0.0385
0 0.7050130939019827 0.5175 0.037037037037037035 0.046
0 0.7549569771791994 0.52875 0.03367003367003367 0.0455
0 0.6387953610175833 0.49675 0.031051253273475497 0.0425
0 0.6730265619154508 0.47075 0.03741114852225964 0.0405
0 0.6608679386457165 0.43675 0.03928170594837262 0.0425
0 0.712682379349046 0.47225 0.04040404040404041 0.0405
0 0.7525252525252525 0.47575 0.040778151889263 0.0475
0 0.7025813692480359 0.4255 0.035166479610924055 0.044
0 0.7371866816311261 0.42825 0.03554059109614665 0.0385
0 0.7845117845117845 0.43725 0.03741114852225964 0.0475
0 0.7392442947998503 0.38675 0.03666292555181444 0.0525
0 0.7723531612420501 0.3995 0.04152637485970819 0.044
0 0.7815188926300037 0.349 0.03367003367003367 0.052
0 0.6928544706322484 0.38475 0.03591470258136925 0.0505
0 0.6539468761690984 0.38675 0.035166479610924055 0.0425
0 0.6341189674523008 0.31175 0.03741114852225964 0.0505
0 0.6679760568649458 0.349 0.04152637485970819 0.043
0 0.7164234942012719 0.338 0.04040404040404041 0.047
0 0.6851851851851852 0.304 0.034044145155256264 0.05
0 0.7514029180695847 0.30425 0.03853348297792742 0.0535
0 0.6503928170594837 0.18575 0.03928170594837262 0.0595
0 0.6782641227085672 0.22825 0.03890759446315002 0.0545
0 0.7070707070707071 0.25575 0.041900486344930786 0.0495
0 0.6481481481481481 0.26425 0.03853348297792742 0.0515