0 0.23124531132783196 0.747 0.04238559639909977 0.065
0 0.23218304576144036 0.62275 0.04426106526631658 0.0605
0 0.26744186046511625 0.6295 0.04426106526631658 0.069
0 0.3126406601650413 0.67325 0.04238559639909977 0.0555
0 0.3471492873218305 0.62825 0.046136534133533386 0.0515
0 0.3623405851462866 0.67975 0.04426106526631658 0.0625
0 0.3533383345836459 0.7345 0.03900975243810953 0.054
0 0.3966616654163541 0.72425 0.04238559639909977 0.0555
0 0.4146661665416354 0.8025 0.037134283570892726 0.065
0 0.4444861215303826 0.84 0.03975993998499625 0.048
0 0.40416354088522133 0.905 0.04088522130532633 0.06
0 0.4467366841710428 0.75625 0.04426106526631658 0.0495
0 0.48799699924981244 0.7975 0.04276069017254314 0.053
0 0.48799699924981244 0.746 0.04426106526631658 0.053
0 0.527006751687922 0.779 0.04051012753188297 0.057
0 0.5705176294073518 0.794 0.04051012753188297 0.053
0 0.527006751687922 0.838 0.04051012753188297 0.057
0 0.5120030007501876 0.6895 0.047261815453863466 0.059
0 0.5478244561140285 0.71925 0.04088522130532633 0.0605
0 0.5902100525131283 0.73125 0.04088522130532633 0.0575
0 0.6297824456114028 0.7535 0.03975993998499625 0.057
0 0.4013503375843961 0.65975 0.04051012753188297 0.0495
0 0.272880720180045 0.5305 0.04238559639909977 0.064
0 0.24212303075768943 0.4655 0.046136534133533386 0.066
0 0.290510127531883 0.4365 0.04688672168042011 0.064
0 0.32220555138784696 0.4775 0.047261815453863466 0.054
0 0.3690922730682671 0.4875 0.04876219054763691 0.058
0 0.3810952738184546 0.54875 0.03975993998499625 0.0615
0 0.34921230307576895 0.57425 0.03975993998499625 0.0545
0 0.41035258814703673 0.59875 0.04426106526631658 0.0555
0 0.4392348087021755 0.63225 0.04276069017254314 0.0545
0 0.4855588897224306 0.64025 0.04088522130532633 0.0615
0 0.5219429857464366 0.616 0.03788447111777944 0.059
0 0.5637659414853713 0.6355 0.03975993998499625 0.059
0 0.6084021005251313 0.627 0.03900975243810953 0.062
0 0.6205926481620405 0.68 0.041635408852213056 0.057
0 0.6453488372093024 0.65075 0.04238559639909977 0.0555
0 0.6798574643660915 0.70375 0.04463615903975994 0.0505
0 0.7209302325581395 0.71625 0.03975993998499625 0.0565
0 0.7074268567141786 0.65425 0.03975993998499625 0.0555
0 0.767066766691673 0.679 0.047261815453863466 0.047
0 0.44129782445611404 0.56225 0.038634658664666165 0.0605
0 0.4838709677419355 0.5785 0.04426106526631658 0.052
0 0.4553638409602401 0.51325 0.04126031507876969 0.0515
0 0.49474868717179293 0.52375 0.03975993998499625 0.0545
0 0.5300075018754689 0.5595 0.04126031507876969 0.055
0 0.7685671417854464 0.72775 0.04351087771942986 0.0515
0 0.8000750187546887 0.712 0.03375843960990248 0.059
0 0.81807951987997 0.662 0.04051012753188297 0.058
0 0.854463615903976 0.727 0.046511627906976744 0.064
0 0.7786946736684172 0.61675 0.042010502625656414 0.0605
0 0.858589647411853 0.66125 0.042010502625656414 0.0545
0 0.7966991747936985 0.55425 0.03825956489122281 0.0595
0 0.8253938484621155 0.584 0.04463615903975994 0.051
0 0.6650412603150788 0.57275 0.03825956489122281 0.0575
0 0.6864216054013503 0.5995 0.04276069017254314 0.054
0 0.5742685671417854 0.5465 0.04276069017254314 0.049
0 0.6093398349587397 0.56175 0.04388597149287322 0.0575
0 0.5498874718679669 0.503 0.04276069017254314 0.058
0 0.5995873968492123 0.496 0.04538634658664666 0.062
0 0.6472243060765192 0.51525 0.04088522130532633 0.0555
0 0.6845461365341335 0.47875 0.04426106526631658 0.0625
0 0.7053638409602401 0.5175 0.04088522130532633 0.054
0 0.6399099774943736 0.4605 0.037509377344336084 0.06
0 0.5922730682670667 0.4295 0.0450112528132033 0.06
0 0.535821455363841 0.42825 0.04913728432108027 0.0595
0 0.5157539384846211 0.4715 0.04126031507876969 0.058
0 0.4713053263315829 0.463 0.04388597149287322 0.051
0 0.42873218304576144 0.4395 0.042010502625656414 0.054
0 0.3792198049512378 0.42625 0.04351087771942986 0.0555
0 0.3259564891222806 0.42025 0.04576144036009002 0.0655
0 0.2796324081020255 0.361 0.04013503375843961 0.065
0 0.3218304576144036 0.3525 0.05101275318829707 0.06
0 0.35408852213053266 0.298 0.042010502625656414 0.063
0 0.3784696174043511 0.36975 0.04351087771942986 0.0555
0 0.41597899474868716 0.384 0.04576144036009002 0.055
0 0.4643660915228807 0.408 0.046511627906976744 0.063
0 0.4317329332333083 0.3065 0.0450112528132033 0.068
0 0.46230307576894225 0.26675 0.041635408852213056 0.0725
0 0.513503375843961 0.21075 0.0555138784696174 0.0795
0 0.5603900975243811 0.251 0.047261815453863466 0.057
0 0.6018379594898725 0.27625 0.04988747186796699 0.0605
0 0.5313203300825207 0.30425 0.052138034508627154 0.0555
0 0.5693923480870218 0.3335 0.04426106526631658 0.057
0 0.5341335333833458 0.36475 0.04951237809452363 0.0625
0 0.49174793698424607 0.34475 0.04876219054763691 0.0575
0 0.613278319579895 0.3585 0.05101275318829707 0.068
0 0.6682295573893473 0.31775 0.04913728432108027 0.0705
0 0.5812078019504876 0.17275 0.050637659414853715 0.0715
0 0.6237809452363091 0.199 0.04276069017254314 0.063
0 0.6665416354088523 0.20325 0.05101275318829707 0.0655
0 0.7023630907726932 0.361 0.041635408852213056 0.063
0 0.6794823705926482 0.41675 0.04688672168042011 0.0585
0 0.7439984996249063 0.444 0.047636909227306824 0.064
0 0.755251312828207 0.38625 0.04988747186796699 0.0485
0 0.7533758439609902 0.3035 0.04838709677419355 0.067
0 0.7968867216804201 0.312 0.04013503375843961 0.062
0 0.8345836459114778 0.30175 0.03600900225056264 0.0605
0 0.8010127531882971 0.436 0.037134283570892726 0.069
0 0.8317704426106527 0.47325 0.03938484621155289 0.0615
0 0.8572768192048013 0.50075 0.03788447111777944 0.0585
0 0.8527756939234808 0.4155 0.04988747186796699 0.058
0 0.9075393848462115 0.42175 0.04463615903975994 0.0625
0 0.9163540885221305 0.4965 0.04051012753188297 0.062
0 0.9557389347336834 0.4955 0.03825956489122281 0.061
0 0.8865341335333834 0.5605 0.046136534133533386 0.062
0 0.9300450112528132 0.56775 0.04463615903975994 0.0595
0 0.9741185296324081 0.5635 0.03825956489122281 0.053
0 0.9816204051012754 0.61075 0.035258814703675916 0.0505
0 0.8972243060765192 0.67775 0.04276069017254314 0.0495