0 0.14422355588897223 0.31925 0.04463615903975994 0.0605
0 0.13859714928732184 0.38725 0.050637659414853715 0.0595
0 0.16316579144786197 0.44375 0.05251312828207052 0.0665
0 0.2003000750187547 0.5065 0.046511627906976744 0.053
0 0.2289947486871718 0.43275 0.05138784696174044 0.0575
0 0.2539384846211553 0.4845 0.04351087771942986 0.056
0 0.2394973743435859 0.55625 0.046136534133533386 0.0525
0 0.2726931732933233 0.60225 0.046511627906976744 0.0465
0 0.31470367591897974 0.60375 0.04126031507876969 0.0575
0 0.3143285821455364 0.66375 0.051762940735183796 0.0575
0 0.3477119279819955 0.69075 0.04276069017254314 0.0435
0 0.38390847711927983 0.712 0.038634658664666165 0.046
0 0.3893473368342086 0.6785 0.03825956489122281 0.052
0 0.3640285071267817 0.63225 0.04238559639909977 0.0515
0 0.41410352588147037 0.654 0.04126031507876969 0.05
0 0.42873218304576144 0.684 0.03075768942235559 0.038
0 0.42704426106526633 0.75825 0.041635408852213056 0.0535
0 0.450112528132033 0.76375 0.02175543885971493 0.0465
0 0.4673668417104276 0.709 0.03900975243810953 0.044
0 0.45311327831957987 0.677 0.03675918979744936 0.051
0 0.49212303075768943 0.7145 0.024006001500375095 0.044
0 0.4885596399099775 0.81025 0.04088522130532633 0.0525
0 0.5238184546136534 0.7805 0.034133533383345835 0.053
0 0.5256939234808702 0.728 0.04088522130532633 0.047
0 0.5609527381845462 0.777 0.03188297074268567 0.044
0 0.5566391597899475 0.81675 0.037509377344336084 0.0465
0 0.5613278319579895 0.73575 0.03938484621155289 0.0435
0 0.5101275318829708 0.678 0.024006001500375095 0.04
0 0.48799699924981244 0.6475 0.0277569392348087 0.04
0 0.5255063765941486 0.66975 0.037509377344336084 0.0425
0 0.5097524381095274 0.63775 0.04126031507876969 0.0535
0 0.47186796699174793 0.61375 0.04576144036009002 0.0505
0 0.4347336834208552 0.60175 0.04351087771942986 0.0585
0 0.3975993998499625 0.5865 0.04051012753188297 0.049
0 0.35690172543135784 0.57725 0.04688672168042011 0.0495
0 0.32220555138784696 0.55 0.04126031507876969 0.058
0 0.28394598649662417 0.532 0.04276069017254314 0.061
0 0.30026256564141035 0.49025 0.052138034508627154 0.0575
0 0.2785071267816954 0.44075 0.04988747186796699 0.0585
0 0.2213053263315829 0.38075 0.056264066016504126 0.0585
0 0.27906976744186046 0.37725 0.04876219054763691 0.0655
0 0.22093023255813954 0.3035 0.04876219054763691 0.059
0 0.18135783945986497 0.2405 0.05138784696174044 0.063
0 0.22786946736684172 0.199 0.04688672168042011 0.06
0 0.23930982745686422 0.25425 0.051762940735183796 0.0625
0 0.26125281320330085 0.315 0.04838709677419355 0.069
0 0.2987621905476369 0.32875 0.050637659414853715 0.0735
0 0.29669917479369845 0.1935 0.0450112528132033 0.064
0 0.28394598649662417 0.25125 0.05101275318829707 0.0675
0 0.32970742685671417 0.38175 0.04876219054763691 0.0575
0 0.32914478619654913 0.44475 0.04688672168042011 0.0615
0 0.3675918979744936 0.459 0.04951237809452363 0.062
0 0.35183795948987245 0.5055 0.03675918979744936 0.057
0 0.3934733683420855 0.54 0.04276069017254314 0.06
0 0.40772693173293323 0.49225 0.03900975243810953 0.0625
0 0.44223555888972244 0.527 0.037509377344336084 0.054
0 0.4559264816204051 0.488 0.047636909227306824 0.06
0 0.42610652663165793 0.43925 0.04801200300075019 0.0575
0 0.37378094523630906 0.38975 0.04688672168042011 0.0625
0 0.4223555888972243 0.3625 0.04801200300075019 0.064
0 0.4608027006751688 0.38375 0.043135783945986494 0.0615
0 0.48499624906226557 0.43975 0.04576144036009002 0.0535
0 0.5061890472618155 0.4835 0.041635408852213056 0.058
0 0.48424606151537886 0.53775 0.042010502625656414 0.0625
0 0.5183795948987246 0.56675 0.04876219054763691 0.0595
0 0.5555138784696174 0.60675 0.03900975243810953 0.0565
0 0.5496999249812453 0.6945 0.03113278319579895 0.054
0 0.5705176294073518 0.687 0.04351087771942986 0.056
0 0.5943360840210052 0.69975 0.03113278319579895 0.0465
0 0.6076519129782446 0.7355 0.04426106526631658 0.049
0 0.6093398349587397 0.7955 0.04088522130532633 0.041
0 0.5924606151537885 0.81825 0.03113278319579895 0.0415
0 0.6196549137284321 0.82375 0.02175543885971493 0.0475
0 0.6363465866466617 0.823 0.037134283570892726 0.049
0 0.6519129782445612 0.84975 0.03600900225056264 0.0395
0 0.6680420105026257 0.8055 0.04126031507876969 0.051
0 0.6969242310577645 0.836 0.035258814703675916 0.048
0 0.7216804201050263 0.8195 0.03375843960990248 0.051
0 0.7426856714178545 0.80325 0.03225806451612903 0.0435
0 0.785821455363841 0.8085 0.033008252063015754 0.043
0 0.767066766691673 0.76725 0.033008252063015754 0.0445
0 0.7355588897224306 0.779 0.04126031507876969 0.04
0 0.6971117779444861 0.76825 0.043135783945986494 0.0265
0 0.6507876969242311 0.74 0.03600900225056264 0.05
0 0.6948612153038259 0.743 0.036384096024006 0.046
0 0.7250562640660165 0.74175 0.033008252063015754 0.0515
0 0.7533758439609902 0.738 0.03188297074268567 0.049
0 0.7815078769692423 0.71975 0.03938484621155289 0.0525
0 0.8021380345086272 0.75475 0.03563390847711928 0.0475
0 0.6492873218304576 0.69725 0.03900975243810953 0.0515
0 0.6048387096774194 0.657 0.041635408852213056 0.044
0 0.6250937734433608 0.668 0.03188297074268567 0.044
0 0.5928357089272318 0.63 0.038634658664666165 0.053
0 0.5581395348837209 0.54425 0.042010502625656414 0.0525
0 0.5391972993248312 0.50075 0.04388597149287322 0.0485
0 0.595086271567892 0.57825 0.04463615903975994 0.0635
0 0.6219054763690923 0.595 0.03600900225056264 0.05
0 0.6415978994748687 0.627 0.04538634658664666 0.046
0 0.6661665416354089 0.6645 0.03900975243810953 0.045
0 0.6929857464366092 0.689 0.03488372093023256 0.045
0 0.7342460615153789 0.7005 0.04088522130532633 0.051
0 0.3792198049512378 0.1995 0.04951237809452363 0.06
0 0.35258814703675917 0.2645 0.04951237809452363 0.066
0 0.38822205551387845 0.306 0.051762940735183796 0.057
0 0.40078769692423105 0.2565 0.043135783945986494 0.068
0 0.427231807951988 0.209 0.04876219054763691 0.058
0 0.4508627156789197 0.1575 0.0450112528132033 0.064
0 0.4510502625656414 0.25075 0.0536384096024006 0.0685
0 0.541072768192048 0.1215 0.04388597149287322 0.067
0 0.5241935483870968 0.20575 0.046136534133533386 0.0585
0 0.49624906226556637 0.24625 0.04426106526631658 0.0605
0 0.49962490622655664 0.3065 0.0450112528132033 0.055
0 0.4549887471867967 0.3295 0.042010502625656414 0.056
0 0.5 0.359 0.04351087771942986 0.055
0 0.5361965491372843 0.3305 0.046136534133533386 0.061
0 0.536946736684171 0.393 0.04688672168042011 0.061
0 0.5382595648912228 0.449 0.042010502625656414 0.065
0 0.5840210052513128 0.51675 0.042010502625656414 0.0635
0 0.5733308327081771 0.436 0.04088522130532633 0.056
0 0.5748312078019505 0.3505 0.038634658664666165 0.064
0 0.5735183795948987 0.2965 0.0450112528132033 0.055
0 0.5712678169542386 0.2425 0.042010502625656414 0.067
0 0.5748312078019505 0.1805 0.046136534133533386 0.065
0 0.6108402100525131 0.1595 0.04388597149287322 0.06
0 0.6014628657164292 0.2185 0.038634658664666165 0.056
0 0.6100900225056264 0.2715 0.04688672168042011 0.058
0 0.6033383345836459 0.326 0.043135783945986494 0.049
0 0.6067141785446362 0.3855 0.047636909227306824 0.072
0 0.6127156789197299 0.447 0.03788447111777944 0.06
0 0.6228432108027007 0.50775 0.04013503375843961 0.0555
0 0.6376594148537135 0.56 0.03975993998499625 0.057
0 0.663728432108027 0.519 0.04013503375843961 0.052
0 0.6826706676669168 0.562 0.042010502625656414 0.051
0 0.6642910727681921 0.59225 0.037509377344336084 0.0515
0 0.6927981995498874 0.6075 0.03675918979744936 0.048
0 0.6986121530382595 0.64475 0.036384096024006 0.0485
0 0.8540885221305327 0.80675 0.03900975243810953 0.0505
0 0.8203300825206301 0.72475 0.03825956489122281 0.0495
0 0.8540885221305327 0.7145 0.03825956489122281 0.041
0 0.855026256564141 0.685 0.04013503375843961 0.052
0 0.8094523630907727 0.679 0.03600900225056264 0.048
0 0.7745686421605401 0.6775 0.04951237809452363 0.048
0 0.7406226556639159 0.65125 0.04013503375843961 0.0395
0 0.7297449362340586 0.6165 0.04388597149287322 0.056
0 0.7693173293323331 0.61875 0.04126031507876969 0.0475
0 0.8124531132783196 0.63325 0.04351087771942986 0.0485
0 0.8486496624156039 0.62275 0.046136534133533386 0.0465
0 0.7055513878469617 0.56475 0.03225806451612903 0.0555
0 0.7366841710427607 0.5675 0.03975993998499625 0.056
0 0.777006751687922 0.57875 0.04088522130532633 0.0525
0 0.817516879219805 0.5765 0.041635408852213056 0.048
0 0.8610277569392348 0.5765 0.043135783945986494 0.052
0 0.8437734433608403 0.5395 0.04238559639909977 0.056
0 0.7948237059264817 0.53425 0.0450112528132033 0.0505
0 0.7578769692423106 0.52725 0.043135783945986494 0.0515
0 0.7181170292573144 0.51775 0.037134283570892726 0.0495
0 0.695423855963991 0.49625 0.03900975243810953 0.0625
0 0.6399099774943736 0.4465 0.03375843960990248 0.053
0 0.6462865716429107 0.38975 0.03675918979744936 0.0575
0 0.6809827456864216 0.43025 0.04013503375843961 0.0575
0 0.7216804201050263 0.4545 0.04126031507876969 0.054
0 0.7430607651912978 0.483 0.046511627906976744 0.05
0 0.7965116279069767 0.484 0.03788447111777944 0.05
0 0.8343960990247562 0.47525 0.04388597149287322 0.0475
0 0.8130157539384846 0.44025 0.04238559639909977 0.0575
0 0.7751312828207052 0.44475 0.04688672168042011 0.0585
0 0.7522505626406601 0.4165 0.04463615903975994 0.049
0 0.6939234808702176 0.38275 0.04426106526631658 0.0545
0 0.6566016504126031 0.3295 0.04838709677419355 0.056
0 0.7218679669917479 0.33925 0.046136534133533386 0.0595
0 0.7620030007501876 0.3605 0.04538634658664666 0.057
0 0.7841335333833458 0.38525 0.043135783945986494 0.0525
0 0.7831957989497375 0.3265 0.03675918979744936 0.06
0 0.7533758439609902 0.29775 0.04688672168042011 0.0595
0 0.6965491372843211 0.294 0.04951237809452363 0.052
0 0.6492873218304576 0.27 0.04351087771942986 0.052
0 0.6506001500375094 0.22125 0.046136534133533386 0.0645
0 0.6933608402100525 0.23375 0.04538634658664666 0.0625
0 0.7415603900975244 0.25475 0.051762940735183796 0.0635
0 0.5365716429107277 0.269 0.04388597149287322 0.068