0 0.1849212303075769 0.2625 0.05326331582895724 0.069
0 0.1301575393848462 0.3465 0.04576144036009002 0.06
0 0.09039759939984997 0.39075 0.047261815453863466 0.0565
0 0.08120780195048762 0.4485 0.04238559639909977 0.058
0 0.1275318829707427 0.48175 0.04876219054763691 0.0545
0 0.11290322580645161 0.5375 0.04951237809452363 0.067
0 0.1609152288072018 0.5345 0.04276069017254314 0.058
0 0.18060765191297826 0.48775 0.04463615903975994 0.0545
0 0.20892723180795197 0.4485 0.04276069017254314 0.058
0 0.2469992498124531 0.46175 0.04988747186796699 0.0655
0 0.21849212303075768 0.5025 0.04388597149287322 0.057
0 0.20348837209302326 0.55575 0.04988747186796699 0.0625
0 0.24474868717179296 0.55075 0.04538634658664666 0.0635
0 0.26969242310577646 0.517 0.04801200300075019 0.062
0 0.3113278319579895 0.53975 0.0450112528132033 0.0575
0 0.29369842460615153 0.584 0.042010502625656414 0.06
0 0.2535633908477119 0.6255 0.05026256564141035 0.066
0 0.21792948237059265 0.614 0.046511627906976744 0.067
0 0.23912228057014254 0.666 0.04538634658664666 0.055
0 0.2117404351087772 0.717 0.04088522130532633 0.055
0 0.25431357839459867 0.728 0.03675918979744936 0.047
0 0.27344336084021004 0.709 0.046511627906976744 0.051
0 0.28694673668417103 0.743 0.030007501875468866 0.037
0 0.31207801950487624 0.738 0.047261815453863466 0.06
0 0.34621155288822203 0.7895 0.04951237809452363 0.062
0 0.3488372093023256 0.71925 0.04801200300075019 0.0565
0 0.39122280570142537 0.73 0.047261815453863466 0.067
0 0.39797449362340587 0.76925 0.0450112528132033 0.0535
0 0.4375468867216804 0.77325 0.04538634658664666 0.0585
0 0.4855588897224306 0.81925 0.04463615903975994 0.0655
0 0.5352588147036759 0.8185 0.04951237809452363 0.054
0 0.40847711927981994 0.674 0.04351087771942986 0.06
0 0.4405476369092273 0.70575 0.04538634658664666 0.0545
0 0.48443360840210054 0.7 0.046136534133533386 0.052
0 0.5183795948987246 0.74775 0.05251312828207052 0.0625
0 0.5532633158289573 0.76125 0.03825956489122281 0.0625
0 0.44898724681170293 0.64825 0.04801200300075019 0.0605
0 0.32633158289572395 0.63425 0.0555138784696174 0.0545
0 0.3411477869467367 0.58625 0.04538634658664666 0.0595
0 0.37396849212303074 0.63125 0.04351087771942986 0.0605
0 0.39422355588897223 0.59725 0.046511627906976744 0.0625
0 0.36271567891972994 0.54175 0.04351087771942986 0.0615
0 0.39741185296324083 0.53125 0.047636909227306824 0.0645
0 0.37209302325581395 0.48925 0.04951237809452363 0.0595
0 0.3259564891222806 0.478 0.04276069017254314 0.064
0 0.12959489872468116 0.42475 0.04463615903975994 0.0615
0 0.15960240060015005 0.39775 0.04688672168042011 0.0655
0 0.200112528132033 0.38275 0.05438859714928732 0.0555
0 0.20705176294073518 0.331 0.046511627906976744 0.045
0 0.22749437359339836 0.304 0.05288822205551388 0.063
0 0.2608777194298575 0.33875 0.046136534133533386 0.0645
0 0.2483120780195049 0.3785 0.05251312828207052 0.059
0 0.3102025506376594 0.3285 0.05101275318829707 0.065
0 0.2413728432108027 0.24025 0.05438859714928732 0.0645
0 0.31114028507126784 0.2265 0.05138784696174044 0.066
0 0.37528132033008255 0.252 0.04838709677419355 0.071
0 0.36384096024006 0.29875 0.04276069017254314 0.0635
0 0.3411477869467367 0.374 0.04388597149287322 0.062
0 0.2981995498874719 0.42 0.04426106526631658 0.062
0 0.35015003750937734 0.433 0.04388597149287322 0.064
0 0.38390847711927983 0.401 0.05288822205551388 0.065
0 0.4122280570142536 0.44775 0.047261815453863466 0.0665
0 0.4154163540885221 0.3545 0.04688672168042011 0.067
0 0.422543135783946 0.29 0.0536384096024006 0.059
0 0.4180420105026257 0.2245 0.0536384096024006 0.069
0 0.47561890472618157 0.2035 0.05251312828207052 0.073
0 0.49024756189047264 0.266 0.04876219054763691 0.069
0 0.46586646661665415 0.32875 0.04576144036009002 0.0765
0 0.47561890472618157 0.38875 0.047261815453863466 0.0675
0 0.5232558139534884 0.3645 0.05476369092273068 0.065
0 0.5211927981995499 0.3095 0.04688672168042011 0.064
0 0.5243810952738185 0.225 0.05026256564141035 0.068
0 0.5613278319579895 0.241 0.061890472618154536 0.075
0 0.5699549887471868 0.3175 0.04838709677419355 0.07
0 0.4386721680420105 0.50025 0.05438859714928732 0.0655
0 0.477119279819955 0.45825 0.04951237809452363 0.0625
0 0.518192048012003 0.43325 0.043135783945986494 0.0645
0 0.5615153788447111 0.43 0.051762940735183796 0.073
0 0.5408852213053263 0.498 0.051762940735183796 0.073
0 0.5 0.50725 0.04276069017254314 0.0615
0 0.45742685671417854 0.55725 0.05888972243060765 0.0725
0 0.4474868717179295 0.59325 0.047261815453863466 0.0495
0 0.48893473368342083 0.62325 0.046136534133533386 0.0665
0 0.5204426106526632 0.66275 0.038634658664666165 0.0605
0 0.5602025506376594 0.6435 0.04913728432108027 0.059
0 0.5436984246061516 0.58325 0.04463615903975994 0.0645
0 0.5030007501875469 0.56575 0.04576144036009002 0.0535
0 0.589834958739685 0.74675 0.043135783945986494 0.0585
0 0.6114028507126782 0.787 0.05251312828207052 0.059
0 0.6612903225806451 0.762 0.05101275318829707 0.061
0 0.6224681170292573 0.71625 0.04838709677419355 0.0655
0 0.5757689422355589 0.69325 0.047261815453863466 0.0585
0 0.6039009752438109 0.6495 0.04951237809452363 0.056
0 0.6462865716429107 0.66525 0.046511627906976744 0.0675
0 0.6924231057764441 0.69575 0.051762940735183796 0.0655
0 0.6832333083270817 0.63225 0.04913728432108027 0.0655
0 0.722993248312078 0.6635 0.047636909227306824 0.059
0 0.7385596399099775 0.71125 0.04576144036009002 0.0535
0 0.7715678919729932 0.66575 0.04801200300075019 0.0665
0 0.7985746436609152 0.70225 0.05101275318829707 0.0595
0 0.7147411852963241 0.58075 0.04988747186796699 0.0665
0 0.589834958739685 0.59525 0.04838709677419355 0.0605
0 0.5793323330832708 0.53725 0.041635408852213056 0.0595
0 0.5879594898724682 0.477 0.0536384096024006 0.064
0 0.6400975243810952 0.492 0.04988747186796699 0.067
0 0.6243435858964741 0.55025 0.0536384096024006 0.0695
0 0.6485371342835708 0.59 0.047261815453863466 0.056
0 0.6635408852213053 0.5345 0.04801200300075019 0.061
0 0.6922355588897224 0.48575 0.05438859714928732 0.0705
0 0.7220555138784697 0.53 0.05101275318829707 0.069
0 0.5960240060015004 0.38475 0.05251312828207052 0.0695
0 0.6412228057014253 0.36725 0.05288822205551388 0.0685
0 0.6661665416354089 0.41475 0.051762940735183796 0.0645
0 0.7061140285071268 0.416 0.046136534133533386 0.069
0 0.6935483870967742 0.3615 0.0555138784696174 0.069
0 0.6130907726931732 0.31425 0.047636909227306824 0.0665
0 0.6325956489122281 0.24025 0.04688672168042011 0.0695
0 0.6897974493623406 0.29625 0.05026256564141035 0.0665
0 0.7378094523630908 0.34175 0.04351087771942986 0.0655
0 0.7520630157539385 0.285 0.056264066016504126 0.063
0 0.755251312828207 0.40725 0.04838709677419355 0.0725
0 0.7899474868717179 0.39075 0.04951237809452363 0.0665
0 0.7925731432858214 0.449 0.04276069017254314 0.066
0 0.7507501875468867 0.46725 0.0536384096024006 0.0645
0 0.7636909227306826 0.5215 0.051762940735183796 0.075
0 0.7989497374343586 0.574 0.05401350337584396 0.068
0 0.8158289572393098 0.63775 0.04576144036009002 0.0705
0 0.846211552888222 0.7285 0.03900975243810953 0.041
0 0.8490247561890473 0.687 0.046136534133533386 0.061
0 0.877344336084021 0.64975 0.05026256564141035 0.0675
0 0.8837209302325582 0.68825 0.03150787696924231 0.0385
0 0.9386721680420105 0.63675 0.046136534133533386 0.0645
0 0.8962865716429107 0.5975 0.04838709677419355 0.063
0 0.9127906976744186 0.53125 0.04988747186796699 0.0665
0 0.9217929482370593 0.56775 0.04463615903975994 0.0495
0 0.8439609902475619 0.55125 0.05251312828207052 0.0585
0 0.8244561140285072 0.50125 0.04801200300075019 0.0645
0 0.8336459114778695 0.4435 0.047636909227306824 0.063
0 0.863278319579895 0.49625 0.04388597149287322 0.0715
0 0.8735933983495874 0.4335 0.046511627906976744 0.064
0 0.8974118529632408 0.46 0.046136534133533386 0.066
0 0.8302700675168793 0.36725 0.047636909227306824 0.0675
0 0.28863465866466614 0.667 0.04538634658664666 0.055