0 0.055138784696174045 0.3755 0.05476369092273068 0.07
0 0.08664666166541636 0.334 0.06001500375093773 0.068
0 0.11702925731432859 0.39975 0.05101275318829707 0.0705
0 0.10465116279069768 0.428 0.05476369092273068 0.064
0 0.16129032258064516 0.4435 0.05476369092273068 0.066
0 0.2115528882220555 0.47275 0.05701425356339085 0.0665
0 0.22074268567141786 0.3965 0.05588897224306077 0.072
0 0.2730682670667667 0.4455 0.0555138784696174 0.07
0 0.159039759939985 0.356 0.0555138784696174 0.079
0 0.19579894973743436 0.32125 0.060765191297824456 0.0695
0 0.14966241560390098 0.25125 0.0622655663915979 0.0785
0 0.18154538634658665 0.17075 0.06151537884471118 0.0945
0 0.2661290322580645 0.198 0.055138784696174045 0.085
0 0.32295573893473367 0.247 0.060765191297824456 0.072
0 0.3512753188297074 0.1705 0.0603900975243811 0.088
0 0.4054763690922731 0.2325 0.06301575393848462 0.082
0 0.41147786946736686 0.15825 0.06001500375093773 0.0875
0 0.46924231057764443 0.2045 0.05776444111027757 0.085
0 0.45461365341335336 0.2815 0.05401350337584396 0.073
0 0.4981245311327832 0.326 0.05251312828207052 0.069
0 0.37865716429107277 0.29775 0.05588897224306077 0.0715
0 0.42516879219804954 0.35475 0.05738934733683421 0.0805
0 0.3342085521380345 0.34775 0.05401350337584396 0.0785
0 0.2702550637659415 0.35525 0.061140285071267814 0.0645
0 0.3177044261065266 0.39625 0.04801200300075019 0.0685
0 0.37696924231057766 0.392 0.05401350337584396 0.066
0 0.42760690172543137 0.4215 0.05326331582895724 0.059
0 0.4821830457614404 0.40975 0.05438859714928732 0.0645
0 0.46830457614403603 0.457 0.04913728432108027 0.061
0 0.41935483870967744 0.484 0.05251312828207052 0.065
0 0.36721680420105024 0.4515 0.05326331582895724 0.065
0 0.3192048012003001 0.471 0.05701425356339085 0.062
0 0.2700675168792198 0.52625 0.056264066016504126 0.0605
0 0.22149287321830458 0.53425 0.04988747186796699 0.0635
0 0.1905476369092273 0.538 0.04426106526631658 0.064
0 0.13784696174043512 0.51275 0.05288822205551388 0.0575
0 0.1359714928732183 0.54125 0.056639159789947484 0.0415
0 0.1781695423855964 0.58925 0.047261815453863466 0.0585
0 0.2243060765191298 0.6 0.04276069017254314 0.062
0 0.25825206301575393 0.5675 0.05138784696174044 0.057
0 0.28244561140285074 0.607 0.04801200300075019 0.053
0 0.2711927981995499 0.64275 0.04801200300075019 0.0495
0 0.32145536384096024 0.59575 0.05026256564141035 0.0475
0 0.3220180045011253 0.6605 0.04988747186796699 0.042
0 0.3599024756189047 0.636 0.04913728432108027 0.052
0 0.3824081020255064 0.6765 0.04538634658664666 0.053
0 0.41522880720180044 0.65525 0.051762940735183796 0.0475
0 0.42760690172543137 0.69075 0.0450112528132033 0.0425
0 0.47186796699174793 0.69725 0.046511627906976744 0.0535
0 0.4559264816204051 0.644 0.04838709677419355 0.059
0 0.4079144786196549 0.60925 0.04988747186796699 0.0555
0 0.36515378844711177 0.57875 0.050637659414853715 0.0495
0 0.3207051762940735 0.55025 0.05101275318829707 0.0555
0 0.36159039759939987 0.52925 0.051762940735183796 0.0615
0 0.41354088522130533 0.5435 0.04838709677419355 0.05
0 0.4585521380345086 0.578 0.050637659414853715 0.06
0 0.5174418604651163 0.671 0.04988747186796699 0.058
0 0.5301950487621906 0.60075 0.046136534133533386 0.0585
0 0.5114403600900225 0.5565 0.050637659414853715 0.057
0 0.48424606151537886 0.51925 0.046511627906976744 0.0685
0 0.5309452363090773 0.499 0.04988747186796699 0.071
0 0.5607651912978244 0.5415 0.04576144036009002 0.063
0 0.581020255063766 0.57825 0.05476369092273068 0.0385
0 0.5549512378094523 0.21 0.06339084771192798 0.079
0 0.5579519879969993 0.28775 0.05813953488372093 0.0835
0 0.5635783945986497 0.35225 0.055138784696174045 0.0645
0 0.6202175543885972 0.3405 0.04838709677419355 0.073
0 0.6599774943735934 0.368 0.04538634658664666 0.075
0 0.6256564141035259 0.25325 0.05401350337584396 0.0805
0 0.6072768192048013 0.169 0.058514628657164294 0.074
0 0.6841710427606902 0.2075 0.06751687921980495 0.075
0 0.7333083270817704 0.2435 0.05926481620405101 0.08
0 0.7117404351087772 0.3185 0.05738934733683421 0.078
0 0.563953488372093 0.41675 0.05588897224306077 0.0625
0 0.5785821455363841 0.4745 0.05438859714928732 0.063
0 0.6256564141035259 0.44025 0.05026256564141035 0.0635
0 0.6247186796699175 0.494 0.04838709677419355 0.06
0 0.6477869467366841 0.53975 0.046511627906976744 0.0575
0 0.6701050262565641 0.4825 0.052138034508627154 0.066
0 0.7235558889722431 0.49725 0.06001500375093773 0.0565
0 0.6909227306826706 0.41625 0.05251312828207052 0.0685
0 0.7340585146286571 0.4415 0.051762940735183796 0.063
0 0.7394973743435859 0.37875 0.059639909977494375 0.0635
0 0.7798199549887472 0.39725 0.05476369092273068 0.0705
0 0.7730682670667667 0.4675 0.04801200300075019 0.069
0 0.81807951987997 0.47475 0.05776444111027757 0.0585
0 0.8289572393098275 0.42475 0.05326331582895724 0.0615
0 0.8345836459114778 0.36725 0.05776444111027757 0.0675
0 0.7593773443360841 0.303 0.05738934733683421 0.068
0 0.7846961740435109 0.2395 0.05401350337584396 0.082
0 0.8203300825206301 0.29225 0.05926481620405101 0.0625
0 0.7813203300825207 0.141 0.0795198799699925 0.088
0 0.8724681170292573 0.196 0.06526631657914479 0.085
0 0.9377344336084021 0.269 0.07426856714178545 0.096
0 0.3977869467366842 0.749 0.047636909227306824 0.054