0 0.44129782445611404 0.06875 0.047636909227306824 0.0635
0 0.4032258064516129 0.0845 0.05251312828207052 0.073
0 0.3400225056264066 0.11025 0.047636909227306824 0.0705
0 0.3310202550637659 0.168 0.0536384096024006 0.064
0 0.3765941485371343 0.16375 0.05101275318829707 0.0715
0 0.47861965491372843 0.12225 0.05101275318829707 0.0745
0 0.32820705176294074 0.24425 0.05701425356339085 0.0735
0 0.2970742685671418 0.3035 0.04801200300075019 0.067
0 0.29069767441860467 0.359 0.05701425356339085 0.074
0 0.25375093773443363 0.40025 0.05438859714928732 0.0695
0 0.29951237809452363 0.42875 0.05813953488372093 0.0725
0 0.26312828207051764 0.50775 0.050637659414853715 0.0655
0 0.3117029257314329 0.49325 0.051762940735183796 0.0655
0 0.2931357839459865 0.5665 0.050637659414853715 0.071
0 0.3387096774193548 0.34075 0.05251312828207052 0.0665
0 0.34508627156789196 0.4015 0.047261815453863466 0.074
0 0.35521380345086273 0.49125 0.0555138784696174 0.0685
0 0.3700300075018755 0.54925 0.05588897224306077 0.0705
0 0.3420855213803451 0.61475 0.051762940735183796 0.0635
0 0.41691672918229555 0.20625 0.04388597149287322 0.0745
0 0.38372093023255816 0.238 0.046511627906976744 0.069
0 0.37621905476369094 0.30475 0.05326331582895724 0.0645
0 0.38447111777944487 0.3605 0.05026256564141035 0.064
0 0.3850337584396099 0.4425 0.050637659414853715 0.065
0 0.399662415603901 0.507 0.04688672168042011 0.065
0 0.36046511627906974 0.65925 0.04951237809452363 0.0705
0 0.3580270067516879 0.7175 0.050637659414853715 0.063
0 0.39309827456864216 0.69175 0.047261815453863466 0.0655
0 0.42085521380345087 0.63575 0.04801200300075019 0.0665
0 0.4172918229557389 0.57075 0.04538634658664666 0.0705
0 0.4317329332333083 0.788 0.0450112528132033 0.069
0 0.46324081020255065 0.8025 0.030007501875468866 0.046
0 0.46230307576894225 0.746 0.04913728432108027 0.065
0 0.4512378094523631 0.68775 0.04276069017254314 0.0665
0 0.4891222805701425 0.6815 0.04801200300075019 0.064
0 0.5210052513128282 0.755 0.04801200300075019 0.061
0 0.531695423855964 0.706 0.043135783945986494 0.065
0 0.46774193548387094 0.609 0.05251312828207052 0.069
0 0.47336834208552137 0.5495 0.047261815453863466 0.069
0 0.5138784696174044 0.5875 0.046511627906976744 0.063
0 0.43792198049512376 0.471 0.047636909227306824 0.065
0 0.4739309827456864 0.4945 0.05138784696174044 0.063
0 0.42273068267066766 0.4095 0.04276069017254314 0.07
0 0.4754313578394599 0.4335 0.04463615903975994 0.065
0 0.5185671417854464 0.52525 0.04688672168042011 0.0685
0 0.43435858964741186 0.335 0.05026256564141035 0.067
0 0.42441860465116277 0.279 0.04988747186796699 0.077
0 0.46511627906976744 0.2615 0.047261815453863466 0.069
0 0.47355588897224304 0.192 0.046136534133533386 0.062
0 0.5125656414103525 0.17525 0.04463615903975994 0.0615
0 0.5114403600900225 0.2545 0.047636909227306824 0.068
0 0.562828207051763 0.224 0.04538634658664666 0.061
0 0.5641410352588146 0.29275 0.04951237809452363 0.0545
0 0.5103150787696924 0.32625 0.04913728432108027 0.0645
0 0.4746811702925731 0.368 0.050637659414853715 0.07
0 0.5114403600900225 0.3805 0.047636909227306824 0.065
0 0.5523255813953488 0.34525 0.047636909227306824 0.0665
0 0.6020255063765941 0.3195 0.047261815453863466 0.069
0 0.5767066766691673 0.378 0.05438859714928732 0.063
0 0.5133158289572393 0.447 0.04538634658664666 0.061
0 0.5581395348837209 0.44075 0.046511627906976744 0.0645
0 0.6106526631657915 0.4435 0.05026256564141035 0.07
0 0.6172168042010503 0.39075 0.046136534133533386 0.0595
0 0.6547261815453863 0.4305 0.04538634658664666 0.063
0 0.6854838709677419 0.45275 0.04463615903975994 0.0665
0 0.6447861965491373 0.48375 0.04801200300075019 0.0625
0 0.6055888972243061 0.50475 0.04463615903975994 0.0595
0 0.5615153788447111 0.513 0.04876219054763691 0.063
0 0.5549512378094523 0.58175 0.04013503375843961 0.0625
0 0.5436984246061516 0.643 0.04463615903975994 0.064
0 0.5813953488372093 0.61975 0.04876219054763691 0.0615
0 0.6159039759939985 0.576 0.047261815453863466 0.06
0 0.6427231807951987 0.55275 0.04988747186796699 0.0575
0 0.6847336834208552 0.5155 0.04463615903975994 0.066
0 0.7248687171792948 0.49375 0.043135783945986494 0.0635
0 0.7226181545386346 0.5475 0.043135783945986494 0.061
0 0.6869842460615154 0.57325 0.04538634658664666 0.0605
0 0.6500375093773444 0.6075 0.05026256564141035 0.06
0 0.6252813203300825 0.6545 0.04276069017254314 0.063
0 0.5828957239309828 0.6835 0.04801200300075019 0.058
0 0.5225056264066017 0.87 0.051762940735183796 0.067
0 0.5367591897974494 0.891 0.03975993998499625 0.063
0 0.5438859714928732 0.809 0.046511627906976744 0.062
0 0.5752063015753939 0.86175 0.04538634658664666 0.0645
0 0.5965866466616654 0.9105 0.04463615903975994 0.055
0 0.6384096024006002 0.93675 0.0450112528132033 0.0655
0 0.6851087771942985 0.9525 0.04838709677419355 0.062
0 0.7346211552888222 0.9515 0.04688672168042011 0.07
0 0.7726931732933233 0.92 0.05026256564141035 0.06
0 0.5860840210052514 0.803 0.046136534133533386 0.062
0 0.627344336084021 0.841 0.046136534133533386 0.065
0 0.6609152288072018 0.88125 0.04351087771942986 0.0585
0 0.7079894973743436 0.8875 0.046136534133533386 0.054
0 0.7515003750937734 0.8575 0.050637659414853715 0.067
0 0.8250187546886721 0.847 0.04913728432108027 0.066
0 0.7880720180045011 0.82575 0.046511627906976744 0.0455
0 0.7454988747186797 0.80725 0.04838709677419355 0.0605
0 0.6993623405851462 0.81025 0.04388597149287322 0.0595
0 0.6536009002250562 0.81025 0.04088522130532633 0.0615
0 0.6303450862715679 0.778 0.04388597149287322 0.063
0 0.5911477869467366 0.75175 0.046511627906976744 0.0595
0 0.6288447111777945 0.71675 0.04538634658664666 0.0645
0 0.6727306826706677 0.754 0.04688672168042011 0.058
0 0.7151162790697675 0.753 0.04838709677419355 0.062
0 0.7629407351837959 0.75 0.04351087771942986 0.065
0 0.8006376594148538 0.766 0.041635408852213056 0.063
0 0.8441485371342836 0.7865 0.04538634658664666 0.061
0 0.6567891972993248 0.679 0.04351087771942986 0.06
0 0.700675168792198 0.692 0.046511627906976744 0.061
0 0.7081770442610653 0.63975 0.04276069017254314 0.0625
0 0.7477494373593399 0.67 0.04913728432108027 0.063
0 0.791072768192048 0.70975 0.04276069017254314 0.0575
0 0.8388972243060765 0.69775 0.046136534133533386 0.0585
0 0.8312078019504876 0.65475 0.04126031507876969 0.0605
0 0.7920105026256564 0.64925 0.03938484621155289 0.0665
0 0.7441860465116279 0.61 0.047261815453863466 0.057
0 0.7989497374343586 0.58675 0.04576144036009002 0.0615
0 0.7762565641410353 0.55175 0.04088522130532633 0.0645