0 0.10315078769692423 0.406 0.07501875468867217 0.085
0 0.17104276069017255 0.3965 0.06976744186046512 0.088
0 0.2288072018004501 0.3475 0.07726931732933233 0.09
0 0.2912603150787697 0.30125 0.07389347336834208 0.1015
0 0.2726931732933233 0.399 0.07351837959489872 0.095
0 0.3439609902475619 0.3815 0.07801950487621906 0.1
0 0.3283945986496624 0.464 0.07239309827456865 0.091
0 0.2651912978244561 0.484 0.058514628657164294 0.093
0 0.23818454613653414 0.53125 0.05401350337584396 0.0805
0 0.27738184546136535 0.598 0.05888972243060765 0.081
0 0.31057764441110275 0.55275 0.06151537884471118 0.0915
0 0.3822205551387847 0.5215 0.06001500375093773 0.094
0 0.36384096024006 0.6015 0.07126781695423856 0.082
0 0.3132033008252063 0.65875 0.06976744186046512 0.0785
0 0.3705926481620405 0.695 0.05926481620405101 0.079
0 0.14422355588897223 0.4835 0.07614403600900226 0.086
0 0.1511627906976744 0.55925 0.06601650412603151 0.0735
0 0.4112903225806452 0.328 0.06789197299324831 0.105
0 0.4628657164291073 0.38075 0.07576894223555888 0.0925
0 0.40266316579144784 0.43675 0.06864216054013503 0.0865
0 0.47655663915978996 0.46725 0.06639159789947487 0.0935
0 0.46324081020255065 0.5605 0.06301575393848462 0.086
0 0.42873218304576144 0.636 0.06601650412603151 0.083
0 0.4281695423855964 0.7425 0.05738934733683421 0.084
0 0.477119279819955 0.786 0.05926481620405101 0.079
0 0.5356339084771192 0.74875 0.06676669167291822 0.0735
0 0.4816204051012753 0.697 0.06001500375093773 0.085
0 0.49362340585146286 0.6285 0.06826706676669167 0.079
0 0.5521380345086272 0.6685 0.05776444111027757 0.084
0 0.5361965491372843 0.54875 0.06939234808702176 0.0885
0 0.5423855963990998 0.46875 0.060765191297824456 0.0905
0 0.5106901725431358 0.29975 0.06339084771192798 0.0925
0 0.5613278319579895 0.36225 0.06939234808702176 0.0895
0 0.5757689422355589 0.26675 0.07501875468867217 0.1015
0 0.623218304576144 0.329 0.06564141035258815 0.093
0 0.6901725431357839 0.2925 0.072768192048012 0.1
0 0.694298574643661 0.39875 0.08252063015753938 0.0895
0 0.7616279069767442 0.3605 0.07314328582145536 0.093
0 0.613278319579895 0.4365 0.06976744186046512 0.095
0 0.596211552888222 0.5145 0.06339084771192798 0.086
0 0.6504126031507877 0.5625 0.07126781695423856 0.094
0 0.6972993248312078 0.489 0.07126781695423856 0.083
0 0.7749437359339835 0.474 0.07426856714178545 0.097
0 0.8428357089272318 0.41925 0.07051762940735183 0.0995
0 0.8698424606151538 0.48975 0.07501875468867217 0.0945
0 0.8032633158289573 0.537 0.07164291072768192 0.087
0 0.7374343585896475 0.567 0.0795198799699925 0.097
0 0.7873218304576144 0.63125 0.0690172543135784 0.0885
0 0.8780945236309077 0.5855 0.07501875468867217 0.086
0 0.9501125281320331 0.53175 0.07651912978244561 0.0955
0 0.9634283570892723 0.61325 0.06789197299324831 0.0945
0 0.8846586646661665 0.67375 0.06939234808702176 0.0875
0 0.9512378094523631 0.71075 0.07876969242310577 0.0895
0 0.8915978994748687 0.7555 0.06826706676669167 0.094
0 0.8220180045011253 0.7805 0.061890472618154536 0.084
0 0.8115153788447111 0.699 0.05813953488372093 0.095
0 0.7522505626406601 0.75425 0.061140285071267814 0.0835
0 0.6605401350337584 0.66125 0.06751687921980495 0.0955
0 0.6822955738934734 0.7495 0.07126781695423856 0.082
0 0.6110277569392348 0.71325 0.06601650412603151 0.0835
0 0.5958364591147787 0.6185 0.06939234808702176 0.077