0 0.14141035258814705 0.28175 0.07051762940735183 0.0745
0 0.14216054013503376 0.368 0.06676669167291822 0.076
0 0.2010502625656414 0.3685 0.0690172543135784 0.089
0 0.1667291822955739 0.44725 0.06864216054013503 0.0785
0 0.14028507126781695 0.512 0.06676669167291822 0.075
0 0.16035258814703676 0.59275 0.05813953488372093 0.0865
0 0.13353338334583645 0.65025 0.05326331582895724 0.0855
0 0.17291822955738934 0.71675 0.07051762940735183 0.0725
0 0.2507501875468867 0.72925 0.06339084771192798 0.0675
0 0.2145536384096024 0.64575 0.06526631657914479 0.0745
0 0.26387846961740435 0.665 0.06264066016504126 0.072
0 0.24306076519129782 0.595 0.06601650412603151 0.072
0 0.21492873218304576 0.52225 0.07351837959489872 0.0785
0 0.25881470367591897 0.44075 0.06526631657914479 0.0845
0 0.28225806451612906 0.51475 0.06489122280570142 0.0735
0 0.2846961740435109 0.366 0.06976744186046512 0.092
0 0.313953488372093 0.26075 0.06151537884471118 0.0955
0 0.36927981995498876 0.31125 0.06864216054013503 0.0925
0 0.359152288072018 0.3835 0.05813953488372093 0.076
0 0.3276444111027757 0.455 0.06489122280570142 0.082
0 0.349774943735934 0.5335 0.05888972243060765 0.077
0 0.3090772693173293 0.616 0.06601650412603151 0.088
0 0.33739684921230306 0.692 0.06489122280570142 0.086
0 0.3177044261065266 0.72825 0.056264066016504126 0.0665
0 0.3799699924981245 0.72825 0.04876219054763691 0.0685
0 0.39216054013503376 0.6625 0.0603900975243811 0.075
0 0.43904726181545384 0.71025 0.059639909977494375 0.0685
0 0.5013128282070518 0.7335 0.05588897224306077 0.06
0 0.39909977494373594 0.589 0.06151537884471118 0.063
0 0.4491747936984246 0.61075 0.04238559639909977 0.0695
0 0.39234808702175544 0.48675 0.05701425356339085 0.0775
0 0.42760690172543137 0.432 0.06976744186046512 0.093
0 0.4356714178544636 0.36 0.06789197299324831 0.084
0 0.3987246811702926 0.2275 0.07351837959489872 0.084
0 0.44786196549137286 0.272 0.06526631657914479 0.089
0 0.4418604651162791 0.1805 0.0622655663915979 0.088
0 0.6142160540135033 0.209 0.0671417854463616 0.094
0 0.5542010502625656 0.2685 0.07464366091522881 0.089
0 0.6119654913728432 0.2805 0.06264066016504126 0.082
0 0.5825206301575394 0.3595 0.05776444111027757 0.088
0 0.5127531882970743 0.37025 0.060765191297824456 0.0905
0 0.5555138784696174 0.42025 0.05401350337584396 0.0845
0 0.4913728432108027 0.44275 0.05401350337584396 0.0735
0 0.5313203300825207 0.49725 0.055138784696174045 0.0775
0 0.4551762940735184 0.525 0.05588897224306077 0.082
0 0.49456114028507125 0.559 0.056639159789947484 0.075
0 0.5549512378094523 0.56675 0.055138784696174045 0.0765
0 0.6042760690172543 0.60725 0.05776444111027757 0.0695
0 0.522880720180045 0.65125 0.05776444111027757 0.0755
0 0.572768192048012 0.674 0.05326331582895724 0.076
0 0.5648912228057015 0.747 0.056264066016504126 0.064
0 0.6239684921230307 0.79275 0.05288822205551388 0.0695
0 0.6744186046511628 0.82625 0.05026256564141035 0.0635
0 0.6987996999249813 0.77775 0.056264066016504126 0.0685
0 0.7211177794448612 0.798 0.046136534133533386 0.062
0 0.77344336084021 0.801 0.046511627906976744 0.072
0 0.6217179294823706 0.70475 0.05438859714928732 0.0605
0 0.6352213053263316 0.64875 0.05438859714928732 0.0635
0 0.6774193548387096 0.68575 0.0555138784696174 0.0635
0 0.5838334583645911 0.51075 0.05813953488372093 0.0795
0 0.6316579144786196 0.55475 0.05326331582895724 0.0695
0 0.667291822955739 0.58325 0.0555138784696174 0.0715
0 0.6048387096774194 0.42275 0.05438859714928732 0.0715
0 0.6485371342835708 0.4705 0.05776444111027757 0.076
0 0.6854838709677419 0.51225 0.05588897224306077 0.0715
0 0.6566016504126031 0.39525 0.055138784696174045 0.0705
0 0.7021755438859715 0.44725 0.0555138784696174 0.0805
0 0.6776069017254314 0.32625 0.056639159789947484 0.0715
0 0.7338709677419355 0.37825 0.05813953488372093 0.0615
0 0.7800075018754689 0.44525 0.05888972243060765 0.0975
0 0.75 0.4915 0.05813953488372093 0.075
0 0.8160165041260315 0.48075 0.05588897224306077 0.0795
0 0.8013878469617405 0.561 0.052138034508627154 0.082
0 0.7299324831207802 0.593 0.06376594148537135 0.061
0 0.7591897974493623 0.66575 0.060765191297824456 0.0705
0 0.7835708927231808 0.703 0.0555138784696174 0.056
0 0.7968867216804201 0.62575 0.05888972243060765 0.0715
0 0.7526256564141035 0.73475 0.052138034508627154 0.0635
0 0.8154538634658665 0.752 0.060765191297824456 0.06
0 0.8578394598649662 0.71475 0.05776444111027757 0.0715
0 0.7278694673668417 0.88475 0.05138784696174044 0.0685
0 0.8559639909977494 0.6325 0.04801200300075019 0.077
0 0.8874718679669917 0.57325 0.05401350337584396 0.0895
0 0.8777194298574643 0.48275 0.05101275318829707 0.0715
0 0.8304576144036009 0.36625 0.0555138784696174 0.0675
0 0.6914853713428357 0.22425 0.06489122280570142 0.0965
0 0.7288072018004501 0.16425 0.06601650412603151 0.0955
0 0.7603150787696924 0.203 0.05101275318829707 0.083
0 0.7755063765941486 0.283 0.0536384096024006 0.084
0 0.8085146286571643 0.3015 0.056639159789947484 0.079
0 0.8330832708177044 0.224 0.06001500375093773 0.096
0 0.885596399099775 0.255 0.06001500375093773 0.098
0 0.8794073518379595 0.327 0.04913728432108027 0.077