0 0.11890472618154539 0.812 0.06601650412603151 0.087
0 0.17198049512378094 0.8495 0.06489122280570142 0.077
0 0.21042760690172543 0.9195 0.0622655663915979 0.087
0 0.25731432858214554 0.856 0.06526631657914479 0.086
0 0.2798199549887472 0.902 0.0555138784696174 0.076
0 0.3332708177044261 0.862 0.05738934733683421 0.07
0 0.3169542385596399 0.805 0.05101275318829707 0.073
0 0.22786946736684172 0.7905 0.0641410352588147 0.076
0 0.2644411102775694 0.72975 0.05326331582895724 0.0775
0 0.32333083270817703 0.73825 0.0622655663915979 0.0855
0 0.3724681170292573 0.70525 0.051762940735183796 0.0715
0 0.1444111027756939 0.72025 0.06151537884471118 0.0785
0 0.16654163540885222 0.6315 0.06301575393848462 0.086
0 0.2078019504876219 0.6955 0.05701425356339085 0.078
0 0.22580645161290322 0.58075 0.05476369092273068 0.0785
0 0.25206301575393847 0.645 0.060765191297824456 0.08
0 0.2586271567891973 0.52 0.05438859714928732 0.074
0 0.29519879969992496 0.5815 0.06001500375093773 0.07
0 0.32614403600900227 0.65425 0.05438859714928732 0.0745
0 0.37978244561140284 0.6305 0.04913728432108027 0.07
0 0.354463615903976 0.56575 0.05326331582895724 0.0735
0 0.3327081770442611 0.51375 0.0555138784696174 0.0705
0 0.3394598649662416 0.431 0.05026256564141035 0.076
0 0.41241560390097526 0.36 0.05438859714928732 0.074
0 0.4409227306826707 0.309 0.052138034508627154 0.07
0 0.48687171792948236 0.2745 0.05026256564141035 0.07
0 0.4746811702925731 0.36825 0.055138784696174045 0.0775
0 0.4247936984246061 0.43225 0.05813953488372093 0.0635
0 0.3929107276819205 0.48675 0.04988747186796699 0.0755
0 0.43885971492873216 0.49825 0.04801200300075019 0.0775
0 0.4062265566391598 0.5505 0.05476369092273068 0.071
0 0.42966991747936983 0.6095 0.05288822205551388 0.069
0 0.4746811702925731 0.57825 0.04088522130532633 0.0675
0 0.4872468117029257 0.44375 0.04876219054763691 0.0825
0 0.4998124531132783 0.51475 0.047636909227306824 0.0765
0 0.43960990247561893 0.6825 0.05401350337584396 0.074
0 0.377344336084021 0.80275 0.0555138784696174 0.0795
0 0.422543135783946 0.85475 0.05588897224306077 0.0845
0 0.4283570892723181 0.7635 0.05401350337584396 0.078
0 0.4836834208552138 0.77625 0.05588897224306077 0.0735
0 0.5 0.70775 0.04801200300075019 0.0695
0 0.5333833458364591 0.75025 0.04351087771942986 0.0695
0 0.5710802700675168 0.702 0.047636909227306824 0.074
0 0.6039009752438109 0.7595 0.04351087771942986 0.071
0 0.6459114778694673 0.78125 0.047261815453863466 0.0695
0 0.6854838709677419 0.793 0.046136534133533386 0.064
0 0.5039384846211553 0.6475 0.0536384096024006 0.061
0 0.5240060015003751 0.5795 0.04951237809452363 0.066
0 0.5523255813953488 0.6415 0.050637659414853715 0.069
0 0.5782070517629407 0.59625 0.052138034508627154 0.0645
0 0.6155288822205551 0.6475 0.046511627906976744 0.063
0 0.6239684921230307 0.6985 0.04838709677419355 0.059
0 0.6650412603150788 0.72125 0.042010502625656414 0.0625
0 0.6650412603150788 0.66225 0.04876219054763691 0.0665
0 0.6369092273068268 0.59025 0.05101275318829707 0.0615
0 0.5423855963990998 0.51775 0.04576144036009002 0.0715
0 0.5836459114778695 0.535 0.047261815453863466 0.069
0 0.5470742685671418 0.454 0.052138034508627154 0.063
0 0.5210052513128282 0.401 0.051762940735183796 0.074
0 0.5678919729932483 0.344 0.05326331582895724 0.077
0 0.6140285071267817 0.39425 0.05251312828207052 0.0615
0 0.6014628657164292 0.46425 0.04538634658664666 0.0655
0 0.5618904726181545 0.2305 0.0622655663915979 0.082
0 0.6001500375093773 0.26575 0.05251312828207052 0.0725
0 0.6380345086271568 0.31525 0.04351087771942986 0.0755
0 0.6264066016504126 0.21725 0.04951237809452363 0.0695
0 0.681357839459865 0.1885 0.04988747186796699 0.069
0 0.6854838709677419 0.266 0.046136534133533386 0.064
0 0.6843585896474118 0.34025 0.04088522130532633 0.0565
0 0.6586646661665416 0.385 0.0450112528132033 0.074
0 0.70423855963991 0.404 0.04088522130532633 0.07
0 0.6605401350337584 0.46325 0.04801200300075019 0.0625
0 0.7100525131282821 0.473 0.046511627906976744 0.059
0 0.6534133533383346 0.52575 0.046511627906976744 0.0615
0 0.6901725431357839 0.531 0.0450112528132033 0.066
0 0.6999249812453113 0.599 0.05026256564141035 0.071
0 0.7096774193548387 0.66375 0.04426106526631658 0.0595
0 0.7184921230307577 0.73175 0.04388597149287322 0.0625
0 0.7404351087771943 0.79975 0.046511627906976744 0.0685
0 0.781695423855964 0.80275 0.0450112528132033 0.0675
0 0.7721305326331583 0.718 0.04013503375843961 0.057
0 0.8132033008252063 0.751 0.042010502625656414 0.062
0 0.8584021005251313 0.704 0.04088522130532633 0.067
0 0.8203300825206301 0.664 0.03975993998499625 0.065
0 0.7578769692423106 0.64725 0.04013503375843961 0.0605
0 0.7310577644411103 0.60375 0.033008252063015754 0.0645
0 0.7751312828207052 0.57175 0.043135783945986494 0.0605
0 0.8177044261065266 0.6005 0.042010502625656414 0.059
0 0.8364591147786947 0.63375 0.03675918979744936 0.0575
0 0.8743435858964741 0.64075 0.03825956489122281 0.0505
0 0.890285071267817 0.58975 0.036384096024006 0.0605
0 0.8495873968492123 0.5665 0.04051012753188297 0.059
0 0.7980120030007501 0.51925 0.047636909227306824 0.0605
0 0.741185296324081 0.5015 0.04126031507876969 0.055
0 0.7531882970742686 0.43525 0.04576144036009002 0.0755
0 0.7852588147036759 0.46 0.04388597149287322 0.062
0 0.8216429107276819 0.4355 0.04013503375843961 0.061
0 0.8522130532633159 0.505 0.047261815453863466 0.061
0 0.8818454613653414 0.51575 0.04276069017254314 0.0595
0 0.8932858214553638 0.459 0.041635408852213056 0.065
0 0.8593398349587397 0.40875 0.042010502625656414 0.0585
0 0.7903225806451613 0.391 0.04876219054763691 0.061
0 0.7451237809452363 0.35525 0.050637659414853715 0.0595
0 0.7237434358589647 0.29025 0.04388597149287322 0.0665
0 0.741185296324081 0.321 0.04576144036009002 0.058
0 0.732933233308327 0.19775 0.04276069017254314 0.0705
0 0.7801950487621906 0.23825 0.046511627906976744 0.0615
0 0.7925731432858214 0.2925 0.04426106526631658 0.054
0 0.8132033008252063 0.3445 0.03675918979744936 0.072
0 0.846211552888222 0.35275 0.042010502625656414 0.0605