0 0.4337959489872468 0.28575 0.03563390847711928 0.0465
0 0.26294073518379596 0.35325 0.03600900225056264 0.0425
0 0.07745686421605401 0.65625 0.03788447111777944 0.0465
0 0.09133533383345836 0.59575 0.03788447111777944 0.0475
0 0.13203300825206302 0.604 0.03150787696924231 0.051
0 0.11965491372843211 0.63425 0.03825956489122281 0.0455
0 0.13484621155288823 0.68725 0.03338334583645911 0.0505
0 0.09921230307576895 0.70125 0.037134283570892726 0.0485
0 0.13165791447861966 0.73675 0.03975993998499625 0.0465
0 0.14984996249062266 0.77675 0.041635408852213056 0.0505
0 0.17029257314328583 0.72125 0.03375843960990248 0.0405
0 0.18998499624906226 0.683 0.03563390847711928 0.051
0 0.17254313578394598 0.644 0.03675918979744936 0.045
0 0.18942235558889722 0.7955 0.037509377344336084 0.049
0 0.19954988747186797 0.7345 0.035258814703675916 0.044
0 0.22374343585896475 0.69875 0.034133533383345835 0.0455
0 0.21530382595648911 0.64875 0.03375843960990248 0.0485
0 0.177231807951988 0.58775 0.043135783945986494 0.0465
0 0.21099024756189047 0.60075 0.03488372093023256 0.0475
0 0.1504126031507877 0.552 0.03975993998499625 0.048
0 0.109152288072018 0.52625 0.03900975243810953 0.0505
0 0.1264066016504126 0.4785 0.03375843960990248 0.042
0 0.15078769692423105 0.442 0.035258814703675916 0.047
0 0.15941485371342837 0.503 0.03825956489122281 0.043
0 0.18023255813953487 0.45475 0.03488372093023256 0.0475
0 0.17329332333083272 0.40425 0.03825956489122281 0.0455
0 0.21024006001500375 0.4155 0.03563390847711928 0.042
0 0.23012003000750186 0.375 0.03488372093023256 0.036
0 0.2651912978244561 0.40625 0.03375843960990248 0.0415
0 0.23424606151537886 0.4415 0.03788447111777944 0.046
0 0.22936984246061515 0.496 0.03338334583645911 0.047
0 0.19148537134283572 0.525 0.03488372093023256 0.048
0 0.22561890472618154 0.5515 0.03338334583645911 0.043
0 0.2912603150787697 0.39425 0.03563390847711928 0.0405
0 0.27756939234808703 0.44925 0.0345086271567892 0.0475
0 0.2661290322580645 0.49475 0.03563390847711928 0.0485
0 0.26200300075018756 0.547 0.03188297074268567 0.043
0 0.2432483120780195 0.591 0.03488372093023256 0.045
0 0.28507126781695424 0.6005 0.03825956489122281 0.037
0 0.25731432858214554 0.6455 0.03225806451612903 0.044
0 0.2938859714928732 0.65575 0.036384096024006 0.0405
0 0.26556639159789946 0.6905 0.03675918979744936 0.042
0 0.31095273818454616 0.70175 0.0345086271567892 0.0455
0 0.2550637659414854 0.7325 0.0345086271567892 0.042
0 0.22693173293323332 0.76275 0.03600900225056264 0.0445
0 0.2203675918979745 0.82675 0.03788447111777944 0.0495
0 0.25318829707426854 0.85775 0.028507126781695424 0.0345
0 0.27063015753938485 0.8275 0.036384096024006 0.04
0 0.27344336084021004 0.77375 0.03375843960990248 0.0445
0 0.3036384096024006 0.80825 0.03563390847711928 0.0475
0 0.3058889722430608 0.75625 0.03488372093023256 0.0485
0 0.33739684921230306 0.81425 0.03488372093023256 0.0445
0 0.3463990997749437 0.759 0.03188297074268567 0.037
0 0.350337584396099 0.7085 0.035258814703675916 0.045
0 0.36627906976744184 0.6705 0.03338334583645911 0.041
0 0.32970742685671417 0.664 0.03375843960990248 0.043
0 0.3418979744936234 0.61675 0.03488372093023256 0.0465
0 0.37809452363090773 0.61625 0.03900975243810953 0.0425
0 0.31957989497374345 0.5875 0.03600900225056264 0.047
0 0.3600900225056264 0.5695 0.03600900225056264 0.041
0 0.3023255813953488 0.5245 0.035258814703675916 0.049
0 0.33852213053263314 0.539 0.034133533383345835 0.044
0 0.3715303825956489 0.5255 0.036384096024006 0.041
0 0.3252063015753939 0.497 0.03600900225056264 0.044
0 0.3734058514628657 0.48 0.032633158289572396 0.04
0 0.3177044261065266 0.444 0.03675918979744936 0.041
0 0.35596399099774945 0.44325 0.033008252063015754 0.0375
0 0.3310202550637659 0.3965 0.03488372093023256 0.04
0 0.3677794448612153 0.38525 0.032633158289572396 0.0445
0 0.3777194298574644 0.3555 0.03075768942235559 0.041
0 0.41147786946736686 0.33625 0.033008252063015754 0.0435
0 0.4339834958739685 0.37675 0.033008252063015754 0.0485
0 0.3899099774943736 0.42725 0.034133533383345835 0.0445
0 0.4377344336084021 0.43325 0.035258814703675916 0.0385
0 0.40828957239309827 0.47175 0.032633158289572396 0.0425
0 0.4463615903975994 0.4775 0.0345086271567892 0.04
0 0.4111027756939235 0.5295 0.03600900225056264 0.038
0 0.4579894973743436 0.519 0.03600900225056264 0.036
0 0.4317329332333083 0.55875 0.030007501875468866 0.0495
0 0.4701800450112528 0.56275 0.03188297074268567 0.0445
0 0.4189797449362341 0.6095 0.03150787696924231 0.043
0 0.45461365341335336 0.601 0.03225806451612903 0.041
0 0.4030382595648912 0.65575 0.037134283570892726 0.0395
0 0.46905476369092275 0.64425 0.03488372093023256 0.0445
0 0.38822205551387845 0.70675 0.033008252063015754 0.0485
0 0.42366841710427605 0.69475 0.036384096024006 0.0395
0 0.46230307576894225 0.6955 0.03188297074268567 0.045
0 0.3850337584396099 0.76275 0.03488372093023256 0.0445
0 0.4163540885221305 0.74775 0.033008252063015754 0.0465
0 0.4553638409602401 0.757 0.0345086271567892 0.043
0 0.37490622655663913 0.8175 0.034133533383345835 0.04
0 0.40753938484621155 0.8045 0.036384096024006 0.046
0 0.44561140285071266 0.803 0.03150787696924231 0.039
0 0.4829332333083271 0.793 0.03563390847711928 0.047
0 0.5168792198049512 0.78725 0.03375843960990248 0.0445
0 0.48593398349587397 0.7295 0.03188297074268567 0.044
0 0.5226931732933233 0.735 0.03488372093023256 0.047
0 0.4951237809452363 0.683 0.03075768942235559 0.046
0 0.5290697674418605 0.68575 0.03188297074268567 0.0475
0 0.5090022505626407 0.6395 0.03150787696924231 0.039
0 0.5480120030007501 0.64275 0.0345086271567892 0.0435
0 0.49681170292573146 0.594 0.03338334583645911 0.044
0 0.536946736684171 0.60025 0.032633158289572396 0.0505
0 0.5495123780945236 0.56125 0.03150787696924231 0.0405
0 0.5174418604651163 0.557 0.03488372093023256 0.04
0 0.4816204051012753 0.4895 0.03375843960990248 0.042
0 0.5185671417854464 0.49425 0.032633158289572396 0.0395
0 0.5669542385596399 0.5185 0.028882220555138786 0.04
0 0.5892723180795199 0.5465 0.03375843960990248 0.036
0 0.5720180045011253 0.6125 0.0345086271567892 0.047
0 0.550450112528132 0.47675 0.03113278319579895 0.0395
0 0.4773068267066767 0.4385 0.03113278319579895 0.045
0 0.5112528132033008 0.427 0.03225806451612903 0.044
0 0.48499624906226557 0.3885 0.0345086271567892 0.044
0 0.5315078769692423 0.349 0.0345086271567892 0.039
0 0.5588897224306076 0.37475 0.033008252063015754 0.0465
0 0.5849587396849212 0.35175 0.03488372093023256 0.0365
0 0.5905851462865717 0.393 0.03338334583645911 0.044
0 0.5615153788447111 0.43625 0.033008252063015754 0.0365
0 0.6106526631657915 0.436 0.03375843960990248 0.042
0 0.5947111777944486 0.47575 0.036384096024006 0.0425
0 0.6256564141035259 0.502 0.033008252063015754 0.048
0 0.6249062265566392 0.55125 0.03375843960990248 0.0385
0 0.6054013503375844 0.58975 0.03375843960990248 0.0425
0 0.6384096024006002 0.589 0.03225806451612903 0.041
0 0.595648912228057 0.63925 0.030007501875468866 0.0365
0 0.6421605401350338 0.63725 0.033008252063015754 0.0425
0 0.5768942235558889 0.6765 0.033008252063015754 0.04
0 0.6198424606151538 0.68375 0.03188297074268567 0.0455
0 0.5553263315828957 0.71475 0.036384096024006 0.0415
0 0.5980870217554388 0.71725 0.03488372093023256 0.0525
0 0.6325956489122281 0.7245 0.029632408102025505 0.043
0 0.5487621905476369 0.7725 0.0345086271567892 0.042
0 0.5832708177044261 0.76425 0.033008252063015754 0.0415
0 0.6174043510877719 0.76925 0.030007501875468866 0.0505
0 0.6474118529632408 0.7815 0.03075768942235559 0.047
0 0.6674793698424606 0.739 0.03338334583645911 0.036
0 0.7036759189797449 0.7985 0.03150787696924231 0.043
0 0.7385596399099775 0.78325 0.03225806451612903 0.0415
0 0.6567891972993248 0.6875 0.035258814703675916 0.042
0 0.6897974493623406 0.70075 0.030007501875468866 0.0435
0 0.7222430607651913 0.739 0.032633158289572396 0.046
0 0.755251312828207 0.7435 0.03113278319579895 0.042
0 0.8030757689422355 0.751 0.029257314328582147 0.046
0 0.8214553638409603 0.71275 0.0345086271567892 0.0375
0 0.7833833458364591 0.71025 0.034133533383345835 0.0335
0 0.7184921230307577 0.69375 0.025131282820705175 0.0445
0 0.7625656414103525 0.67075 0.033008252063015754 0.0365
0 0.7935108777194299 0.66175 0.03188297074268567 0.0445
0 0.8439609902475619 0.66775 0.03600900225056264 0.0425
0 0.8285821455363841 0.6265 0.03600900225056264 0.047
0 0.6783570892723181 0.6505 0.028882220555138786 0.041
0 0.7066766691672918 0.6545 0.03225806451612903 0.043
0 0.7334958739684921 0.62525 0.03113278319579895 0.0465
0 0.77231807951988 0.6295 0.035258814703675916 0.038
0 0.805701425356339 0.58675 0.03375843960990248 0.0415
0 0.7625656414103525 0.5895 0.03600900225056264 0.038
0 0.6858589647411854 0.605 0.036384096024006 0.042
0 0.7111777944486122 0.5585 0.03375843960990248 0.038
0 0.6614778694673669 0.553 0.032633158289572396 0.037
0 0.7779444861215303 0.5395 0.033008252063015754 0.04
0 0.7344336084021005 0.53275 0.02625656414103526 0.0445
0 0.7093023255813954 0.516 0.033008252063015754 0.042
0 0.6551012753188297 0.5105 0.03488372093023256 0.041
0 0.6796699174793699 0.478 0.03225806451612903 0.042
0 0.6444111027756939 0.4665 0.03375843960990248 0.043
0 0.7128657164291072 0.4685 0.03188297074268567 0.043
0 0.7441860465116279 0.478 0.03075768942235559 0.044
0 0.7638784696174044 0.44675 0.03488372093023256 0.0395
0 0.7280570142535634 0.435 0.03675918979744936 0.042
0 0.6837959489872468 0.43925 0.035258814703675916 0.0355
0 0.6451612903225806 0.413 0.03225806451612903 0.04
0 0.6629782445611403 0.3885 0.029632408102025505 0.033
0 0.6987996999249813 0.396 0.03150787696924231 0.037
0 0.7393098274568642 0.38825 0.033008252063015754 0.0365
0 0.6190922730682671 0.38225 0.03338334583645911 0.0395
0 0.6213428357089272 0.32725 0.032633158289572396 0.0415
0 0.6507876969242311 0.3405 0.03225806451612903 0.045
0 0.6963615903975994 0.339 0.03188297074268567 0.046
0 0.72768192048012 0.32775 0.033008252063015754 0.0405
0 0.3966616654163541 0.57 0.03488372093023256 0.048