0 0.19767441860465115 0.264 0.05776444111027757 0.056
0 0.195423855963991 0.317 0.05776444111027757 0.062
0 0.24456114028507125 0.2495 0.04876219054763691 0.07
0 0.25731432858214554 0.317 0.05326331582895724 0.07
0 0.2336834208552138 0.41975 0.0555138784696174 0.0715
0 0.2794448612153038 0.36475 0.05251312828207052 0.0655
0 0.3058889722430608 0.19325 0.05588897224306077 0.0665
0 0.3057014253563391 0.26975 0.056264066016504126 0.0665
0 0.3235183795948987 0.3305 0.0536384096024006 0.07
0 0.32295573893473367 0.395 0.05476369092273068 0.073
0 0.2897599399849963 0.445 0.055138784696174045 0.068
0 0.24812453113278318 0.51625 0.059639909977494375 0.0725
0 0.28394598649662417 0.554 0.056264066016504126 0.074
0 0.30701425356339085 0.49775 0.0536384096024006 0.0715
0 0.34039759939985 0.47075 0.04913728432108027 0.0785
0 0.34658664666166544 0.55125 0.04876219054763691 0.0705
0 0.33664666166541635 0.62675 0.05288822205551388 0.0675
0 0.3623405851462866 0.716 0.05251312828207052 0.075
0 0.4240435108777194 0.74175 0.04838709677419355 0.0725
0 0.4669917479369842 0.79025 0.06001500375093773 0.0625
0 0.4874343585896474 0.86075 0.052138034508627154 0.0715
0 0.3859714928732183 0.6035 0.05251312828207052 0.073
0 0.41354088522130533 0.65325 0.0536384096024006 0.0745
0 0.4741185296324081 0.73125 0.05101275318829707 0.0715
0 0.3486496624156039 0.2245 0.052138034508627154 0.067
0 0.3801575393848462 0.16825 0.055138784696174045 0.0705
0 0.43060765191297823 0.186 0.058514628657164294 0.074
0 0.4167291822955739 0.2665 0.05476369092273068 0.066
0 0.3675918979744936 0.29325 0.056264066016504126 0.0705
0 0.3741560390097524 0.3575 0.05588897224306077 0.068
0 0.37190547636909227 0.42225 0.0536384096024006 0.0665
0 0.38297074268567144 0.51375 0.05251312828207052 0.0735
0 0.4705551387846962 0.24025 0.05288822205551388 0.0625
0 0.42198049512378094 0.338 0.04876219054763691 0.063
0 0.46680420105026255 0.315 0.05288822205551388 0.065
0 0.5148162040510128 0.271 0.05438859714928732 0.063
0 0.5633908477119279 0.24875 0.05251312828207052 0.0635
0 0.554576144036009 0.30575 0.04838709677419355 0.0645
0 0.5058139534883721 0.3495 0.05438859714928732 0.066
0 0.4684921230307577 0.36775 0.05251312828207052 0.0665
0 0.42441860465116277 0.39125 0.0536384096024006 0.0645
0 0.4154163540885221 0.46525 0.04988747186796699 0.0755
0 0.45986496624156037 0.44525 0.051762940735183796 0.0665
0 0.45367591897974496 0.5 0.0536384096024006 0.064
0 0.42273068267066766 0.5655 0.04951237809452363 0.069
0 0.4551762940735184 0.61925 0.05288822205551388 0.0635
0 0.4934358589647412 0.65675 0.04988747186796699 0.0675
0 0.5290697674418605 0.73925 0.05138784696174044 0.0695
0 0.5577644411102776 0.7895 0.04951237809452363 0.064
0 0.5770817704426107 0.84875 0.04688672168042011 0.0735
0 0.6260315078769693 0.8815 0.047261815453863466 0.074
0 0.6792948237059265 0.89125 0.05026256564141035 0.0575
0 0.6566016504126031 0.832 0.055138784696174045 0.066
0 0.6123405851462865 0.80525 0.04913728432108027 0.0715
0 0.6172168042010503 0.74525 0.04688672168042011 0.0635
0 0.535821455363841 0.682 0.05138784696174044 0.063
0 0.5965866466616654 0.683 0.052138034508627154 0.067
0 0.5723930982745686 0.63 0.047261815453863466 0.066
0 0.49568642160540133 0.57375 0.052138034508627154 0.0685
0 0.49943735933983496 0.49675 0.04913728432108027 0.0705
0 0.5067516879219804 0.40775 0.05251312828207052 0.0645
0 0.5427606901725431 0.438 0.0450112528132033 0.065
0 0.5491372843210802 0.38475 0.04801200300075019 0.0595
0 0.5478244561140285 0.51725 0.050637659414853715 0.0625
0 0.5495123780945236 0.58 0.056264066016504126 0.062
0 0.6055888972243061 0.22825 0.04988747186796699 0.0735
0 0.6005251312828207 0.2955 0.04876219054763691 0.068
0 0.5948987246811703 0.35375 0.047261815453863466 0.0635
0 0.5890847711927982 0.4105 0.0536384096024006 0.068
0 0.5922730682670667 0.47625 0.05476369092273068 0.0675
0 0.5902100525131283 0.5445 0.04988747186796699 0.066
0 0.608589647411853 0.60125 0.05288822205551388 0.0655
0 0.6275318829707427 0.65875 0.046511627906976744 0.0685
0 0.6541635408852213 0.717 0.05326331582895724 0.064
0 0.682483120780195 0.74825 0.04913728432108027 0.0765
0 0.7209302325581395 0.8125 0.04426106526631658 0.062
0 0.7751312828207052 0.823 0.05288822205551388 0.054
0 0.758814703675919 0.7605 0.04951237809452363 0.058
0 0.8347711927981996 0.766 0.04463615903975994 0.068
0 0.8021380345086272 0.7125 0.0536384096024006 0.065
0 0.7139909977494373 0.708 0.04913728432108027 0.069
0 0.7567516879219804 0.68 0.04538634658664666 0.058
0 0.822768192048012 0.6705 0.047636909227306824 0.064
0 0.8599024756189048 0.63325 0.04538634658664666 0.0645
0 0.6841710427606902 0.64275 0.047261815453863466 0.0645
0 0.7248687171792948 0.6445 0.04913728432108027 0.073
0 0.7841335333833458 0.6245 0.04688672168042011 0.063
0 0.8105776444111028 0.586 0.04351087771942986 0.069
0 0.8467741935483871 0.5765 0.04388597149287322 0.061
0 0.6515378844711178 0.5875 0.051762940735183796 0.06
0 0.7126781695423856 0.5785 0.051762940735183796 0.065
0 0.7423105776444111 0.58975 0.04351087771942986 0.0645
0 0.7764441110277569 0.553 0.04801200300075019 0.069
0 0.8233308327081771 0.526 0.04876219054763691 0.065
0 0.6365341335333834 0.52725 0.04801200300075019 0.0705
0 0.6764816204051013 0.524 0.046136534133533386 0.067
0 0.7274943735933983 0.53225 0.046136534133533386 0.0635
0 0.6339084771192798 0.46325 0.04951237809452363 0.0665
0 0.7023630907726932 0.48 0.04913728432108027 0.06
0 0.7505626406601651 0.48425 0.04951237809452363 0.0635
0 0.8111402850712678 0.48575 0.046136534133533386 0.0625
0 0.8435858964741185 0.4665 0.04351087771942986 0.066
0 0.6762940735183796 0.443 0.04801200300075019 0.064
0 0.713615903975994 0.42275 0.04538634658664666 0.0625
0 0.7655663915978995 0.41375 0.04426106526631658 0.0685
0 0.8150787696924231 0.4165 0.05026256564141035 0.067
0 0.6357839459864967 0.385 0.05326331582895724 0.066
0 0.6903600900225056 0.36925 0.050637659414853715 0.0645
0 0.7340585146286571 0.3685 0.04951237809452363 0.058
0 0.7968867216804201 0.35925 0.04913728432108027 0.0615
0 0.6359714928732183 0.31825 0.04913728432108027 0.0675
0 0.6796699174793699 0.29 0.05101275318829707 0.066
0 0.7254313578394599 0.31025 0.05701425356339085 0.0725
0 0.7783195798949737 0.30075 0.05326331582895724 0.0675
0 0.653788447111778 0.22025 0.04801200300075019 0.0635
0 0.699549887471868 0.21 0.05026256564141035 0.069
0 0.7363090772693174 0.25225 0.05026256564141035 0.0645
0 0.7871342835708928 0.2385 0.05288822205551388 0.07