0 0.04426106526631658 0.3555 0.0345086271567892 0.061
0 0.061140285071267814 0.42 0.04126031507876969 0.057
0 0.08383345836459115 0.3905 0.04688672168042011 0.057
0 0.11196549137284321 0.362 0.036384096024006 0.053
0 0.1312828207051763 0.33975 0.04051012753188297 0.0645
0 0.12678169542385595 0.4085 0.03975993998499625 0.058
0 0.1207801950487622 0.46375 0.03975993998499625 0.0535
0 0.1656039009752438 0.362 0.04388597149287322 0.062
0 0.16260315078769694 0.4065 0.04988747186796699 0.054
0 0.23012003000750186 0.30075 0.04238559639909977 0.0645
0 0.16054013503375844 0.50625 0.03975993998499625 0.0475
0 0.21586646661665415 0.49275 0.041635408852213056 0.0485
0 0.20198799699924982 0.547 0.037134283570892726 0.061
0 0.23218304576144036 0.5875 0.04276069017254314 0.058
0 0.25731432858214554 0.61275 0.03675918979744936 0.0585
0 0.2623780945236309 0.665 0.038634658664666165 0.055
0 0.2471867966991748 0.55525 0.04426106526631658 0.0525
0 0.22524381095273818 0.438 0.04088522130532633 0.057
0 0.2586271567891973 0.465 0.046136534133533386 0.056
0 0.2760690172543136 0.40525 0.042010502625656414 0.0575
0 0.29013503375843963 0.351 0.046136534133533386 0.056
0 0.3150787696924231 0.30075 0.04801200300075019 0.0505
0 0.3420855213803451 0.27225 0.046511627906976744 0.0645
0 0.38728432108027006 0.246 0.04838709677419355 0.06
0 0.3554013503375844 0.337 0.04988747186796699 0.062
0 0.3983495873968492 0.312 0.046511627906976744 0.059
0 0.3640285071267817 0.40125 0.052138034508627154 0.0555
0 0.3246436609152288 0.4405 0.04388597149287322 0.06
0 0.3047636909227307 0.48575 0.041635408852213056 0.0485
0 0.2826331582895724 0.53 0.047636909227306824 0.053
0 0.2981995498874719 0.58475 0.04576144036009002 0.0545
0 0.31639159789947485 0.54525 0.046136534133533386 0.0575
0 0.2989497374343586 0.64 0.03975993998499625 0.053
0 0.322768192048012 0.67625 0.04388597149287322 0.0535
0 0.2931357839459865 0.71675 0.04088522130532633 0.0515
0 0.3448987246811703 0.62675 0.04088522130532633 0.0585
0 0.32895723930982745 0.74025 0.03975993998499625 0.0575
0 0.3756564141035259 0.76025 0.043135783945986494 0.0455
0 0.36196549137284323 0.703 0.03375843960990248 0.057
0 0.3925356339084771 0.69975 0.04088522130532633 0.0545
0 0.4139159789947487 0.74275 0.041635408852213056 0.0535
0 0.44223555888972244 0.71025 0.04126031507876969 0.0625
0 0.46811702925731435 0.756 0.046511627906976744 0.064
0 0.3799699924981245 0.61825 0.03825956489122281 0.0535
0 0.34227306826706677 0.503 0.046136534133533386 0.064
0 0.3677794448612153 0.5685 0.046136534133533386 0.056
0 0.3850337584396099 0.52425 0.04463615903975994 0.0495
0 0.4163540885221305 0.49725 0.04276069017254314 0.0605
0 0.42029257314328583 0.55825 0.04013503375843961 0.0615
0 0.413728432108027 0.592 0.042010502625656414 0.043
0 0.409039759939985 0.64125 0.043135783945986494 0.0585
0 0.4643660915228807 0.66275 0.04801200300075019 0.0555
0 0.48612153038259565 0.70325 0.042010502625656414 0.0575
0 0.5283195798949737 0.6915 0.038634658664666165 0.06
0 0.45067516879219804 0.5975 0.03938484621155289 0.059
0 0.48874718679669915 0.61475 0.03900975243810953 0.0575
0 0.354463615903976 0.461 0.04426106526631658 0.061
0 0.39891222805701426 0.4235 0.04538634658664666 0.064
0 0.4628657164291073 0.513 0.05101275318829707 0.063
0 0.4450487621905476 0.41925 0.046136534133533386 0.0685
0 0.4356714178544636 0.36225 0.04913728432108027 0.0625
0 0.4491747936984246 0.2965 0.050637659414853715 0.065
0 0.48012003000750186 0.25 0.04801200300075019 0.066
0 0.522880720180045 0.28975 0.04801200300075019 0.0605
0 0.49099774943735935 0.35125 0.04876219054763691 0.0665
0 0.49793698424606153 0.4115 0.046136534133533386 0.061
0 0.48893473368342083 0.48 0.03938484621155289 0.059
0 0.5056264066016504 0.5505 0.04876219054763691 0.048
0 0.5361965491372843 0.613 0.04388597149287322 0.058
0 0.5607651912978244 0.648 0.0450112528132033 0.061
0 0.5598274568642161 0.72 0.041635408852213056 0.054
0 0.5890847711927982 0.699 0.04688672168042011 0.052
0 0.6106526631657915 0.74425 0.04426106526631658 0.0605
0 0.5328207051762941 0.51125 0.04688672168042011 0.0585
0 0.531695423855964 0.45725 0.04463615903975994 0.0565
0 0.541072768192048 0.39425 0.04913728432108027 0.0685
0 0.5588897224306076 0.33675 0.04801200300075019 0.0585
0 0.572205551387847 0.25475 0.052138034508627154 0.0545
0 0.6142160540135033 0.33175 0.052138034508627154 0.0645
0 0.6571642910727682 0.32275 0.04876219054763691 0.0685
0 0.5894598649662416 0.386 0.046136534133533386 0.066
0 0.5767066766691673 0.45575 0.041635408852213056 0.0595
0 0.6532258064516129 0.389 0.04913728432108027 0.063
0 0.6280945236309077 0.43525 0.047636909227306824 0.0615
0 0.5765191297824456 0.51 0.046511627906976744 0.055
0 0.5588897224306076 0.562 0.04051012753188297 0.059
0 0.5978994748687172 0.56225 0.04801200300075019 0.0625
0 0.5896474118529632 0.6155 0.04801200300075019 0.059
0 0.6316579144786196 0.672 0.047261815453863466 0.06
0 0.6566016504126031 0.72 0.047636909227306824 0.061
0 0.6219054763690923 0.491 0.047261815453863466 0.063
0 0.6393473368342085 0.54475 0.050637659414853715 0.0585
0 0.6498499624906227 0.59725 0.04463615903975994 0.0545
0 0.6753563390847712 0.6735 0.04238559639909977 0.06
0 0.7003000750187547 0.71725 0.0450112528132033 0.0585
0 0.7269317329332333 0.67325 0.04951237809452363 0.0555
0 0.7096774193548387 0.62875 0.042010502625656414 0.0645
0 0.686046511627907 0.567 0.0450112528132033 0.062
0 0.668979744936234 0.4965 0.04238559639909977 0.065
0 0.6841710427606902 0.43375 0.05251312828207052 0.0555
0 0.7190547636909227 0.32275 0.04801200300075019 0.0735
0 0.7528132033008252 0.3865 0.05476369092273068 0.062
0 0.7402475618904726 0.44675 0.056639159789947484 0.0665
0 0.713053263315829 0.50025 0.04576144036009002 0.0645
0 0.7325581395348837 0.55875 0.047261815453863466 0.0695
0 0.7550637659414854 0.61425 0.05326331582895724 0.0625
0 0.7852588147036759 0.69825 0.05138784696174044 0.0585
0 0.8270817704426107 0.63725 0.04951237809452363 0.0635
0 0.7946361590397599 0.57975 0.052138034508627154 0.0625
0 0.7642535633908477 0.511 0.05138784696174044 0.061
0 0.7966991747936985 0.4605 0.046511627906976744 0.073
0 0.8199549887471868 0.52075 0.047261815453863466 0.0665
0 0.8629032258064516 0.5815 0.04688672168042011 0.064
0 0.8317704426106527 0.407 0.05738934733683421 0.061
0 0.8542760690172543 0.473 0.05438859714928732 0.063
0 0.8985371342835708 0.52375 0.05288822205551388 0.0685
0 0.9259189797449362 0.47375 0.061890472618154536 0.0575
0 0.8816579144786196 0.40075 0.05813953488372093 0.0585
0 0.8529632408102026 0.3275 0.05701425356339085 0.06