0 0.1359714928732183 0.68925 0.10990247561890473 0.1165
0 0.16054013503375844 0.58375 0.1177794448612153 0.1145
0 0.222993248312078 0.7615 0.0986496624156039 0.127
0 0.31639159789947485 0.81325 0.10390097524381095 0.1125
0 0.413728432108027 0.82975 0.08927231807951988 0.1045
0 0.5060015003750937 0.872 0.09827456864216054 0.123
0 0.5954613653413353 0.87675 0.08664666166541636 0.1055
0 0.2710052513128282 0.54 0.10315078769692423 0.124
0 0.2803825956489122 0.391 0.0986496624156039 0.118
0 0.34621155288822203 0.30525 0.0967741935483871 0.1325
0 0.4377344336084021 0.27975 0.09827456864216054 0.1435
0 0.427231807951988 0.41275 0.09752438109527382 0.1235
0 0.37715678919729934 0.54625 0.10615153788447111 0.1405
0 0.29163540885221306 0.64425 0.09789947486871718 0.1195
0 0.3927231807951988 0.67525 0.09227306826706677 0.1265
0 0.47561890472618157 0.7155 0.0967741935483871 0.118
0 0.4544261065266317 0.589 0.0918979744936234 0.131
0 0.558702175543886 0.629 0.08739684921230308 0.121
0 0.5620780195048762 0.73375 0.08664666166541636 0.1065
0 0.6710427606901725 0.75625 0.0967741935483871 0.1205
0 0.668417104276069 0.8235 0.08702175543885972 0.084
0 0.7560015003750937 0.86675 0.09114778694673668 0.1045
0 0.8355213803450863 0.83225 0.08739684921230308 0.0975
0 0.7415603900975244 0.74325 0.07351837959489872 0.1035
0 0.8192048012003 0.70575 0.08627156789197299 0.1165
0 0.9064141035258815 0.7485 0.08214553638409602 0.114
0 0.6513503375843961 0.61275 0.09639909977494374 0.1065
0 0.7250562640660165 0.65275 0.08777194298574643 0.0945
0 0.7861965491372843 0.58825 0.07051762940735183 0.1105
0 0.8769692423105776 0.62175 0.08027006751687922 0.1105
0 0.6701050262565641 0.50425 0.08964741185296324 0.1155
0 0.7346211552888222 0.51475 0.059639909977494375 0.1175
0 0.8593398349587397 0.504 0.08027006751687922 0.113
0 0.707801950487622 0.39375 0.08252063015753938 0.1075
0 0.7766316579144786 0.40025 0.06939234808702176 0.1235
0 0.5952738184546137 0.41775 0.09452363090772693 0.1145
0 0.5076894223555889 0.48325 0.09564891222805702 0.1215
0 0.5030007501875469 0.34325 0.08627156789197299 0.1265
0 0.4291072768192048 0.14425 0.09602400600150038 0.1285
0 0.527569392348087 0.21375 0.10690172543135784 0.1425
0 0.6063390847711928 0.2895 0.10090022505626407 0.131
0 0.6521005251312828 0.1805 0.08289572393098274 0.131
0 0.722993248312078 0.11275 0.08739684921230308 0.1265
0 0.7201800450112528 0.27375 0.09602400600150038 0.1255
0 0.8137659414853713 0.26 0.09114778694673668 0.13