0 0.12584396099024756 0.37025 0.09039759939984997 0.1005
0 0.14816204051012752 0.45425 0.06601650412603151 0.0845
0 0.18623405851462865 0.497 0.055138784696174045 0.076
0 0.1991747936984246 0.58775 0.05776444111027757 0.0675
0 0.21942985746436608 0.63925 0.05701425356339085 0.0665
0 0.23930982745686422 0.5355 0.0555138784696174 0.069
0 0.26106526631657917 0.59075 0.04051012753188297 0.0685
0 0.21586646661665415 0.413 0.06264066016504126 0.075
0 0.25900225056264065 0.46525 0.059639909977494375 0.0735
0 0.3057014253563391 0.462 0.04876219054763691 0.076
0 0.32614403600900227 0.51525 0.05138784696174044 0.0605
0 0.3032633158289572 0.383 0.05813953488372093 0.07
0 0.23668417104276068 0.35225 0.06601650412603151 0.0805
0 0.18904726181545387 0.2725 0.09602400600150038 0.098
0 0.32295573893473367 0.21175 0.06676669167291822 0.0815
0 0.3687171792948237 0.1755 0.06976744186046512 0.089
0 0.4551762940735184 0.163 0.061140285071267814 0.093
0 0.42291822955738934 0.23825 0.0641410352588147 0.0895
0 0.4789947486871718 0.251 0.0622655663915979 0.086
0 0.44561140285071266 0.308 0.058514628657164294 0.065
0 0.3533383345836459 0.281 0.060765191297824456 0.088
0 0.37284321080270066 0.34775 0.06151537884471118 0.0625
0 0.32051762940735185 0.31325 0.04538634658664666 0.0795
0 0.3606526631657914 0.40525 0.0536384096024006 0.0685
0 0.36834208552138037 0.46875 0.047261815453863466 0.0745
0 0.43698424606151537 0.37625 0.056264066016504126 0.0665
0 0.423105776444111 0.436 0.05701425356339085 0.065
0 0.4157914478619655 0.51675 0.05888972243060765 0.0725
0 0.463615903975994 0.50775 0.04951237809452363 0.0665
0 0.4924981245311328 0.45475 0.060765191297824456 0.0665
0 0.4908102025506377 0.3985 0.05888972243060765 0.072
0 0.5463240810202551 0.398 0.05438859714928732 0.061
0 0.5176294073518379 0.31325 0.05401350337584396 0.0735
0 0.5523255813953488 0.2565 0.055138784696174045 0.075
0 0.5498874718679669 0.1755 0.07051762940735183 0.092
0 0.6014628657164292 0.15325 0.05438859714928732 0.0835
0 0.6174043510877719 0.23875 0.06451612903225806 0.0835
0 0.6661665416354089 0.2545 0.05326331582895724 0.076
0 0.6817329332333083 0.325 0.055138784696174045 0.07
0 0.6843585896474118 0.38825 0.04988747186796699 0.0665
0 0.5948987246811703 0.37025 0.058514628657164294 0.0855
0 0.6292198049512379 0.421 0.05138784696174044 0.069
0 0.6629782445611403 0.4685 0.050637659414853715 0.077
0 0.5804576144036009 0.459 0.05738934733683421 0.075
0 0.6166541635408852 0.4915 0.051762940735183796 0.072
0 0.5414478619654913 0.504 0.046136534133533386 0.066
0 0.5965866466616654 0.55425 0.0536384096024006 0.0605
0 0.6039009752438109 0.60425 0.046511627906976744 0.0595
0 0.6170292573143286 0.647 0.03975993998499625 0.046
0 0.5513878469617405 0.64675 0.04426106526631658 0.0605
0 0.5393848462115529 0.56675 0.05251312828207052 0.0665
0 0.5045011252813203 0.6055 0.04801200300075019 0.07
0 0.45480120030007504 0.57175 0.055138784696174045 0.0665
0 0.40397599399849965 0.5735 0.051762940735183796 0.065
0 0.3516504126031508 0.56475 0.05138784696174044 0.0625
0 0.31451612903225806 0.63075 0.04988747186796699 0.0665
0 0.2651912978244561 0.66175 0.05251312828207052 0.0665
0 0.26800450112528135 0.7205 0.05438859714928732 0.063
0 0.30963990997749435 0.7155 0.050637659414853715 0.07
0 0.33083270817704424 0.7495 0.04801200300075019 0.046
0 0.36834208552138037 0.71025 0.05026256564141035 0.0685
0 0.3690922730682671 0.6335 0.056264066016504126 0.065
0 0.4180420105026257 0.6795 0.05438859714928732 0.07
0 0.43698424606151537 0.626 0.04876219054763691 0.064
0 0.4553638409602401 0.702 0.04126031507876969 0.063
0 0.48237059264816207 0.70475 0.051762940735183796 0.0645
0 0.5172543135783946 0.712 0.033008252063015754 0.059
0 0.6541635408852213 0.70375 0.04576144036009002 0.0565
0 0.6937359339834959 0.678 0.04688672168042011 0.054
0 0.6974868717179294 0.621 0.04463615903975994 0.065
0 0.687171792948237 0.54575 0.05026256564141035 0.0695
0 0.7181170292573144 0.55775 0.041635408852213056 0.0515
0 0.7303075768942235 0.628 0.0450112528132033 0.057
0 0.7366841710427607 0.7235 0.05251312828207052 0.058
0 0.7929482370592649 0.7215 0.051762940735183796 0.062
0 0.8390847711927982 0.6955 0.05026256564141035 0.053
0 0.9127906976744186 0.69125 0.052138034508627154 0.0835
0 0.9079144786196549 0.7765 0.0603900975243811 0.064
0 0.7972618154538634 0.6245 0.04988747186796699 0.062
0 0.81807951987997 0.57125 0.05476369092273068 0.0645
0 0.8623405851462865 0.533 0.04576144036009002 0.075
0 0.7543135783945987 0.5275 0.051762940735183796 0.069
0 0.719429857464366 0.451 0.04951237809452363 0.066
0 0.7573143285821455 0.39675 0.04951237809452363 0.0625
0 0.7781320330082521 0.331 0.0536384096024006 0.078
0 0.8190172543135784 0.399 0.0536384096024006 0.069
0 0.8677794448612153 0.372 0.056639159789947484 0.065
0 0.8375843960990248 0.27475 0.06376594148537135 0.0755
0 0.7233683420855214 0.24125 0.05738934733683421 0.0805
0 0.6755438859714928 0.17625 0.05701425356339085 0.0695
0 0.740060015003751 0.15875 0.05926481620405101 0.0805
0 0.7016129032258065 0.1005 0.04988747186796699 0.08
0 0.8107651912978244 0.115 0.07164291072768192 0.082