0 0.1389722430607652 0.42375 0.02663165791447862 0.0365
0 0.17648162040510126 0.398 0.028882220555138786 0.037
0 0.20461365341335333 0.38925 0.025881470367591898 0.0355
0 0.2243060765191298 0.35675 0.028507126781695424 0.0405
0 0.21999249812453114 0.41875 0.028132033008252063 0.0385
0 0.2231807951987997 0.4615 0.028507126781695424 0.039
0 0.19579894973743436 0.51025 0.024756189047261814 0.0315
0 0.21136534133533383 0.54125 0.025131282820705175 0.0385
0 0.23705926481620404 0.49775 0.02175543885971493 0.0315
0 0.25375093773443363 0.486 0.025131282820705175 0.037
0 0.2539384846211553 0.447 0.02700675168792198 0.036
0 0.24981245311327832 0.40075 0.025506376594148537 0.0375
0 0.272880720180045 0.412 0.025881470367591898 0.038
0 0.2601275318829707 0.35025 0.029632408102025505 0.0345
0 0.2441860465116279 0.31275 0.02700675168792198 0.0395
0 0.24249812453113279 0.26575 0.028882220555138786 0.0425
0 0.268192048012003 0.5515 0.024756189047261814 0.033
0 0.2711927981995499 0.51925 0.02700675168792198 0.0285
0 0.28169542385596397 0.5025 0.03150787696924231 0.036
0 0.3015753938484621 0.5325 0.025506376594148537 0.028
0 0.3235183795948987 0.53075 0.025881470367591898 0.0365
0 0.28488372093023256 0.56875 0.028882220555138786 0.0345
0 0.31939234808702177 0.607 0.024381095273818456 0.036
0 0.3420855213803451 0.5705 0.024756189047261814 0.034
0 0.3647786946736684 0.54425 0.029632408102025505 0.0325
0 0.3507126781695424 0.49525 0.023255813953488372 0.0365
0 0.3184546136534134 0.4895 0.02625656414103526 0.036
0 0.35690172543135784 0.631 0.025131282820705175 0.04
0 0.36609152288072017 0.59075 0.0277569392348087 0.0385
0 0.2931357839459865 0.4585 0.024381095273818456 0.038
0 0.32989497374343585 0.45325 0.029632408102025505 0.0345
0 0.3524006001500375 0.423 0.029632408102025505 0.034
0 0.3036384096024006 0.423 0.03113278319579895 0.04
0 0.32145536384096024 0.38975 0.03150787696924231 0.0335
0 0.2914478619654914 0.377 0.029257314328582147 0.036
0 0.30626406601650413 0.34325 0.025881470367591898 0.0375
0 0.33477119279819956 0.35725 0.029632408102025505 0.0355
0 0.345648912228057 0.3195 0.02663165791447862 0.034
0 0.28075768942235557 0.30325 0.028132033008252063 0.0405
0 0.3218304576144036 0.2945 0.02625656414103526 0.04
0 0.28863465866466614 0.26325 0.032633158289572396 0.0345
0 0.32145536384096024 0.24625 0.029257314328582147 0.0365
0 0.2938859714928732 0.23375 0.025131282820705175 0.0235
0 0.3150787696924231 0.211 0.029257314328582147 0.029
0 0.3488372093023256 0.21675 0.02700675168792198 0.0435
0 0.3574643660915229 0.28225 0.0277569392348087 0.0395
0 0.37284321080270066 0.249 0.03150787696924231 0.039
0 0.3900975243810953 0.22 0.02625656414103526 0.037
0 0.3917854463615904 0.175 0.032633158289572396 0.038
0 0.43942235558889725 0.17925 0.023630907726931733 0.0395
0 0.4195423855963991 0.21075 0.029632408102025505 0.0455
0 0.43342085521380347 0.255 0.028882220555138786 0.042
0 0.4187921980495124 0.292 0.028882220555138786 0.043
0 0.38653413353338334 0.2955 0.03188297074268567 0.038
0 0.3970367591897975 0.34575 0.032633158289572396 0.0435
0 0.3810952738184546 0.363 0.02250562640660165 0.035
0 0.3630907726931733 0.39075 0.028507126781695424 0.0345
0 0.38053263315828956 0.47875 0.03188297074268567 0.0385
0 0.39066016504126033 0.525 0.028132033008252063 0.037
0 0.39647411852963244 0.57075 0.028507126781695424 0.0415
0 0.39234808702175544 0.61325 0.029257314328582147 0.0375
0 0.3824081020255064 0.6625 0.028132033008252063 0.035
0 0.36459114778694673 0.6825 0.03225806451612903 0.03
0 0.38484621155288823 0.706 0.024006001500375095 0.03
0 0.40772693173293323 0.7625 0.029257314328582147 0.033
0 0.4214178544636159 0.7205 0.028132033008252063 0.032
0 0.40960240060015 0.68875 0.030007501875468866 0.0315
0 0.4482370592648162 0.688 0.024006001500375095 0.03
0 0.4482370592648162 0.65975 0.029257314328582147 0.0345
0 0.41616654163540884 0.64125 0.02663165791447862 0.0385
0 0.44879969992498125 0.62225 0.028132033008252063 0.0385
0 0.45311327831957987 0.58675 0.025506376594148537 0.0375
0 0.42385596399099773 0.57675 0.02625656414103526 0.0365
0 0.4189797449362341 0.53925 0.029257314328582147 0.0385
0 0.445986496624156 0.54625 0.028507126781695424 0.0365
0 0.4409227306826707 0.51025 0.028882220555138786 0.0345
0 0.4120405101275319 0.49425 0.02663165791447862 0.0365
0 0.3962865716429107 0.45375 0.03113278319579895 0.0405
0 0.42704426106526633 0.46775 0.028882220555138786 0.0385
0 0.39572393098274566 0.4135 0.03075768942235559 0.037
0 0.42385596399099773 0.42525 0.02625656414103526 0.0395
0 0.4154163540885221 0.38275 0.025881470367591898 0.0385
0 0.43623405851462865 0.34425 0.029257314328582147 0.0365
0 0.4461740435108777 0.30525 0.02663165791447862 0.0405
0 0.4521755438859715 0.402 0.02738184546136534 0.043
0 0.4671792948237059 0.1765 0.030382595648912228 0.037
0 0.4679294823705927 0.2175 0.028882220555138786 0.042
0 0.5180045011252813 0.199 0.02625656414103526 0.039
0 0.5022505626406601 0.231 0.03150787696924231 0.044
0 0.5174418604651163 0.26975 0.028882220555138786 0.0405
0 0.48799699924981244 0.2745 0.028507126781695424 0.039
0 0.47261815453863465 0.3125 0.028507126781695424 0.04
0 0.4686796699174794 0.359 0.02663165791447862 0.04
0 0.49699924981245314 0.3515 0.02625656414103526 0.037
0 0.5106901725431358 0.3155 0.029632408102025505 0.04
0 0.4872468117029257 0.39025 0.02700675168792198 0.0375
0 0.521755438859715 0.38 0.03150787696924231 0.038
0 0.48012003000750186 0.4305 0.02625656414103526 0.036
0 0.5114403600900225 0.42525 0.030382595648912228 0.0415
0 0.5361965491372843 0.411 0.028132033008252063 0.04
0 0.47074268567141786 0.478 0.033008252063015754 0.043
0 0.4960615153788447 0.49575 0.028132033008252063 0.0395
0 0.5148162040510128 0.46675 0.028882220555138786 0.0365
0 0.47243060765191297 0.52775 0.028132033008252063 0.0405
0 0.5048762190547637 0.5435 0.029257314328582147 0.038
0 0.5241935483870968 0.5175 0.029632408102025505 0.039
0 0.5328207051762941 0.5575 0.02663165791447862 0.039
0 0.48237059264816207 0.56525 0.028507126781695424 0.0345
0 0.5075018754688673 0.58525 0.029257314328582147 0.0365
0 0.5354463615903976 0.59525 0.028132033008252063 0.0345
0 0.48199549887471865 0.61775 0.028507126781695424 0.0375
0 0.5144411102775694 0.6235 0.028882220555138786 0.038
0 0.47861965491372843 0.654 0.028507126781695424 0.033
0 0.5185671417854464 0.655 0.028882220555138786 0.035
0 0.472993248312078 0.6835 0.024756189047261814 0.031
0 0.5018754688672168 0.6895 0.02700675168792198 0.033
0 0.45630157539384847 0.734 0.02738184546136534 0.038
0 0.48799699924981244 0.728 0.0277569392348087 0.036
0 0.4339834958739685 0.78925 0.029257314328582147 0.0405
0 0.4611777944486122 0.789 0.02663165791447862 0.033
0 0.5163165791447862 0.72775 0.02288072018004501 0.0305
0 0.5262565641410353 0.7095 0.02700675168792198 0.035
0 0.4973743435858965 0.754 0.028507126781695424 0.022
0 0.5472618154538634 0.7265 0.023255813953488372 0.033
0 0.5476369092273068 0.6785 0.024756189047261814 0.027
0 0.5759564891222806 0.735 0.029632408102025505 0.031
0 0.5740810202550638 0.70425 0.03188297074268567 0.0345
0 0.568642160540135 0.65325 0.02625656414103526 0.0355
0 0.5660165041260315 0.6185 0.03225806451612903 0.031
0 0.5412603150787697 0.62375 0.024006001500375095 0.0255
0 0.5783945986496624 0.571 0.02700675168792198 0.036
0 0.5603900975243811 0.54225 0.03150787696924231 0.0335
0 0.5932108027006752 0.53875 0.02738184546136534 0.0375
0 0.5759564891222806 0.512 0.029632408102025505 0.035
0 0.5470742685671418 0.497 0.028882220555138786 0.033
0 0.5438859714928732 0.46225 0.028507126781695424 0.0395
0 0.5729557389347337 0.47175 0.02738184546136534 0.0345
0 0.5941485371342836 0.44525 0.028507126781695424 0.0365
0 0.5667666916729183 0.423 0.028507126781695424 0.038
0 0.5918979744936234 0.406 0.028507126781695424 0.035
0 0.5630157539384846 0.3835 0.030007501875468866 0.034
0 0.5746436609152288 0.34975 0.028507126781695424 0.0385
0 0.5365716429107277 0.33875 0.02738184546136534 0.0405
0 0.5450112528132033 0.29075 0.030007501875468866 0.0405
0 0.5568267066766691 0.26 0.028882220555138786 0.038
0 0.5450112528132033 0.20725 0.028507126781695424 0.0395
0 0.6102775693923481 0.23775 0.028507126781695424 0.0335
0 0.5903975993998499 0.27075 0.02700675168792198 0.0405
0 0.5797074268567142 0.30875 0.03113278319579895 0.0385
0 0.608027006751688 0.31825 0.028507126781695424 0.0405
0 0.6027756939234808 0.3565 0.03075768942235559 0.038
0 0.6213428357089272 0.38975 0.032633158289572396 0.0375
0 0.6346586646661665 0.41775 0.030007501875468866 0.0405
0 0.6213428357089272 0.459 0.025881470367591898 0.039
0 0.6035258814703676 0.48575 0.029257314328582147 0.0365
0 0.621530382595649 0.514 0.02700675168792198 0.035
0 0.6230307576894224 0.5575 0.029257314328582147 0.04
0 0.595648912228057 0.63625 0.0277569392348087 0.0395
0 0.6209677419354839 0.63325 0.025131282820705175 0.0385
0 0.6181545386346586 0.70975 0.025506376594148537 0.0375
0 0.6241560390097525 0.758 0.02700675168792198 0.036
0 0.6532258064516129 0.76675 0.02663165791447862 0.0385
0 0.6800450112528132 0.75875 0.025506376594148537 0.0395
0 0.7049887471867967 0.758 0.02288072018004501 0.033
0 0.7263690922730682 0.73825 0.02738184546136534 0.0375
0 0.7531882970742686 0.75475 0.029257314328582147 0.0235
0 0.7475618904726181 0.7195 0.02700675168792198 0.036
0 0.7755063765941486 0.7005 0.028882220555138786 0.037
0 0.7961365341335334 0.7035 0.02213053263315829 0.035
0 0.6616654163540885 0.7195 0.02700675168792198 0.039
0 0.690735183795949 0.71825 0.028882220555138786 0.0365
0 0.6460990247561891 0.69275 0.03113278319579895 0.0405
0 0.70423855963991 0.67875 0.02663165791447862 0.0395
0 0.7391222805701425 0.688 0.030382595648912228 0.039
0 0.7612528132033008 0.659 0.029632408102025505 0.032
0 0.7876969242310577 0.66125 0.024006001500375095 0.0345
0 0.6472243060765192 0.6405 0.02738184546136534 0.035
0 0.6732933233308327 0.65725 0.028507126781695424 0.0335
0 0.6506001500375094 0.60475 0.02738184546136534 0.0375
0 0.6744186046511628 0.61725 0.0277569392348087 0.0385
0 0.7205551387846961 0.64275 0.0277569392348087 0.0365
0 0.7501875468867217 0.623 0.028507126781695424 0.038
0 0.7801950487621906 0.62875 0.028507126781695424 0.0355
0 0.7233683420855214 0.5995 0.03188297074268567 0.036
0 0.686046511627907 0.58575 0.028507126781695424 0.0375
0 0.6524756189047262 0.56475 0.032633158289572396 0.0335
0 0.6989872468117029 0.548 0.030382595648912228 0.039
0 0.7301200300075019 0.55175 0.029632408102025505 0.0395
0 0.7856339084771192 0.59175 0.029632408102025505 0.0375
0 0.8062640660165041 0.5705 0.029632408102025505 0.037
0 0.7650037509377344 0.55525 0.028882220555138786 0.0335
0 0.7792573143285821 0.53075 0.028132033008252063 0.0355
0 0.7824456114028507 0.4955 0.0345086271567892 0.032
0 0.7833833458364591 0.4565 0.02288072018004501 0.039
0 0.6556639159789948 0.53375 0.035258814703675916 0.0375
0 0.6787321830457614 0.51875 0.02738184546136534 0.0375
0 0.7139909977494373 0.51425 0.028882220555138786 0.0355
0 0.7363090772693174 0.4935 0.02700675168792198 0.038
0 0.7578769692423106 0.4605 0.028132033008252063 0.037
0 0.6489122280570142 0.48525 0.028507126781695424 0.0355
0 0.6779819954988747 0.4825 0.028882220555138786 0.036
0 0.7027381845461366 0.47925 0.028882220555138786 0.0345
0 0.6596024006001501 0.44675 0.028132033008252063 0.0395
0 0.6965491372843211 0.4495 0.03075768942235559 0.038
0 0.7483120780195048 0.42025 0.03225806451612903 0.0395
0 0.6650412603150788 0.4045 0.03075768942235559 0.04
0 0.6948612153038259 0.41025 0.03188297074268567 0.0345
0 0.7575018754688673 0.38775 0.029632408102025505 0.0325
0 0.7443735933983496 0.36575 0.029632408102025505 0.0375
0 0.6564141035258815 0.37325 0.03375843960990248 0.0395
0 0.6972993248312078 0.367 0.029257314328582147 0.042
0 0.7466241560390098 0.32875 0.028882220555138786 0.0355
0 0.7156789197299325 0.3315 0.03075768942235559 0.037
0 0.6380345086271568 0.33775 0.03150787696924231 0.0375
0 0.6746061515378845 0.32825 0.028882220555138786 0.0415
0 0.6490997749437359 0.298 0.029632408102025505 0.038
0 0.6237809452363091 0.27875 0.033008252063015754 0.0385
0 0.6971117779444861 0.2895 0.03113278319579895 0.041
0 0.7509377344336085 0.284 0.030007501875468866 0.04
0 0.667291822955739 0.26125 0.024756189047261814 0.0395
0 0.6453488372093024 0.2335 0.030382595648912228 0.042
0 0.6914853713428357 0.23 0.025881470367591898 0.04
0 0.7222430607651913 0.25525 0.032633158289572396 0.0455