0 0.14103525881470366 0.2775 0.08852213053263316 0.114
0 0.12115528882220555 0.42925 0.08327081770442611 0.1265
0 0.22280570142535633 0.26625 0.08852213053263316 0.0995
0 0.19204801200300076 0.36425 0.08552138034508627 0.1175
0 0.19598649662415604 0.50375 0.08214553638409602 0.1005
0 0.17010502625656415 0.56375 0.08064516129032258 0.1045
0 0.3072018004501125 0.246 0.09077269317329333 0.112
0 0.2785071267816954 0.341 0.09339834958739685 0.107
0 0.26406601650412603 0.43775 0.0900225056264066 0.1055
0 0.2595648912228057 0.55975 0.072768192048012 0.0935
0 0.37715678919729934 0.3235 0.07989497374343586 0.111
0 0.3524006001500375 0.43325 0.07614403600900226 0.1145
0 0.3283945986496624 0.5185 0.06264066016504126 0.091
0 0.2955738934733683 0.643 0.07726931732933233 0.091
0 0.2923855963990998 0.71525 0.0641410352588147 0.0795
0 0.27738184546136535 0.8135 0.07014253563390847 0.095
0 0.4696174043510878 0.25325 0.08102025506376594 0.1025
0 0.43060765191297823 0.38475 0.08027006751687922 0.1125
0 0.4051012753188297 0.4935 0.07426856714178545 0.105
0 0.3600900225056264 0.6105 0.058514628657164294 0.095
0 0.3448987246811703 0.7315 0.07989497374343586 0.098
0 0.36177794448612155 0.802 0.07614403600900226 0.092
0 0.32726931732933234 0.87225 0.07764441110277569 0.0945
0 0.38653413353338334 0.8405 0.06489122280570142 0.079
0 0.4292948237059265 0.7755 0.06489122280570142 0.046
0 0.4289197299324831 0.724 0.07539384846211553 0.081
0 0.42854463615903976 0.64125 0.07689422355588897 0.0905
0 0.4587396849212303 0.53375 0.07051762940735183 0.0915
0 0.5018754688672168 0.43975 0.07201800450112528 0.0955
0 0.49568642160540133 0.3545 0.07464366091522881 0.101
0 0.5695798949737434 0.31625 0.07614403600900226 0.0925
0 0.6106526631657915 0.373 0.07051762940735183 0.073
0 0.5714553638409603 0.45325 0.06939234808702176 0.0965
0 0.5320705176294074 0.529 0.061890472618154536 0.095
0 0.5026256564141035 0.63575 0.07201800450112528 0.0975
0 0.4988747186796699 0.74275 0.06976744186046512 0.0825
0 0.47093023255813954 0.84175 0.06489122280570142 0.0825
0 0.5393848462115529 0.861 0.0622655663915979 0.094
0 0.5495123780945236 0.7755 0.0690172543135784 0.076
0 0.5560765191297824 0.7005 0.06789197299324831 0.096
0 0.5755813953488372 0.61175 0.0671417854463616 0.0965
0 0.6198424606151538 0.5415 0.06639159789947487 0.092
0 0.6429107276819205 0.4775 0.06751687921980495 0.092
0 0.6783570892723181 0.3295 0.06864216054013503 0.096
0 0.7169917479369843 0.40975 0.06564141035258815 0.0935
0 0.722430607651913 0.49225 0.06976744186046512 0.0935
0 0.6948612153038259 0.601 0.07239309827456865 0.096
0 0.6290322580645161 0.64875 0.06151537884471118 0.0975
0 0.6177794448612153 0.738 0.06751687921980495 0.08
0 0.5941485371342836 0.7995 0.06001500375093773 0.063
0 0.6620405101275318 0.85425 0.0690172543135784 0.0765
0 0.6751687921980495 0.76275 0.05926481620405101 0.0755
0 0.6881095273818455 0.69475 0.06564141035258815 0.0955
0 0.7710052513128282 0.44425 0.05888972243060765 0.1015
0 0.7758814703675919 0.5365 0.06639159789947487 0.088
0 0.7548762190547637 0.63075 0.061140285071267814 0.1025
0 0.7533758439609902 0.7135 0.06639159789947487 0.079
0 0.7299324831207802 0.80425 0.06676669167291822 0.0865
0 0.8231432858214554 0.651 0.06789197299324831 0.104
0 0.8165791447861965 0.714 0.06826706676669167 0.078
0 0.7931357839459865 0.81625 0.0671417854463616 0.0805
0 0.7876969242310577 0.89675 0.06151537884471118 0.0745