0 0.10146286571642911 0.53975 0.043135783945986494 0.0575
0 0.14084771192798198 0.49825 0.047636909227306824 0.0735
0 0.15360090022505626 0.568 0.05138784696174044 0.069
0 0.15172543135783945 0.6355 0.05738934733683421 0.059
0 0.19504876219054765 0.68325 0.04426106526631658 0.0555
0 0.23893473368342086 0.677 0.05251312828207052 0.063
0 0.1946736684171043 0.598 0.05251312828207052 0.059
0 0.23687171792948236 0.615 0.04688672168042011 0.071
0 0.2923855963990998 0.65675 0.052138034508627154 0.0625
0 0.3117029257314329 0.61175 0.0450112528132033 0.0645
0 0.34264816204051013 0.66825 0.04538634658664666 0.0695
0 0.3835333833458365 0.66175 0.05138784696174044 0.0695
0 0.440735183795949 0.6675 0.056264066016504126 0.069
0 0.39216054013503376 0.596 0.056639159789947484 0.068
0 0.32389347336834207 0.548 0.0536384096024006 0.07
0 0.2845086271567892 0.5095 0.056639159789947484 0.064
0 0.2785071267816954 0.55825 0.05138784696174044 0.0525
0 0.22693173293323332 0.51825 0.05326331582895724 0.0675
0 0.19504876219054765 0.53175 0.05251312828207052 0.0685
0 0.20648912228057015 0.46125 0.046136534133533386 0.0655
0 0.2376219054763691 0.44675 0.05738934733683421 0.0685
0 0.2946361590397599 0.43175 0.0603900975243811 0.0775
0 0.1821080270067517 0.3875 0.04913728432108027 0.067
0 0.13878469617404351 0.41625 0.046511627906976744 0.0565
0 0.18567141785446362 0.32375 0.05401350337584396 0.0675
0 0.2355588897224306 0.3535 0.0555138784696174 0.066
0 0.2873218304576144 0.3625 0.05776444111027757 0.067
0 0.2535633908477119 0.29075 0.058514628657164294 0.0715
0 0.1933608402100525 0.267 0.05888972243060765 0.072
0 0.16204051012753187 0.2415 0.04576144036009002 0.068
0 0.19523630907726933 0.1915 0.04838709677419355 0.072
0 0.23143285821455364 0.21325 0.060765191297824456 0.0685
0 0.23218304576144036 0.12425 0.06526631657914479 0.0705
0 0.2989497374343586 0.1915 0.05401350337584396 0.063
0 0.32033008252063017 0.27625 0.05251312828207052 0.0775
0 0.3666541635408852 0.30775 0.05738934733683421 0.0755
0 0.3512753188297074 0.37175 0.05588897224306077 0.0805
0 0.390847711927982 0.42225 0.058514628657164294 0.0755
0 0.4322955738934734 0.41375 0.056639159789947484 0.0805
0 0.44711177794448614 0.481 0.056264066016504126 0.066
0 0.3400225056264066 0.4835 0.05288822205551388 0.078
0 0.3944111027756939 0.5065 0.055138784696174045 0.074
0 0.44579894973743434 0.546 0.04838709677419355 0.078
0 0.4780570142535634 0.61375 0.050637659414853715 0.0725
0 0.52231807951988 0.57075 0.04988747186796699 0.0795
0 0.5090022505626407 0.49675 0.05701425356339085 0.0695
0 0.4923105776444111 0.43 0.05738934733683421 0.085
0 0.4769317329332333 0.34525 0.0603900975243811 0.0705
0 0.4204801200300075 0.3305 0.05101275318829707 0.079
0 0.3765941485371343 0.2545 0.06301575393848462 0.101
0 0.35015003750937734 0.21225 0.05588897224306077 0.0825
0 0.3447111777944486 0.12625 0.05701425356339085 0.0785
0 0.3915978994748687 0.07075 0.060765191297824456 0.0825
0 0.44711177794448614 0.1065 0.0622655663915979 0.082
0 0.4021005251312828 0.15775 0.04876219054763691 0.0865
0 0.44898724681170293 0.19 0.06301575393848462 0.085
0 0.4638034508627157 0.26675 0.06339084771192798 0.0765
0 0.5165041260315079 0.2195 0.060765191297824456 0.095
0 0.5166916729182296 0.11625 0.06489122280570142 0.0885
0 0.5851462865716429 0.09475 0.06751687921980495 0.0785
0 0.5637659414853713 0.165 0.0622655663915979 0.083
0 0.6370967741935484 0.164 0.0671417854463616 0.103
0 0.5943360840210052 0.246 0.06339084771192798 0.083
0 0.5617029257314329 0.3165 0.0641410352588147 0.082
0 0.6470367591897974 0.297 0.05776444111027757 0.088
0 0.7018004501125281 0.23275 0.05701425356339085 0.0865
0 0.7016129032258065 0.35175 0.05738934733683421 0.0885
0 0.6194673668417104 0.40175 0.06339084771192798 0.0825
0 0.5465116279069767 0.39425 0.05251312828207052 0.0785
0 0.5813953488372093 0.4595 0.06451612903225806 0.073
0 0.6397224306076519 0.4805 0.06264066016504126 0.07
0 0.6856714178544636 0.43125 0.05776444111027757 0.0835
0 0.5712678169542386 0.52975 0.05251312828207052 0.0765
0 0.627906976744186 0.55825 0.056264066016504126 0.0725
0 0.6196549137284321 0.62775 0.0555138784696174 0.0675
0 0.6768567141785446 0.596 0.056639159789947484 0.079
0 0.6620405101275318 0.68375 0.06151537884471118 0.0705
0 0.7291822955738935 0.66025 0.060765191297824456 0.0655
0 0.7882595648912228 0.6875 0.06264066016504126 0.069
0 0.8345836459114778 0.7125 0.058514628657164294 0.059
0 0.7346211552888222 0.58075 0.05738934733683421 0.0755
0 0.7421230307576894 0.5105 0.06639159789947487 0.072
0 0.8010127531882971 0.53875 0.05813953488372093 0.0665
0 0.8027006751687922 0.59325 0.060765191297824456 0.0605
0 0.7621905476369092 0.4425 0.06526631657914479 0.081
0 0.8147036759189797 0.47125 0.06526631657914479 0.0795
0 0.7605026256564141 0.319 0.061140285071267814 0.086
0 0.8295198799699925 0.3205 0.0708927231807952 0.084
0 0.8317704426106527 0.4005 0.07239309827456865 0.077
0 0.8645911477869468 0.474 0.05251312828207052 0.082
0 0.873218304576144 0.5685 0.05476369092273068 0.077
0 0.9270442610652663 0.59925 0.055138784696174045 0.0775
0 0.904351087771943 0.65675 0.06676669167291822 0.0725
0 0.894973743435859 0.73675 0.05251312828207052 0.0775