0 0.15341335333833458 0.3575 0.07801950487621906 0.105
0 0.25375093773443363 0.3645 0.07389347336834208 0.102
0 0.10671417854463616 0.4165 0.07164291072768192 0.107
0 0.5354463615903976 0.17475 0.07914478619654913 0.1055
0 0.4611777944486122 0.2225 0.08739684921230308 0.128
0 0.6007126781695424 0.23025 0.07914478619654913 0.0915
0 0.6693548387096774 0.25275 0.07014253563390847 0.1135
0 0.5414478619654913 0.27575 0.08514628657164292 0.1095
0 0.45461365341335336 0.32475 0.08852213053263316 0.0955
0 0.37603150787696926 0.31775 0.07689422355588897 0.0925
0 0.6039009752438109 0.3295 0.072768192048012 0.103
0 0.7014253563390848 0.332 0.07576894223555888 0.102
0 0.7740060015003751 0.3875 0.07914478619654913 0.097
0 0.6547261815453863 0.394 0.08214553638409602 0.093
0 0.5401350337584396 0.37125 0.08852213053263316 0.1055
0 0.3353338334583646 0.3935 0.07201800450112528 0.1
0 0.3917854463615904 0.409 0.08064516129032258 0.105
0 0.46755438859714926 0.408 0.07914478619654913 0.116
0 0.5877719429857464 0.44525 0.08402100525131283 0.1085
0 0.7119279819954989 0.45525 0.07576894223555888 0.1075
0 0.7995123780945236 0.478 0.08964741185296324 0.103
0 0.7394973743435859 0.5285 0.08364591147786947 0.099
0 0.6507876969242311 0.524 0.08402100525131283 0.103
0 0.518192048012003 0.48425 0.07914478619654913 0.1115
0 0.19617404351087772 0.44125 0.08627156789197299 0.0985
0 0.2740060015003751 0.456 0.07614403600900226 0.102
0 0.14103525881470366 0.5145 0.08702175543885972 0.103
0 0.2385596399099775 0.536 0.08702175543885972 0.101
0 0.1849212303075769 0.5875 0.07501875468867217 0.095
0 0.20255063765941486 0.64725 0.06376594148537135 0.0635
0 0.2501875468867217 0.64625 0.07651912978244561 0.0915
0 0.3477119279819955 0.50275 0.07801950487621906 0.1035
0 0.4156039009752438 0.49775 0.0795198799699925 0.1065
0 0.3058889722430608 0.59075 0.061890472618154536 0.1055
0 0.38165791447861963 0.5865 0.07989497374343586 0.097
0 0.46155288822205554 0.595 0.07014253563390847 0.097
0 0.5412603150787697 0.551 0.07201800450112528 0.088
0 0.8349587396849212 0.55275 0.08327081770442611 0.0955
0 0.8542760690172543 0.6375 0.07839459864966242 0.091
0 0.7466241560390098 0.628 0.07614403600900226 0.098
0 0.6800450112528132 0.614 0.07201800450112528 0.102
0 0.5834583645911477 0.63 0.07314328582145536 0.098
0 0.5148162040510128 0.6405 0.0671417854463616 0.097
0 0.24062265566391597 0.74825 0.08139534883720931 0.0975
0 0.3345836459114779 0.68425 0.06751687921980495 0.0985
0 0.39816204051012755 0.67475 0.07389347336834208 0.0945
0 0.47355588897224304 0.695 0.07314328582145536 0.088
0 0.6344711177794449 0.6915 0.08064516129032258 0.104
0 0.5337584396099024 0.736 0.07051762940735183 0.097
0 0.5954613653413353 0.7565 0.07314328582145536 0.093
0 0.6948612153038259 0.743 0.08064516129032258 0.102
0 0.7721305326331583 0.718 0.07839459864966242 0.098
0 0.8358964741185296 0.71175 0.06864216054013503 0.0935
0 0.31470367591897974 0.76825 0.07651912978244561 0.0905
0 0.3929107276819205 0.80275 0.07164291072768192 0.0985
0 0.49381095273818454 0.78175 0.07014253563390847 0.0975
0 0.43135783945986494 0.84675 0.07426856714178545 0.0875
0 0.4829332333083271 0.876 0.04688672168042011 0.07
0 0.5268192048012003 0.8875 0.07839459864966242 0.09
0 0.5933983495873969 0.84775 0.07726931732933233 0.1055
0 0.65847711927982 0.82975 0.07914478619654913 0.0975
0 0.7409977494373593 0.80925 0.0708927231807952 0.1035
0 0.7454988747186797 0.869 0.07539384846211553 0.077