0 0.06526631657914479 0.3155 0.06526631657914479 0.097
0 0.16822955738934733 0.30225 0.06789197299324831 0.0905
0 0.12659414853713427 0.40675 0.06339084771192798 0.0945
0 0.1849212303075769 0.3705 0.07576894223555888 0.097
0 0.16204051012753187 0.4475 0.07126781695423856 0.095
0 0.24606151537884471 0.29075 0.06976744186046512 0.0925
0 0.29426106526631657 0.326 0.08439609902475619 0.089
0 0.27550637659414856 0.3925 0.07539384846211553 0.101
0 0.23143285821455364 0.48275 0.072768192048012 0.0975
0 0.17835708927231808 0.5355 0.07464366091522881 0.091
0 0.21005251312828208 0.61575 0.06601650412603151 0.0915
0 0.2601275318829707 0.654 0.07389347336834208 0.099
0 0.2661290322580645 0.5625 0.07164291072768192 0.09
0 0.29932483120780196 0.50225 0.07576894223555888 0.0745
0 0.340960240060015 0.39525 0.07576894223555888 0.1095
0 0.3876594148537134 0.2595 0.08064516129032258 0.102
0 0.46661665416354087 0.2415 0.08027006751687922 0.111
0 0.40416354088522133 0.3735 0.08214553638409602 0.113
0 0.3734058514628657 0.503 0.07839459864966242 0.085
0 0.3313953488372093 0.597 0.07464366091522881 0.097
0 0.32614403600900227 0.7145 0.06789197299324831 0.083
0 0.3794073518379595 0.674 0.07764441110277569 0.086
0 0.39984996249062266 0.7475 0.06676669167291822 0.084
0 0.45367591897974496 0.81275 0.07689422355588897 0.0835
0 0.40660165041260315 0.60625 0.07801950487621906 0.0915
0 0.47449362340585144 0.58975 0.07726931732933233 0.0865
0 0.4512378094523631 0.501 0.08252063015753938 0.1
0 0.47674418604651164 0.416 0.07726931732933233 0.09
0 0.5030007501875469 0.3265 0.07801950487621906 0.106
0 0.5485746436609152 0.20075 0.08364591147786947 0.1205
0 0.6309077269317329 0.2085 0.08402100525131283 0.111
0 0.5864591147786947 0.29175 0.08814703675918979 0.1045
0 0.5575768942235559 0.42 0.07314328582145536 0.108
0 0.5365716429107277 0.52325 0.07914478619654913 0.1085
0 0.45480120030007504 0.72725 0.08139534883720931 0.0925
0 0.5075018754688673 0.674 0.07501875468867217 0.079
0 0.5157539384846211 0.7535 0.07576894223555888 0.096
0 0.5296324081020255 0.844 0.06601650412603151 0.093
0 0.5903975993998499 0.8045 0.06976744186046512 0.105
0 0.5842085521380345 0.70625 0.07539384846211553 0.0945
0 0.563953488372093 0.61225 0.07914478619654913 0.0875
0 0.608589647411853 0.498 0.08514628657164292 0.114
0 0.6434733683420856 0.38175 0.09039759939984997 0.1305
0 0.6892348087021756 0.299 0.08439609902475619 0.119
0 0.7134283570892723 0.19975 0.08027006751687922 0.1095
0 0.7760690172543135 0.23 0.07576894223555888 0.11
0 0.7586271567891973 0.331 0.07914478619654913 0.107
0 0.8689047261815454 0.3155 0.08514628657164292 0.111
0 0.7068642160540135 0.404 0.08214553638409602 0.105
0 0.7001125281320331 0.52125 0.08139534883720931 0.1045
0 0.7044261065266316 0.599 0.08777194298574643 0.09
0 0.6389722430607652 0.6515 0.0708927231807952 0.104
0 0.7031132783195799 0.71575 0.07689422355588897 0.0865
0 0.6607276819204801 0.77625 0.07689422355588897 0.0925
0 0.7826331582895724 0.76975 0.07839459864966242 0.1025
0 0.8373968492123031 0.7055 0.08514628657164292 0.101
0 0.7803825956489122 0.676 0.08514628657164292 0.099
0 0.9141035258814704 0.64975 0.08627156789197299 0.0905
0 0.7843210802700675 0.565 0.08927231807951988 0.101
0 0.781695423855964 0.45775 0.09077269317329333 0.1025
0 0.8974118529632408 0.5385 0.10690172543135784 0.094
0 0.9191672918229558 0.43025 0.08214553638409602 0.1225
0 0.7160540135033758 0.7605 0.0622655663915979 0.058