0 0.1447861965491373 0.185 0.0450112528132033 0.065
0 0.17835708927231808 0.20275 0.04538634658664666 0.0715
0 0.18735933983495873 0.1425 0.050637659414853715 0.054
0 0.22355588897224307 0.16375 0.04876219054763691 0.0625
0 0.27081770442610653 0.22 0.03975993998499625 0.053
0 0.2882595648912228 0.25675 0.055138784696174045 0.0795
0 0.3190172543135784 0.2005 0.038634658664666165 0.071
0 0.354463615903976 0.19175 0.05776444111027757 0.0735
0 0.3869092273068267 0.2545 0.0641410352588147 0.083
0 0.33064516129032256 0.132 0.055138784696174045 0.06
0 0.4199174793698425 0.3225 0.05588897224306077 0.082
0 0.45367591897974496 0.381 0.055138784696174045 0.081
0 0.5090022505626407 0.4105 0.05326331582895724 0.077
0 0.5577644411102776 0.40825 0.060765191297824456 0.0815
0 0.6067141785446362 0.42325 0.055138784696174045 0.0735
0 0.6792948237059265 0.307 0.056264066016504126 0.07
0 0.6686046511627907 0.229 0.05438859714928732 0.076
0 0.7160540135033758 0.23975 0.05326331582895724 0.0735
0 0.7368717179294824 0.3015 0.05888972243060765 0.071
0 0.7785071267816954 0.26475 0.056639159789947484 0.0745
0 0.707801950487622 0.1545 0.060765191297824456 0.076
0 0.7653788447111778 0.1835 0.059639909977494375 0.076
0 0.8565266316579144 0.1985 0.06339084771192798 0.077
0 0.9051012753188297 0.251 0.060765191297824456 0.083
0 0.9557389347336834 0.30225 0.0622655663915979 0.0795
0 0.9469242310577645 0.3865 0.059639909977494375 0.082
0 0.8653413353338335 0.33825 0.06451612903225806 0.0815
0 0.8064516129032258 0.316 0.058514628657164294 0.081
0 0.7666916729182296 0.36375 0.060765191297824456 0.0795
0 0.8199549887471868 0.38775 0.05701425356339085 0.0605
0 0.877906976744186 0.40475 0.06789197299324831 0.0745
0 0.8432108027006752 0.47325 0.056264066016504126 0.0775
0 0.9105401350337584 0.47875 0.055138784696174045 0.0785
0 0.9176669167291823 0.5475 0.05888972243060765 0.071
0 0.8525881470367592 0.54925 0.05326331582895724 0.0725
0 0.8805326331582896 0.6125 0.05888972243060765 0.069
0 0.7644411102775694 0.43775 0.04876219054763691 0.0705
0 0.7906976744186046 0.50575 0.05776444111027757 0.0795
0 0.7995123780945236 0.57325 0.050637659414853715 0.0725
0 0.8237059264816204 0.64175 0.04951237809452363 0.0735
0 0.704801200300075 0.37675 0.05026256564141035 0.0625
0 0.7196174043510878 0.44025 0.04988747186796699 0.0735
0 0.7368717179294824 0.50125 0.046136534133533386 0.0675
0 0.7481245311327832 0.56675 0.050637659414853715 0.0805
0 0.7747561890472618 0.65325 0.0536384096024006 0.0735
0 0.7169917479369843 0.64275 0.055138784696174045 0.0735
0 0.6933608402100525 0.5705 0.055138784696174045 0.069
0 0.6924231057764441 0.503 0.05326331582895724 0.074
0 0.6682295573893473 0.43475 0.05138784696174044 0.0745
0 0.6382220555138785 0.492 0.055138784696174045 0.078
0 0.568642160540135 0.47625 0.05701425356339085 0.0635
0 0.5894598649662416 0.53725 0.056639159789947484 0.0745
0 0.6252813203300825 0.58 0.056264066016504126 0.088
0 0.6573518379594899 0.63725 0.05888972243060765 0.0745
0 0.5148162040510128 0.4805 0.05813953488372093 0.077
0 0.5388222055513878 0.5455 0.055138784696174045 0.075
0 0.5641410352588146 0.60225 0.051762940735183796 0.0675
0 0.6040885221305327 0.64775 0.04988747186796699 0.0665
0 0.5491372843210802 0.66975 0.05026256564141035 0.0675
0 0.4885596399099775 0.7035 0.05438859714928732 0.07
0 0.4913728432108027 0.62225 0.05776444111027757 0.0785
0 0.4804951237809452 0.55 0.05251312828207052 0.069
0 0.46230307576894225 0.4885 0.04913728432108027 0.066
0 0.38053263315828956 0.39025 0.05738934733683421 0.0675
0 0.3659039759939985 0.328 0.0603900975243811 0.071
0 0.41935483870967744 0.44575 0.05326331582895724 0.0725
0 0.4081020255063766 0.513 0.05776444111027757 0.07
0 0.43360840210052515 0.57575 0.04876219054763691 0.0695
0 0.445986496624156 0.644 0.047261815453863466 0.081
0 0.30682670667666917 0.35875 0.05776444111027757 0.0695
0 0.34339834958739685 0.416 0.047636909227306824 0.074
0 0.36365341335333834 0.48 0.050637659414853715 0.066
0 0.3687171792948237 0.5505 0.04801200300075019 0.07
0 0.38165791447861963 0.6185 0.059639909977494375 0.071
0 0.40172543135783945 0.679 0.047261815453863466 0.061
0 0.22636909227306826 0.23925 0.050637659414853715 0.0625
0 0.2336834208552138 0.275 0.06151537884471118 0.076
0 0.15210052513128283 0.24775 0.04538634658664666 0.0575
0 0.17123030757689423 0.29125 0.05438859714928732 0.0575
0 0.12490622655663916 0.29675 0.05401350337584396 0.0565
0 0.20630157539384847 0.33775 0.06151537884471118 0.0715
0 0.24849962490622657 0.39 0.055138784696174045 0.07
0 0.29669917479369845 0.44375 0.05251312828207052 0.0665
0 0.3113278319579895 0.52075 0.06151537884471118 0.0735
0 0.32220555138784696 0.6 0.05401350337584396 0.072
0 0.3379594898724681 0.66875 0.06826706676669167 0.0775
0 0.35521380345086273 0.727 0.051762940735183796 0.066
0 0.29838709677419356 0.7055 0.05138784696174044 0.064
0 0.2700675168792198 0.72 0.035258814703675916 0.066
0 0.22843210802700675 0.701 0.04801200300075019 0.065
0 0.2243060765191298 0.638 0.04876219054763691 0.059
0 0.2601275318829707 0.6565 0.037134283570892726 0.053
0 0.28094523630907725 0.6455 0.04801200300075019 0.07
0 0.2693173293323331 0.5745 0.05326331582895724 0.075
0 0.2623780945236309 0.50425 0.04688672168042011 0.0715
0 0.2289947486871718 0.4505 0.05438859714928732 0.063
0 0.17010502625656415 0.40175 0.05813953488372093 0.0685
0 0.1697299324831208 0.4625 0.0603900975243811 0.058
0 0.18473368342085522 0.51625 0.05813953488372093 0.0685
0 0.2059264816204051 0.5795 0.04801200300075019 0.077
0 0.1609152288072018 0.58025 0.04876219054763691 0.0785
0 0.11046511627906977 0.41075 0.05813953488372093 0.0725
0 0.09564891222805702 0.48225 0.04801200300075019 0.0665
0 0.1245311327831958 0.522 0.04951237809452363 0.069
0 0.03319579894973743 0.519 0.05288822205551388 0.07
0 0.04032258064516129 0.4635 0.046136534133533386 0.063
0 0.08458364591147786 0.556 0.04988747186796699 0.069
0 0.08214553638409602 0.601 0.04801200300075019 0.048
0 0.12190547636909227 0.606 0.04276069017254314 0.075
0 0.10277569392348088 0.641 0.04276069017254314 0.063
0 0.14216054013503376 0.683 0.04876219054763691 0.082
0 0.12865716429107277 0.75875 0.05251312828207052 0.0735