0 0.11327831957989497 0.304 0.047261815453863466 0.075
0 0.1110277569392348 0.43525 0.051762940735183796 0.0645
0 0.14328582145536384 0.394 0.05251312828207052 0.08
0 0.17460615153788447 0.266 0.050637659414853715 0.073
0 0.20798949737434358 0.2225 0.04988747186796699 0.067
0 0.21474118529632408 0.3 0.056639159789947484 0.069
0 0.1858589647411853 0.35325 0.05288822205551388 0.0705
0 0.0986496624156039 0.50475 0.05026256564141035 0.0655
0 0.17966991747936983 0.4695 0.05476369092273068 0.057
0 0.15735183795948987 0.53475 0.046136534133533386 0.0625
0 0.13822205551387848 0.593 0.05288822205551388 0.06
0 0.09977494373593399 0.664 0.05326331582895724 0.068
0 0.13859714928732184 0.70325 0.04988747186796699 0.0465
0 0.16110277569392348 0.68 0.05288822205551388 0.064
0 0.17029257314328583 0.7635 0.05476369092273068 0.062
0 0.2068642160540135 0.75075 0.04913728432108027 0.0605
0 0.2087396849212303 0.67975 0.056639159789947484 0.0615
0 0.20742685671417854 0.58575 0.04801200300075019 0.0605
0 0.19898724681170293 0.51925 0.052138034508627154 0.0565
0 0.27738184546136535 0.745 0.04688672168042011 0.055
0 0.25975243810952736 0.67725 0.04838709677419355 0.0585
0 0.2711927981995499 0.62225 0.05326331582895724 0.0575
0 0.29351087771942985 0.58425 0.052138034508627154 0.0605
0 0.2518754688672168 0.551 0.05438859714928732 0.061
0 0.2415603900975244 0.499 0.05026256564141035 0.065
0 0.2888222055513878 0.50875 0.04876219054763691 0.0625
0 0.3094523630907727 0.6745 0.04426106526631658 0.053
0 0.3184546136534134 0.73775 0.05101275318829707 0.0495
0 0.3705926481620405 0.73675 0.04576144036009002 0.0555
0 0.35258814703675917 0.6855 0.04276069017254314 0.058
0 0.3283945986496624 0.629 0.046136534133533386 0.058
0 0.22186796699174793 0.41 0.047636909227306824 0.062
0 0.24062265566391597 0.3585 0.04538634658664666 0.067
0 0.2695048762190548 0.2605 0.04538634658664666 0.068
0 0.2991372843210803 0.22825 0.04913728432108027 0.0665
0 0.37209302325581395 0.22575 0.05926481620405101 0.0815
0 0.3283945986496624 0.267 0.05288822205551388 0.071
0 0.2980120030007502 0.32125 0.055138784696174045 0.0685
0 0.2923855963990998 0.384 0.052138034508627154 0.073
0 0.2726931732933233 0.445 0.05401350337584396 0.073
0 0.3199549887471868 0.4635 0.047261815453863466 0.064
0 0.3480870217554389 0.5355 0.05101275318829707 0.064
0 0.38972243060765194 0.6565 0.0450112528132033 0.06
0 0.4060390097524381 0.711 0.04838709677419355 0.057
0 0.3985371342835709 0.60125 0.047636909227306824 0.0595
0 0.4004126031507877 0.5445 0.04913728432108027 0.062
0 0.37115528882220555 0.492 0.04913728432108027 0.057
0 0.3488372093023256 0.39725 0.05401350337584396 0.0665
0 0.34733683420855216 0.33975 0.05101275318829707 0.0625
0 0.38953488372093026 0.31575 0.046136534133533386 0.0675
0 0.42385596399099773 0.271 0.04426106526631658 0.068
0 0.43623405851462865 0.33725 0.05401350337584396 0.0665
0 0.4013503375843961 0.377 0.04426106526631658 0.065
0 0.38822205551387845 0.43525 0.05026256564141035 0.0625
0 0.46886721680420107 0.29475 0.04951237809452363 0.0735
0 0.4885596399099775 0.34825 0.04688672168042011 0.0605
0 0.4418604651162791 0.4345 0.04876219054763691 0.069
0 0.42179294823705926 0.4835 0.04838709677419355 0.059
0 0.49793698424606153 0.40825 0.055138784696174045 0.0675
0 0.4748687171792948 0.4885 0.04576144036009002 0.056
0 0.44992498124531133 0.54225 0.04688672168042011 0.0555
0 0.4476744186046512 0.591 0.041635408852213056 0.06
0 0.47561890472618157 0.65 0.037509377344336084 0.057
0 0.44973743435858965 0.67875 0.04351087771942986 0.0555
0 0.48443360840210054 0.73275 0.04913728432108027 0.0635
0 0.5080645161290323 0.68325 0.04388597149287322 0.0565
0 0.5219429857464366 0.72475 0.04238559639909977 0.0515
0 0.5033758439609902 0.6085 0.0450112528132033 0.06
0 0.4975618904726182 0.539 0.04538634658664666 0.06
0 0.5193173293323331 0.46425 0.04838709677419355 0.0595
0 0.5279444861215303 0.3115 0.04538634658664666 0.065
0 0.567516879219805 0.324 0.04276069017254314 0.068
0 0.5677044261065266 0.39075 0.055138784696174045 0.0685
0 0.5577644411102776 0.45075 0.04801200300075019 0.0665
0 0.5418229557389347 0.513 0.04688672168042011 0.063
0 0.5403225806451613 0.577 0.04838709677419355 0.061
0 0.5399474868717179 0.661 0.04913728432108027 0.06
0 0.5635783945986497 0.7225 0.04838709677419355 0.06
0 0.6110277569392348 0.71825 0.04576144036009002 0.0535
0 0.5920855213803451 0.67425 0.052138034508627154 0.0535
0 0.5746436609152288 0.615 0.04576144036009002 0.054
0 0.5917104276069017 0.5505 0.046136534133533386 0.061
0 0.6254688672168042 0.60075 0.047636909227306824 0.0585
0 0.6286571642910728 0.65275 0.03975993998499625 0.0515
0 0.6425356339084771 0.69375 0.04276069017254314 0.0495
0 0.6183420855213804 0.30025 0.041635408852213056 0.0665
0 0.6234058514628658 0.364 0.04426106526631658 0.064
0 0.6123405851462865 0.4425 0.050637659414853715 0.057
0 0.609714928732183 0.4965 0.04388597149287322 0.06
0 0.6453488372093024 0.58875 0.03563390847711928 0.0535
0 0.645536384096024 0.542 0.04351087771942986 0.061
0 0.6821080270067517 0.671 0.043135783945986494 0.051
0 0.714178544636159 0.69775 0.03825956489122281 0.0555
0 0.7336834208552138 0.725 0.037509377344336084 0.046
0 0.7340585146286571 0.6775 0.030007501875468866 0.046
0 0.6927981995498874 0.61425 0.03975993998499625 0.0595
0 0.6888597149287322 0.55525 0.043135783945986494 0.0575
0 0.6746061515378845 0.51025 0.04463615903975994 0.0545
0 0.6562265566391597 0.46125 0.04838709677419355 0.0655
0 0.6492873218304576 0.39875 0.04126031507876969 0.0625
0 0.6828582145536384 0.428 0.041635408852213056 0.057
0 0.6571642910727682 0.31475 0.046511627906976744 0.0625
0 0.6828582145536384 0.35875 0.04388597149287322 0.0595
0 0.7222430607651913 0.29225 0.041635408852213056 0.0675
0 0.7319954988747187 0.35175 0.04688672168042011 0.0605
0 0.7398724681170292 0.4155 0.04838709677419355 0.057
0 0.7222430607651913 0.47225 0.04388597149287322 0.0545
0 0.717741935483871 0.5225 0.04088522130532633 0.065
0 0.7381845461365342 0.591 0.046511627906976744 0.061
0 0.7299324831207802 0.6355 0.04051012753188297 0.056
0 0.7736309077269318 0.77275 0.038634658664666165 0.0495
0 0.7891972993248312 0.79325 0.030007501875468866 0.0415
0 0.8203300825206301 0.7685 0.03600900225056264 0.053
0 0.794073518379595 0.72075 0.04351087771942986 0.0455
0 0.7674418604651163 0.6615 0.03375843960990248 0.046
0 0.7653788447111778 0.62725 0.04463615903975994 0.0505
0 0.7976369092273068 0.66475 0.03488372093023256 0.0505
0 0.7732558139534884 0.581 0.03938484621155289 0.06
0 0.8047636909227307 0.599 0.04238559639909977 0.051
0 0.8088897224306076 0.62375 0.04238559639909977 0.0435
0 0.7704426106526632 0.35175 0.03825956489122281 0.0665
0 0.7700675168792198 0.4125 0.03900975243810953 0.059
0 0.8169542385596399 0.3695 0.04801200300075019 0.056
0 0.8167666916729183 0.441 0.041635408852213056 0.055
0 0.7796324081020255 0.47125 0.04388597149287322 0.0565
0 0.832708177044261 0.4825 0.03975993998499625 0.057
0 0.9094148537134283 0.47475 0.03338334583645911 0.0525
0 0.8623405851462865 0.5015 0.035258814703675916 0.055
0 0.7916354088522131 0.526 0.04388597149287322 0.055
0 0.8156414103525882 0.54325 0.03788447111777944 0.0595
0 0.8387096774193549 0.54175 0.03375843960990248 0.0465
0 0.8998499624906227 0.5215 0.03975993998499625 0.05
0 0.8683420855213804 0.57725 0.03675918979744936 0.0525
0 0.9021005251312828 0.568 0.03900975243810953 0.057
0 0.8458364591147787 0.6225 0.037509377344336084 0.056
0 0.8992873218304576 0.621 0.041635408852213056 0.053
0 0.872093023255814 0.6565 0.037509377344336084 0.05
0 0.8422730682670667 0.68225 0.04463615903975994 0.0485
0 0.8587771942985747 0.703 0.038634658664666165 0.048
0 0.8441485371342836 0.76175 0.036384096024006 0.0495
0 0.8756564141035259 0.7705 0.04013503375843961 0.049