0 0.06864216054013503 0.3305 0.056264066016504126 0.086
0 0.0977119279819955 0.25425 0.07464366091522881 0.0775
0 0.1292198049512378 0.18825 0.06864216054013503 0.0885
0 0.17666916729182294 0.26325 0.06376594148537135 0.0785
0 0.2068642160540135 0.19125 0.059639909977494375 0.0835
0 0.20892723180795197 0.084 0.06601650412603151 0.094
0 0.28844711177794446 0.107 0.07051762940735183 0.083
0 0.35277569392348085 0.0875 0.06339084771192798 0.082
0 0.38822205551387845 0.15925 0.04801200300075019 0.0835
0 0.3388972243060765 0.18 0.07014253563390847 0.09
0 0.27738184546136535 0.21 0.05588897224306077 0.081
0 0.3117029257314329 0.26075 0.051762940735183796 0.0815
0 0.3784696174043511 0.2795 0.05926481620405101 0.082
0 0.23780945236309078 0.2845 0.06301575393848462 0.084
0 0.20855213803450862 0.3455 0.06001500375093773 0.084
0 0.14534883720930233 0.3815 0.06264066016504126 0.082
0 0.08364591147786947 0.4405 0.05701425356339085 0.084
0 0.15472618154538634 0.4715 0.0603900975243811 0.08
0 0.14928732183045762 0.55675 0.04876219054763691 0.0725
0 0.20667666916729183 0.57625 0.05776444111027757 0.0655
0 0.2145536384096024 0.51775 0.058514628657164294 0.0735
0 0.21942985746436608 0.424 0.05476369092273068 0.072
0 0.2556264066016504 0.47525 0.0536384096024006 0.0715
0 0.27644411102775696 0.5395 0.04951237809452363 0.068
0 0.3278319579894974 0.54575 0.04876219054763691 0.0735
0 0.32220555138784696 0.47125 0.051762940735183796 0.0695
0 0.3675918979744936 0.497 0.05476369092273068 0.071
0 0.3741560390097524 0.56025 0.04688672168042011 0.0785
0 0.41016504126031506 0.61175 0.0536384096024006 0.0715
0 0.4167291822955739 0.52425 0.05251312828207052 0.0785
0 0.27494373593398347 0.3855 0.05476369092273068 0.068
0 0.3428357089272318 0.3485 0.0450112528132033 0.072
0 0.3859714928732183 0.34675 0.056264066016504126 0.0865
0 0.36384096024006 0.417 0.05251312828207052 0.073
0 0.4118529632408102 0.44075 0.0555138784696174 0.0685
0 0.4397974493623406 0.37975 0.056639159789947484 0.0765
0 0.422543135783946 0.23525 0.056639159789947484 0.0655
0 0.4559264816204051 0.28925 0.056639159789947484 0.0795
0 0.48518379594898725 0.35575 0.05138784696174044 0.0755
0 0.49681170292573146 0.423 0.05288822205551388 0.075
0 0.46492873218304576 0.482 0.04913728432108027 0.065
0 0.5311327831957989 0.4755 0.051762940735183796 0.069
0 0.5590772693173294 0.434 0.05438859714928732 0.063
0 0.46230307576894225 0.55175 0.0536384096024006 0.0725
0 0.4684921230307577 0.6205 0.051762940735183796 0.069
0 0.48780945236309076 0.68 0.056639159789947484 0.069
0 0.5298199549887472 0.63925 0.055138784696174045 0.0715
0 0.5602025506376594 0.6865 0.055138784696174045 0.061
0 0.5193173293323331 0.556 0.05288822205551388 0.077
0 0.5840210052513128 0.60175 0.056264066016504126 0.0805
0 0.5759564891222806 0.5345 0.0536384096024006 0.065
0 0.5450112528132033 0.3515 0.046511627906976744 0.079
0 0.5253188297074268 0.2905 0.05738934733683421 0.074
0 0.4857464366091523 0.23 0.056264066016504126 0.081
0 0.4474868717179295 0.131 0.06001500375093773 0.085
0 0.508252063015754 0.12375 0.05326331582895724 0.0895
0 0.5420105026256564 0.2065 0.05701425356339085 0.074
0 0.5937734433608403 0.25675 0.056264066016504126 0.0865
0 0.640847711927982 0.26725 0.061890472618154536 0.0755
0 0.667291822955739 0.33075 0.05251312828207052 0.0855
0 0.7051762940735183 0.392 0.05776444111027757 0.07
0 0.7520630157539385 0.4105 0.05401350337584396 0.065
0 0.582708177044261 0.124 0.05888972243060765 0.083
0 0.5992123030757689 0.1935 0.056639159789947484 0.078
0 0.617966991747937 0.06 0.05813953488372093 0.08
0 0.6854838709677419 0.07475 0.061890472618154536 0.0825
0 0.705926481620405 0.13925 0.05026256564141035 0.0695
0 0.6716054013503376 0.176 0.05813953488372093 0.076
0 0.7149287321830458 0.2265 0.05776444111027757 0.074
0 0.7725056264066017 0.1835 0.04463615903975994 0.083
0 0.7938859714928732 0.233 0.04463615903975994 0.079
0 0.7616279069767442 0.2675 0.04538634658664666 0.075
0 0.7533758439609902 0.31275 0.061890472618154536 0.0855
0 0.7963240810202551 0.33575 0.05101275318829707 0.0845
0 0.8345836459114778 0.36575 0.058514628657164294 0.0765
0 0.8529632408102026 0.435 0.05701425356339085 0.064
0 0.8388972243060765 0.50725 0.06489122280570142 0.0785
0 0.8572768192048013 0.5375 0.04088522130532633 0.064
0 0.6129032258064516 0.39325 0.05326331582895724 0.0745
0 0.6247186796699175 0.4725 0.05438859714928732 0.069
0 0.6607276819204801 0.45525 0.046136534133533386 0.0665
0 0.7278694673668417 0.49675 0.059639909977494375 0.0615
0 0.7685671417854464 0.543 0.056264066016504126 0.07
0 0.804576144036009 0.594 0.05401350337584396 0.073
0 0.8655288822205551 0.64375 0.05888972243060765 0.0765
0 0.627344336084021 0.53125 0.04388597149287322 0.0695
0 0.6654163540885222 0.53675 0.04801200300075019 0.0645
0 0.714178544636159 0.602 0.05401350337584396 0.076
0 0.7597524381095274 0.63375 0.05813953488372093 0.0715
0 0.8270817704426107 0.676 0.05401350337584396 0.077
0 0.6404726181545386 0.60975 0.04838709677419355 0.0695
0 0.6631657914478619 0.6345 0.05251312828207052 0.065
0 0.6237809452363091 0.69025 0.05776444111027757 0.0675
0 0.6629782445611403 0.71625 0.05288822205551388 0.0725
0 0.691297824456114 0.73675 0.04351087771942986 0.0625
0 0.7147411852963241 0.6815 0.05438859714928732 0.071
0 0.763503375843961 0.711 0.04913728432108027 0.072
0 0.7543135783945987 0.771 0.05251312828207052 0.058
0 0.8150787696924231 0.74325 0.05476369092273068 0.0645
0 0.8906601650412603 0.73675 0.061140285071267814 0.0695
0 0.881470367591898 0.78975 0.05251312828207052 0.0685
0 0.8223930982745686 0.81025 0.05288822205551388 0.0615
0 0.8141410352588146 0.847 0.04238559639909977 0.043
0 0.7631282820705176 0.82975 0.05438859714928732 0.0675
0 0.7121155288822205 0.8645 0.05588897224306077 0.063
0 0.6646661665416355 0.7885 0.05776444111027757 0.068
0 0.6074643660915229 0.7435 0.052138034508627154 0.071
0 0.5930232558139535 0.78975 0.05251312828207052 0.0645
0 0.5397599399849963 0.79275 0.051762940735183796 0.0725
0 0.6490997749437359 0.8845 0.05738934733683421 0.07