0 0.25121586232697346 0.43025 0.04751215862326973 0.0615
0 0.2714178825289936 0.48325 0.049756827534605315 0.0595
0 0.31949120838009726 0.46875 0.048634493078937524 0.0645
0 0.3045267489711934 0.40625 0.04788627010849233 0.0655
0 0.34100261878039656 0.30475 0.05200149644594089 0.0665
0 0.379536101758324 0.34375 0.04377104377104377 0.0665
0 0.3720538720538721 0.24075 0.050505050505050504 0.0745
0 0.4229330340441452 0.2455 0.04377104377104377 0.067
0 0.41919191919191917 0.3125 0.0512532734754957 0.068
0 0.4655817433595211 0.29425 0.04751215862326973 0.0725
0 0.45323606434717545 0.35875 0.04451926674148896 0.0595
0 0.4176954732510288 0.404 0.04751215862326973 0.068
0 0.44687616909839134 0.44675 0.046763935652824544 0.0665
0 0.49345304900860454 0.4415 0.04339693228582117 0.062
0 0.4683875794986906 0.50275 0.04564160119715675 0.0555
0 0.3157500935278713 0.53425 0.04638982416760194 0.0635
0 0.3499812944257389 0.5625 0.04302282080059858 0.054
0 0.30826786382341936 0.6015 0.0508791619902731 0.065
0 0.2991021324354658 0.6705 0.04302282080059858 0.061
0 0.3075196408529742 0.71125 0.038159371492704826 0.0485
0 0.41283202394313506 0.564 0.04227459783015339 0.057
0 0.4227459783015339 0.62175 0.04414515525626637 0.0585
0 0.3786008230452675 0.62075 0.04489337822671156 0.0505
0 0.3561541339319117 0.6695 0.04788627010849233 0.053
0 0.3434343434343434 0.70725 0.03890759446315002 0.0535
0 0.40179573512906847 0.669 0.041900486344930786 0.051
0 0.3958099513655069 0.715 0.04564160119715675 0.05
0 0.4560419004863449 0.5635 0.03666292555181444 0.067
0 0.466142910587355 0.63925 0.04264870931537598 0.0595
0 0.44725028058361394 0.68775 0.040778151889263 0.0595
0 0.4887766554433221 0.6735 0.040778151889263 0.049
0 0.48129442573887016 0.73025 0.04377104377104377 0.0525
0 0.4390198279087168 0.7395 0.04377104377104377 0.057
0 0.296109240553685 0.75425 0.040029928918817806 0.0585
0 0.3333333333333333 0.7575 0.0411522633744856 0.058
0 0.31331836887392445 0.79275 0.040029928918817806 0.0495
0 0.34044145155256267 0.78975 0.03965581743359521 0.0465
0 0.3772914328469884 0.78675 0.04227459783015339 0.0545
0 0.4156378600823045 0.7915 0.04414515525626637 0.057
0 0.333146277590722 0.83075 0.03479236812570146 0.0465
0 0.36288814066591846 0.8555 0.04040404040404041 0.055
0 0.3468013468013468 0.8735 0.04040404040404041 0.048
0 0.3868312757201646 0.89175 0.04264870931537598 0.0465
0 0.39356528245417133 0.83875 0.04564160119715675 0.0575
0 0.4186307519640853 0.8745 0.04339693228582117 0.045
0 0.4597830153385709 0.88675 0.0411522633744856 0.0465
0 0.4566030677141788 0.85075 0.04601571268237935 0.0495
0 0.46539468761690983 0.79375 0.04339693228582117 0.0615
0 0.4994388327721661 0.82625 0.04414515525626637 0.0515
0 0.498129442573887 0.88075 0.04227459783015339 0.0565
0 0.5359147025813692 0.8565 0.040778151889263 0.055
0 0.551440329218107 0.81425 0.04788627010849233 0.0535
0 0.5755705200149644 0.851 0.03853348297792742 0.06
0 0.5910961466517022 0.80475 0.03741114852225964 0.0585
0 0.5099139543583988 0.7585 0.03741114852225964 0.044
0 0.5241301907968574 0.72725 0.04788627010849233 0.0635
0 0.5664047886270108 0.71475 0.04040404040404041 0.0635
0 0.5948372615039281 0.74725 0.041900486344930786 0.0535
0 0.4983164983164983 0.548 0.04938271604938271 0.056
0 0.5007482229704452 0.6045 0.05200149644594089 0.059
0 0.5215114104002992 0.64825 0.04414515525626637 0.0565
0 0.555181444070333 0.58525 0.04938271604938271 0.0555
0 0.5667789001122334 0.64775 0.04489337822671156 0.0635
0 0.6036288814066592 0.6825 0.04227459783015339 0.059
0 0.5566778900112234 0.52575 0.048634493078937524 0.0615
0 0.6045641601197157 0.504 0.03741114852225964 0.067
0 0.6032547699214366 0.592 0.04526748971193416 0.061
0 0.4702581369248036 0.1865 0.04788627010849233 0.071
0 0.5009352787130565 0.23725 0.05013093901982791 0.0745
0 0.5130939019827909 0.315 0.053497942386831275 0.071
0 0.508791619902731 0.383 0.04489337822671156 0.069
0 0.5718294051627385 0.1375 0.04302282080059858 0.071
0 0.621773288439955 0.1465 0.054620276842499066 0.07
0 0.6051253273475495 0.2115 0.052749719416386086 0.074
0 0.5609801720912833 0.25275 0.046763935652824544 0.0755
0 0.6011971567527123 0.286 0.054620276842499066 0.075
0 0.5656565656565656 0.325 0.048634493078937524 0.069
0 0.5688365132809577 0.387 0.04900860456416012 0.065
0 0.5443322109988776 0.44675 0.0411522633744856 0.0695
0 0.590347923681257 0.44625 0.041900486344930786 0.0585
0 0.6372989150766929 0.46025 0.04227459783015339 0.0575
0 0.6369248035914703 0.55275 0.04826038159371493 0.0565
0 0.6659184436962214 0.0545 0.051627384960718295 0.071
0 0.7259633370744482 0.0795 0.049756827534605315 0.067
0 0.7723531612420501 0.1025 0.04826038159371493 0.071
0 0.678825289936401 0.13625 0.04900860456416012 0.0705
0 0.7330714552936776 0.152 0.046763935652824544 0.069
0 0.7706696595585485 0.19875 0.04564160119715675 0.0695
0 0.687616909839132 0.20625 0.04788627010849233 0.0705
0 0.8410026187803965 0.1565 0.055368499812944255 0.08
0 0.865132809577254 0.18 0.036288814066591846 0.058
0 0.847549569771792 0.22275 0.05948372615039282 0.0705
0 0.8885147774036662 0.23725 0.04788627010849233 0.0705
0 0.7605686494575383 0.2625 0.05387205387205387 0.074
0 0.8020950243172466 0.29125 0.054620276842499066 0.0655
0 0.6546950991395436 0.2725 0.0508791619902731 0.068
0 0.7134306023194912 0.299 0.05312383090160868 0.072
0 0.7674897119341564 0.328 0.050505050505050504 0.071
0 0.8716797605686495 0.3 0.04788627010849233 0.072
0 0.8554059109614666 0.36825 0.049756827534605315 0.0725
0 0.8022820800598578 0.39525 0.0512532734754957 0.0735
0 0.7422371866816311 0.39125 0.0508791619902731 0.0655
0 0.6533857089412645 0.33875 0.0512532734754957 0.0725
0 0.6872427983539094 0.3625 0.04414515525626637 0.071
0 0.647399925177703 0.4035 0.050505050505050504 0.062
0 0.6952861952861953 0.43075 0.04826038159371493 0.0735
0 0.7386831275720165 0.4565 0.04227459783015339 0.074
0 0.7906846240179574 0.448 0.049756827534605315 0.057
0 0.689487467265245 0.49025 0.04264870931537598 0.0605
0 0.68443696221474 0.54925 0.04377104377104377 0.0615
0 0.7448559670781894 0.51975 0.04414515525626637 0.0635
0 0.6554433221099888 0.61725 0.04414515525626637 0.0595
0 0.7048260381593715 0.6055 0.04414515525626637 0.063
0 0.7016460905349794 0.6615 0.04751215862326973 0.053
0 0.6531986531986532 0.6815 0.04489337822671156 0.061
0 0.63112607557052 0.72675 0.03741114852225964 0.0555
0 0.6395435839880285 0.77325 0.03928170594837262 0.0465
0 0.7557052001496446 0.61175 0.05013093901982791 0.0605
0 0.7760942760942761 0.588 0.03479236812570146 0.046