0 0.1821080270067517 0.45375 0.056639159789947484 0.0735
0 0.17123030757689423 0.54075 0.052138034508627154 0.0775
0 0.2166166541635409 0.515 0.05588897224306077 0.073
0 0.19073518379594898 0.59475 0.04388597149287322 0.0485
0 0.2288072018004501 0.591 0.05776444111027757 0.067
0 0.23124531132783196 0.628 0.05888972243060765 0.044
0 0.2691297824456114 0.54125 0.05138784696174044 0.0625
0 0.2950112528132033 0.58825 0.04988747186796699 0.0565
0 0.2297449362340585 0.37025 0.0536384096024006 0.0705
0 0.25131282820705175 0.30775 0.05701425356339085 0.0735
0 0.2940735183795949 0.36775 0.05476369092273068 0.0735
0 0.2695048762190548 0.41975 0.050637659414853715 0.0655
0 0.31639159789947485 0.4515 0.052138034508627154 0.06
0 0.33477119279819956 0.50775 0.04538634658664666 0.0615
0 0.34752438109527384 0.38975 0.05813953488372093 0.0635
0 0.36946736684171044 0.44975 0.04801200300075019 0.0665
0 0.3825956489122281 0.51075 0.04426106526631658 0.0625
0 0.3467741935483871 0.5905 0.046136534133533386 0.066
0 0.33927231807951985 0.625 0.04388597149287322 0.05
0 0.38447111777944487 0.6385 0.04276069017254314 0.061
0 0.4174793698424606 0.562 0.04876219054763691 0.068
0 0.19411102775693923 0.67475 0.050637659414853715 0.0625
0 0.2220555138784696 0.73225 0.058514628657164294 0.0555
0 0.2479369842460615 0.76925 0.04801200300075019 0.0465
0 0.2730682670667667 0.75275 0.04951237809452363 0.0575
0 0.25206301575393847 0.699 0.05401350337584396 0.057
0 0.31039009752438107 0.69475 0.05288822205551388 0.0555
0 0.3599024756189047 0.68275 0.04463615903975994 0.0695
0 0.3887846961740435 0.753 0.0536384096024006 0.058
0 0.41822955738934736 0.72175 0.05251312828207052 0.0605
0 0.43904726181545384 0.756 0.047636909227306824 0.057
0 0.43435858964741186 0.63775 0.051762940735183796 0.0595
0 0.4731807951987997 0.59775 0.04688672168042011 0.0695
0 0.4739309827456864 0.6925 0.0536384096024006 0.061
0 0.48537134283570893 0.71775 0.047261815453863466 0.0535
0 0.16316579144786197 0.75425 0.0450112528132033 0.0575
0 0.19204801200300076 0.7965 0.05101275318829707 0.051
0 0.22449362340585147 0.837 0.05138784696174044 0.057
0 0.22168042010502625 0.898 0.04351087771942986 0.059
0 0.2931357839459865 0.7915 0.04913728432108027 0.053
0 0.33383345836459116 0.828 0.04051012753188297 0.052
0 0.32126781695423856 0.76325 0.04463615903975994 0.0545
0 0.35671417854463616 0.811 0.04876219054763691 0.056
0 0.38803450862715677 0.82875 0.05138784696174044 0.0535
0 0.28094523630907725 0.88125 0.05251312828207052 0.0595
0 0.2959489872468117 0.9305 0.05026256564141035 0.058
0 0.3325206301575394 0.90275 0.047636909227306824 0.0585
0 0.373218304576144 0.9225 0.046511627906976744 0.056
0 0.4187921980495124 0.93425 0.05288822205551388 0.0525
0 0.4521755438859715 0.941 0.04538634658664666 0.06
0 0.4414853713428357 0.8305 0.0450112528132033 0.053
0 0.48105776444111026 0.87225 0.04688672168042011 0.0525
0 0.4885596399099775 0.818 0.04538634658664666 0.06
0 0.527569392348087 0.85925 0.047636909227306824 0.0525
0 0.5360090022505627 0.81875 0.04351087771942986 0.0635
0 0.5026256564141035 0.9345 0.04876219054763691 0.053
0 0.5416354088522131 0.96725 0.04801200300075019 0.0505
0 0.5579519879969993 0.90875 0.043135783945986494 0.0575
0 0.5789572393098275 0.85275 0.046136534133533386 0.0515
0 0.6065266316579144 0.88975 0.047261815453863466 0.0555
0 0.5892723180795199 0.941 0.04051012753188297 0.048
0 0.6400975243810952 0.94575 0.038634658664666165 0.0565
0 0.6528507126781695 0.86 0.04838709677419355 0.049
0 0.6639159789947486 0.882 0.03600900225056264 0.057
0 0.694298574643661 0.91825 0.037509377344336084 0.0485
0 0.7151162790697675 0.89475 0.050637659414853715 0.0495
0 0.6978619654913728 0.8475 0.047636909227306824 0.057
0 0.6635408852213053 0.7865 0.042010502625656414 0.059
0 0.6095273818454614 0.79825 0.04351087771942986 0.0555
0 0.6194673668417104 0.756 0.04388597149287322 0.057
0 0.5665791447861965 0.753 0.04913728432108027 0.056
0 0.581582895723931 0.704 0.05138784696174044 0.054
0 0.5301950487621906 0.6965 0.047636909227306824 0.058
0 0.6607276819204801 0.72975 0.052138034508627154 0.0585
0 0.7244936234058514 0.73675 0.04838709677419355 0.0565
0 0.7237434358589647 0.78825 0.04538634658664666 0.0575
0 0.7636909227306826 0.86025 0.04126031507876969 0.0485
0 0.7824456114028507 0.8035 0.04801200300075019 0.059
0 0.8336459114778695 0.7715 0.04688672168042011 0.053
0 0.8578394598649662 0.7355 0.05701425356339085 0.062
0 0.7801950487621906 0.7175 0.047261815453863466 0.044
0 0.786384096024006 0.67775 0.04913728432108027 0.0635
0 0.727119279819955 0.68175 0.04988747186796699 0.0645
0 0.6457239309827457 0.6515 0.04688672168042011 0.06
0 0.6957989497374344 0.635 0.04801200300075019 0.046
0 0.7475618904726181 0.62675 0.042010502625656414 0.0545
0 0.8012003000750187 0.60125 0.04801200300075019 0.0595
0 0.8287696924231058 0.641 0.04688672168042011 0.061
0 0.753563390847712 0.57425 0.04801200300075019 0.0565
0 0.6905476369092273 0.5825 0.05101275318829707 0.063
0 0.6271567891972993 0.61625 0.05026256564141035 0.0635
0 0.5647036759189797 0.6375 0.04838709677419355 0.061
0 0.5155663915978995 0.64325 0.04088522130532633 0.0525
0 0.5195048762190547 0.5995 0.04876219054763691 0.052
0 0.5022505626406601 0.53775 0.051762940735183796 0.0585
0 0.4414853713428357 0.52025 0.04951237809452363 0.0665
0 0.436609152288072 0.4555 0.05101275318829707 0.067
0 0.4761815453863466 0.47675 0.052138034508627154 0.0585
0 0.5395723930982745 0.46 0.04988747186796699 0.063
0 0.5515753938484621 0.51775 0.052138034508627154 0.0645
0 0.5795198799699925 0.55025 0.047261815453863466 0.0555
0 0.6072768192048013 0.52475 0.051762940735183796 0.0615
0 0.6567891972993248 0.5495 0.05251312828207052 0.07
0 0.7008627156789198 0.52325 0.055138784696174045 0.0655
0 0.7612528132033008 0.52425 0.05438859714928732 0.0715
0 0.8058889722430608 0.53425 0.04838709677419355 0.0645
0 0.8072018004501126 0.4605 0.0555138784696174 0.071
0 0.7541260315078769 0.37975 0.0603900975243811 0.0815
0 0.7771942985746436 0.393 0.046511627906976744 0.07
0 0.7057389347336834 0.42225 0.04838709677419355 0.0745
0 0.741185296324081 0.44925 0.05926481620405101 0.0605
0 0.6656039009752438 0.47875 0.05438859714928732 0.0695
0 0.590960240060015 0.45775 0.05288822205551388 0.0615
0 0.6331582895723931 0.411 0.0555138784696174 0.067
0 0.6806076519129782 0.36425 0.059639909977494375 0.0615
0 0.626781695423856 0.33775 0.047261815453863466 0.0715
0 0.5832708177044261 0.38525 0.056264066016504126 0.0725
0 0.5292573143285821 0.39525 0.05776444111027757 0.0745
0 0.4872468117029257 0.416 0.05101275318829707 0.058
0 0.4375468867216804 0.3815 0.050637659414853715 0.068
0 0.3945986496624156 0.34025 0.051762940735183796 0.0655
0 0.5080645161290323 0.333 0.056639159789947484 0.075
0 0.5697674418604651 0.32775 0.05776444111027757 0.0685
0 0.3075768942235559 0.26575 0.058514628657164294 0.0835
0 0.35108777194298574 0.28075 0.05326331582895724 0.0765
0 0.3439609902475619 0.2075 0.05701425356339085 0.079
0 0.40491372843210804 0.26125 0.05588897224306077 0.0805
0 0.45723930982745686 0.29325 0.056264066016504126 0.0745
0 0.4283570892723181 0.148 0.05701425356339085 0.082
0 0.4549887471867967 0.215 0.05926481620405101 0.084
0 0.4831207801950488 0.14675 0.058514628657164294 0.0815
0 0.5313203300825207 0.196 0.0536384096024006 0.082
0 0.503563390847712 0.257 0.04463615903975994 0.081
0 0.5568267066766691 0.252 0.056639159789947484 0.071
0 0.5365716429107277 0.113 0.05738934733683421 0.079
0 0.5948987246811703 0.09575 0.05476369092273068 0.0745
0 0.6562265566391597 0.1475 0.05588897224306077 0.079
0 0.5954613653413353 0.1865 0.0536384096024006 0.075
0 0.6269692423105776 0.26375 0.05888972243060765 0.0835
0 0.686046511627907 0.2875 0.05326331582895724 0.08
0 0.677794448612153 0.21625 0.06376594148537135 0.0825
0 0.7396849212303076 0.19375 0.06301575393848462 0.0825
0 0.741747936984246 0.2665 0.061140285071267814 0.073