0 0.15866466616654162 0.27 0.033008252063015754 0.052
0 0.11121530382595649 0.3445 0.034133533383345835 0.049
0 0.17216804201050262 0.336 0.037509377344336084 0.046
0 0.18754688672168043 0.37825 0.03225806451612903 0.0425
0 0.15753938484621155 0.41025 0.035258814703675916 0.0455
0 0.19448612153038258 0.41975 0.03488372093023256 0.0475
0 0.20836459114778694 0.45975 0.038634658664666165 0.0405
0 0.1781695423855964 0.494 0.03225806451612903 0.049
0 0.17160540135033758 0.55075 0.03563390847711928 0.0445
0 0.14628657164291073 0.5955 0.035258814703675916 0.05
0 0.19129782445611404 0.58825 0.03600900225056264 0.0485
0 0.20705176294073518 0.5495 0.03375843960990248 0.046
0 0.22468117029257315 0.58725 0.028507126781695424 0.0425
0 0.24981245311327832 0.6185 0.03225806451612903 0.045
0 0.18923480870217554 0.67025 0.038634658664666165 0.0445
0 0.24681170292573143 0.663 0.037509377344336084 0.046
0 0.2678169542385596 0.69175 0.03675918979744936 0.0455
0 0.2856339084771193 0.6525 0.03338334583645911 0.046
0 0.28844711177794446 0.729 0.03225806451612903 0.04
0 0.3083270817704426 0.758 0.04126031507876969 0.045
0 0.32614403600900227 0.69525 0.03338334583645911 0.0475
0 0.3512753188297074 0.73 0.030382595648912228 0.047
0 0.3722805701425356 0.6955 0.037134283570892726 0.046
0 0.3818454613653413 0.73725 0.0345086271567892 0.0465
0 0.367966991747937 0.77225 0.03375843960990248 0.0385
0 0.36365341335333834 0.8095 0.03938484621155289 0.045
0 0.36027756939234806 0.8495 0.03488372093023256 0.044
0 0.3360840210052513 0.63375 0.03600900225056264 0.0455
0 0.3025131282820705 0.60475 0.03488372093023256 0.0425
0 0.3447111777944486 0.592 0.03600900225056264 0.047
0 0.3100150037509377 0.566 0.03488372093023256 0.046
0 0.2745686421605401 0.56925 0.03075768942235559 0.0485
0 0.25 0.53725 0.028132033008252063 0.0425
0 0.29276069017254314 0.52225 0.034133533383345835 0.0495
0 0.34264816204051013 0.5195 0.03188297074268567 0.046
0 0.2213053263315829 0.5095 0.03600900225056264 0.04
0 0.2614403600900225 0.488 0.029257314328582147 0.048
0 0.30307576894223553 0.4735 0.03600900225056264 0.043
0 0.3463990997749437 0.475 0.03938484621155289 0.05
0 0.31039009752438107 0.433 0.03488372093023256 0.039
0 0.3454613653413353 0.40375 0.03375843960990248 0.0505
0 0.36252813203300827 0.433 0.030382595648912228 0.043
0 0.24681170292573143 0.44 0.03600900225056264 0.043
0 0.24812453113278318 0.4005 0.038634658664666165 0.044
0 0.29351087771942985 0.39725 0.03338334583645911 0.0435
0 0.23330832708177043 0.35825 0.03675918979744936 0.0485
0 0.27663165791447863 0.363 0.032633158289572396 0.049
0 0.31282820705176295 0.359 0.03375843960990248 0.048
0 0.3477119279819955 0.353 0.035258814703675916 0.047
0 0.2605026256564141 0.32425 0.03563390847711928 0.0425
0 0.2250562640660165 0.311 0.03600900225056264 0.046
0 0.24774943735933982 0.2845 0.028882220555138786 0.046
0 0.27644411102775696 0.27825 0.035258814703675916 0.0475
0 0.2768192048012003 0.22475 0.04126031507876969 0.0585
0 0.3115153788447112 0.25575 0.03113278319579895 0.0445
0 0.32333083270817703 0.21925 0.03900975243810953 0.0485
0 0.3413353338334584 0.2775 0.03675918979744936 0.046
0 0.32914478619654913 0.31525 0.03563390847711928 0.0425
0 0.3775318829707427 0.276 0.03338334583645911 0.049
0 0.3966616654163541 0.31575 0.03563390847711928 0.0455
0 0.41616654163540884 0.282 0.037134283570892726 0.047
0 0.43942235558889725 0.2495 0.03338334583645911 0.045
0 0.44111027756939236 0.1925 0.03900975243810953 0.048
0 0.47861965491372843 0.19525 0.03675918979744936 0.0485
0 0.5198799699924981 0.167 0.03225806451612903 0.045
0 0.5547636909227307 0.155 0.03225806451612903 0.043
0 0.5941485371342836 0.13525 0.033008252063015754 0.0445
0 0.4713053263315829 0.249 0.03188297074268567 0.044
0 0.49006001500375096 0.2795 0.03113278319579895 0.039
0 0.4382970742685671 0.3185 0.034133533383345835 0.04
0 0.4694298574643661 0.307 0.03488372093023256 0.049
0 0.459489872468117 0.35125 0.03150787696924231 0.0415
0 0.4247936984246061 0.35875 0.03488372093023256 0.0395
0 0.38447111777944487 0.37975 0.03675918979744936 0.0455
0 0.4199174793698425 0.4 0.036384096024006 0.046
0 0.45367591897974496 0.41325 0.03113278319579895 0.0475
0 0.4377344336084021 0.4455 0.0345086271567892 0.042
0 0.4214178544636159 0.4915 0.03338334583645911 0.041
0 0.38953488372093026 0.527 0.03338334583645911 0.047
0 0.4062265566391598 0.5915 0.03375843960990248 0.048
0 0.4197299324831208 0.619 0.03375843960990248 0.043
0 0.4283570892723181 0.65375 0.03075768942235559 0.0385
0 0.41072768192048015 0.70775 0.03075768942235559 0.0475
0 0.4214178544636159 0.7615 0.03338334583645911 0.045
0 0.40753938484621155 0.8015 0.034133533383345835 0.044
0 0.41072768192048015 0.84175 0.03375843960990248 0.0375
0 0.41766691672918227 0.87975 0.029632408102025505 0.0385
0 0.4392348087021755 0.86225 0.029257314328582147 0.0415
0 0.4521755438859715 0.88775 0.030382595648912228 0.0395
0 0.4309827456864216 0.9205 0.03075768942235559 0.044
0 0.43210802700675166 0.96475 0.03225806451612903 0.0405
0 0.46924231057764443 0.9825 0.035258814703675916 0.033
0 0.46905476369092275 0.93125 0.030382595648912228 0.0435
0 0.4998124531132783 0.929 0.030382595648912228 0.038
0 0.4876219054763691 0.881 0.028507126781695424 0.044
0 0.4943735933983496 0.896 0.02700675168792198 0.031
0 0.5125656414103525 0.84275 0.03188297074268567 0.0395
0 0.5211927981995499 0.85925 0.028882220555138786 0.0355
0 0.4741185296324081 0.84825 0.03225806451612903 0.0345
0 0.4761815453863466 0.8105 0.028132033008252063 0.04
0 0.4461740435108777 0.80925 0.03113278319579895 0.0365
0 0.46324081020255065 0.7785 0.03375843960990248 0.035
0 0.4461740435108777 0.73225 0.028882220555138786 0.0405
0 0.47580645161290325 0.734 0.03188297074268567 0.042
0 0.5148162040510128 0.79225 0.032633158289572396 0.0445
0 0.5324456114028507 0.74825 0.03188297074268567 0.0345
0 0.5153788447111778 0.71625 0.03075768942235559 0.0365
0 0.49456114028507125 0.69875 0.024381095273818456 0.0465
0 0.4653038259564891 0.6705 0.03113278319579895 0.043
0 0.46811702925731435 0.61475 0.035258814703675916 0.0425
0 0.4988747186796699 0.62525 0.03225806451612903 0.0465
0 0.517066766691673 0.67 0.030382595648912228 0.045
0 0.5386346586646662 0.69575 0.03225806451612903 0.0405
0 0.5481995498874719 0.65525 0.03338334583645911 0.0495
0 0.4317329332333083 0.5605 0.03375843960990248 0.046
0 0.47168042010502625 0.57175 0.03338334583645911 0.0465
0 0.5026256564141035 0.57925 0.028507126781695424 0.0455
0 0.4508627156789197 0.5245 0.035258814703675916 0.044
0 0.48030757689422354 0.516 0.03188297074268567 0.044
0 0.46136534133533386 0.47525 0.03600900225056264 0.0465
0 0.5022505626406601 0.46375 0.029257314328582147 0.0365
0 0.52231807951988 0.49775 0.03563390847711928 0.0435
0 0.5283195798949737 0.535 0.034133533383345835 0.04
0 0.5474493623405852 0.5745 0.03113278319579895 0.043
0 0.5530757689422355 0.616 0.032633158289572396 0.042
0 0.48443360840210054 0.42575 0.034133533383345835 0.0405
0 0.49268567141785446 0.3845 0.03338334583645911 0.039
0 0.517066766691673 0.42925 0.030382595648912228 0.0415
0 0.5450112528132033 0.4535 0.03150787696924231 0.042
0 0.5331957989497375 0.39475 0.03338334583645911 0.0365
0 0.4924981245311328 0.34175 0.035258814703675916 0.0425
0 0.5189422355588897 0.3055 0.032633158289572396 0.043
0 0.5238184546136534 0.24125 0.03938484621155289 0.0425
0 0.5453863465866466 0.274 0.033008252063015754 0.042
0 0.5572018004501126 0.23475 0.034133533383345835 0.0465
0 0.5534508627156789 0.31475 0.032633158289572396 0.0435
0 0.545198799699925 0.3555 0.03563390847711928 0.046
0 0.5714553638409603 0.38225 0.03488372093023256 0.0375
0 0.5652663165791448 0.42075 0.033008252063015754 0.0375
0 0.5740810202550638 0.4605 0.030382595648912228 0.043
0 0.5579519879969993 0.49025 0.03338334583645911 0.0425
0 0.5603900975243811 0.53125 0.033008252063015754 0.0395
0 0.5954613653413353 0.198 0.03338334583645911 0.045
0 0.6309077269317329 0.18425 0.035258814703675916 0.0425
0 0.6569767441860465 0.15775 0.03563390847711928 0.0435
0 0.6989872468117029 0.1595 0.03488372093023256 0.046
0 0.6757314328582146 0.21025 0.03188297074268567 0.0405
0 0.6189047261815454 0.22975 0.030007501875468866 0.0435
0 0.6440360090022506 0.22325 0.0277569392348087 0.0415
0 0.6415978994748687 0.265 0.03338334583645911 0.036
0 0.5879594898724682 0.246 0.03188297074268567 0.041
0 0.5879594898724682 0.287 0.030382595648912228 0.04
0 0.5819579894973743 0.3275 0.029632408102025505 0.049
0 0.613278319579895 0.3335 0.03150787696924231 0.045
0 0.6172168042010503 0.29225 0.029632408102025505 0.0395
0 0.6526631657914479 0.30275 0.03075768942235559 0.0435
0 0.6447861965491373 0.342 0.03225806451612903 0.043
0 0.6005251312828207 0.3805 0.030007501875468866 0.046
0 0.6271567891972993 0.40075 0.030007501875468866 0.0465
0 0.5978994748687172 0.42525 0.03150787696924231 0.0405
0 0.604463615903976 0.47325 0.028882220555138786 0.0475
0 0.5879594898724682 0.5035 0.028882220555138786 0.039
0 0.5980870217554388 0.5425 0.03563390847711928 0.042
0 0.5905851462865717 0.57925 0.034133533383345835 0.0385
0 0.5995873968492123 0.60675 0.03188297074268567 0.0405
0 0.5849587396849212 0.6475 0.03113278319579895 0.051
0 0.568642160540135 0.66825 0.024756189047261814 0.0415
0 0.5575768942235559 0.706 0.02738184546136534 0.039
0 0.5922730682670667 0.72825 0.0345086271567892 0.0395
0 0.6074643660915229 0.705 0.029632408102025505 0.037
0 0.6031507876969242 0.67175 0.03225806451612903 0.0365
0 0.6365341335333834 0.645 0.033008252063015754 0.04
0 0.636721680420105 0.68625 0.028132033008252063 0.0415
0 0.6659789947486872 0.6875 0.030382595648912228 0.043
0 0.6588522130532634 0.71975 0.03188297074268567 0.0415
0 0.6125281320330083 0.7495 0.02700675168792198 0.048
0 0.5798949737434359 0.767 0.03150787696924231 0.041
0 0.5699549887471868 0.8035 0.03113278319579895 0.039
0 0.5585146286571643 0.8385 0.03075768942235559 0.04
0 0.5508252063015754 0.89 0.03188297074268567 0.046
0 0.5615153788447111 0.9325 0.033008252063015754 0.04
0 0.5881470367591898 0.92675 0.029257314328582147 0.0435
0 0.5832708177044261 0.88325 0.03225806451612903 0.0455
0 0.5992123030757689 0.8445 0.030382595648912228 0.04
0 0.6005251312828207 0.805 0.0277569392348087 0.044
0 0.626781695423856 0.829 0.0277569392348087 0.04
0 0.613278319579895 0.8605 0.028507126781695424 0.032
0 0.6318454613653414 0.79375 0.030382595648912228 0.0435
0 0.6487246811702926 0.837 0.02738184546136534 0.039
0 0.6159039759939985 0.91125 0.03075768942235559 0.0455
0 0.6423480870217554 0.90375 0.02663165791447862 0.0425
0 0.6639159789947486 0.88175 0.0277569392348087 0.0435
0 0.6877344336084021 0.833 0.030382595648912228 0.036
0 0.6986121530382595 0.85125 0.03188297074268567 0.0375
0 0.6729182295573893 0.785 0.033008252063015754 0.04
0 0.6545386346586647 0.756 0.03075768942235559 0.036
0 0.6822955738934734 0.74875 0.0277569392348087 0.0375
0 0.7025506376594148 0.77225 0.029257314328582147 0.0385
0 0.7115528882220555 0.7985 0.03225806451612903 0.04
0 0.6948612153038259 0.71025 0.029632408102025505 0.0425
0 0.7301200300075019 0.72575 0.03113278319579895 0.0405
0 0.75 0.75725 0.03488372093023256 0.0425
0 0.6821080270067517 0.65525 0.03338334583645911 0.0405
0 0.6751687921980495 0.61225 0.0345086271567892 0.0415
0 0.7046136534133534 0.62675 0.02738184546136534 0.0435
0 0.7220555138784697 0.661 0.033008252063015754 0.042
0 0.7269317329332333 0.69 0.023255813953488372 0.038
0 0.6200300075018754 0.5715 0.030007501875468866 0.035
0 0.6370967741935484 0.6035 0.028882220555138786 0.04
0 0.6564141035258815 0.57575 0.029257314328582147 0.0415
0 0.6271567891972993 0.527 0.03150787696924231 0.043
0 0.6573518379594899 0.53525 0.030382595648912228 0.0395
0 0.6800450112528132 0.56625 0.025506376594148537 0.0445
0 0.6295948987246812 0.4825 0.02738184546136534 0.04
0 0.6571642910727682 0.4925 0.029257314328582147 0.051
0 0.6438484621155289 0.439 0.03788447111777944 0.045
0 0.6627906976744186 0.40725 0.03375843960990248 0.0425
0 0.6761065266316579 0.376 0.03338334583645911 0.039
0 0.6753563390847712 0.33425 0.03188297074268567 0.0405
0 0.6815453863465867 0.2955 0.029257314328582147 0.04
0 0.6702925731432858 0.25925 0.0277569392348087 0.0385
0 0.6984246061515379 0.24525 0.03225806451612903 0.0505
0 0.7115528882220555 0.22075 0.03225806451612903 0.0365
0 0.7406226556639159 0.24125 0.028132033008252063 0.0515
0 0.7171792948237059 0.27825 0.029257314328582147 0.0445
0 0.7346211552888222 0.31225 0.03113278319579895 0.0395
0 0.707801950487622 0.3225 0.030007501875468866 0.04
0 0.7012378094523631 0.3605 0.028132033008252063 0.04
0 0.6911102775693924 0.41475 0.02663165791447862 0.0385
0 0.7192423105776444 0.4 0.032633158289572396 0.051
0 0.7316204051012754 0.37275 0.032633158289572396 0.0395
0 0.7462490622655664 0.402 0.028132033008252063 0.034
0 0.7256189047261815 0.4535 0.029632408102025505 0.045
0 0.6914853713428357 0.45525 0.03488372093023256 0.0405
0 0.7027381845461366 0.494 0.037134283570892726 0.039
0 0.6866091522880721 0.5185 0.03113278319579895 0.043
0 0.713615903975994 0.54425 0.03188297074268567 0.0385
0 0.7063015753938484 0.5825 0.03225806451612903 0.044
0 0.7303075768942235 0.56975 0.03075768942235559 0.0385
0 0.7415603900975244 0.6155 0.033008252063015754 0.043
0 0.7458739684921231 0.654 0.029632408102025505 0.039
0 0.7665041260315079 0.66825 0.029632408102025505 0.0345
0 0.7698799699924981 0.62675 0.025131282820705175 0.0475
0 0.7578769692423106 0.7065 0.03488372093023256 0.045
0 0.7591897974493623 0.57975 0.024756189047261814 0.0435
0 0.7773818454613654 0.5865 0.020630157539384845 0.04
0 0.7483120780195048 0.53725 0.029257314328582147 0.0445
0 0.7826331582895724 0.552 0.03113278319579895 0.042
0 0.7374343585896475 0.4915 0.03225806451612903 0.045
0 0.7743810952738185 0.509 0.03488372093023256 0.048
0 0.8077644411102776 0.53325 0.030382595648912228 0.0505
0 0.8165791447861965 0.5065 0.030007501875468866 0.036
0 0.7563765941485371 0.46925 0.03113278319579895 0.0425
0 0.7878844711177795 0.4745 0.029632408102025505 0.04
0 0.8184546136534133 0.47475 0.03075768942235559 0.0415
0 0.768192048012003 0.4345 0.037509377344336084 0.037
0 0.8042010502625656 0.41625 0.0345086271567892 0.0455
0 0.8370217554388597 0.439 0.036384096024006 0.039
0 0.7629407351837959 0.35875 0.03600900225056264 0.0415
0 0.7773818454613654 0.38975 0.032633158289572396 0.0445
0 0.7815078769692423 0.32825 0.037134283570892726 0.0385
0 0.804576144036009 0.35425 0.029257314328582147 0.0405
0 0.8312078019504876 0.375 0.03600900225056264 0.039
0 0.8548387096774194 0.39475 0.03075768942235559 0.0435
0 0.8454613653413353 0.3535 0.0345086271567892 0.037
0 0.7923855963990998 0.26475 0.034133533383345835 0.0525
0 0.7584396099024756 0.27675 0.03075768942235559 0.0405