0 0.3167666916729182 0.27 0.050637659414853715 0.105
0 0.2642535633908477 0.3545 0.04688672168042011 0.099
0 0.3630907726931733 0.3415 0.056264066016504126 0.103
0 0.3447111777944486 0.36475 0.04576144036009002 0.0785
0 0.2625656414103526 0.44475 0.04351087771942986 0.0885
0 0.30420105026256566 0.4585 0.04876219054763691 0.092
0 0.350337584396099 0.43925 0.0555138784696174 0.0915
0 0.2938859714928732 0.533 0.041635408852213056 0.085
0 0.34752438109527384 0.54675 0.04688672168042011 0.0875
0 0.3850337584396099 0.5335 0.055138784696174045 0.091
0 0.41841710427606904 0.47325 0.059639909977494375 0.0955
0 0.2861965491372843 0.63025 0.04576144036009002 0.0845
0 0.3531507876969242 0.75875 0.050637659414853715 0.0955
0 0.3313953488372093 0.70225 0.04838709677419355 0.0725
0 0.3987246811702926 0.60925 0.04426106526631658 0.0785
0 0.4291072768192048 0.64575 0.05401350337584396 0.0975
0 0.46230307576894225 0.738 0.055138784696174045 0.099
0 0.4187921980495124 0.83775 0.05888972243060765 0.0875
0 0.5148162040510128 0.85125 0.0641410352588147 0.1035
0 0.5294448612153039 0.774 0.06339084771192798 0.107
0 0.5466991747936985 0.6815 0.0671417854463616 0.11
0 0.5061890472618155 0.63375 0.05813953488372093 0.0905
0 0.5153788447111778 0.555 0.06601650412603151 0.103
0 0.4713053263315829 0.55275 0.04913728432108027 0.0975
0 0.5026256564141035 0.45775 0.060765191297824456 0.0915
0 0.4518004501125281 0.363 0.05813953488372093 0.105
0 0.5123780945236309 0.36825 0.06676669167291822 0.1125
0 0.5622655663915979 0.46475 0.06826706676669167 0.1135
0 0.49287321830457614 0.267 0.06301575393848462 0.099
0 0.4971867966991748 0.1575 0.07389347336834208 0.122
0 0.6065266316579144 0.1965 0.08552138034508627 0.133
0 0.5768942235558889 0.26125 0.072768192048012 0.0995
0 0.5969617404351087 0.3785 0.07989497374343586 0.124
0 0.6404726181545386 0.49925 0.07989497374343586 0.1185
0 0.6052138034508627 0.56325 0.07464366091522881 0.1005
0 0.6309077269317329 0.679 0.08102025506376594 0.119
0 0.7184921230307577 0.7325 0.09339834958739685 0.121
0 0.6687921980495124 0.625 0.09602400600150038 0.126
0 0.8030757689422355 0.66475 0.09902475618904726 0.1275
0 0.7573143285821455 0.544 0.09602400600150038 0.122
0 0.867966991747937 0.5585 0.10952738184546136 0.123
0 0.7998874718679669 0.43975 0.10465116279069768 0.1395
0 0.7704426106526632 0.30275 0.10127531882970743 0.1265
0 0.6892348087021756 0.29475 0.07989497374343586 0.1185