0 0.21212121212121213 0.845 0.03890759446315002 0.045
0 0.2787130564908343 0.89825 0.04414515525626637 0.0525
0 0.3327721661054994 0.86 0.040778151889263 0.056
0 0.2669285447063225 0.834 0.036288814066591846 0.05
0 0.2736625514403292 0.809 0.040778151889263 0.048
0 0.3900112233445567 0.861 0.03554059109614665 0.053
0 0.35914702581369246 0.817 0.04489337822671156 0.05
0 0.32416760194537975 0.7915 0.037037037037037035 0.045
0 0.3451178451178451 0.769 0.040778151889263 0.051
0 0.3176206509539843 0.74375 0.03666292555181444 0.0485
0 0.2454171343060232 0.7 0.04713804713804714 0.057
0 0.21212121212121213 0.65725 0.038159371492704826 0.0545
0 0.24616535727646838 0.626 0.03965581743359521 0.053
0 0.2962962962962963 0.65325 0.03965581743359521 0.0555
0 0.30265619154508044 0.69925 0.035166479610924055 0.0485
0 0.33202394313505423 0.699 0.040029928918817806 0.053
0 0.3329592218481107 0.667 0.04264870931537598 0.056
0 0.37111859334081554 0.7045 0.04339693228582117 0.052
0 0.3774784885895997 0.75825 0.04489337822671156 0.0585
0 0.395248784137673 0.8015 0.040778151889263 0.05
0 0.43135054246165355 0.82775 0.041900486344930786 0.0595
0 0.43677515899738123 0.788 0.04526748971193416 0.046
0 0.471754582865694 0.83225 0.04414515525626637 0.0535
0 0.5099139543583988 0.81725 0.0411522633744856 0.0615
0 0.5482603815937149 0.8245 0.03778526000748223 0.062
0 0.48073325851103627 0.77675 0.04339693228582117 0.0495
0 0.5344182566404788 0.77675 0.046763935652824544 0.0535
0 0.5731387953610175 0.783 0.03666292555181444 0.062
0 0.45361017583239804 0.73575 0.040778151889263 0.0605
0 0.4051627384960718 0.71975 0.04339693228582117 0.0625
0 0.43471754582865696 0.678 0.04414515525626637 0.058
0 0.4779274223718668 0.68225 0.04377104377104377 0.0535
0 0.5048634493078937 0.716 0.04601571268237935 0.047
0 0.5235690235690236 0.686 0.04451926674148896 0.06
0 0.3999251777029555 0.6445 0.041900486344930786 0.047
0 0.3503554059109615 0.6185 0.03928170594837262 0.051
0 0.3178077066965956 0.6105 0.040029928918817806 0.05
0 0.28189300411522633 0.573 0.040029928918817806 0.059
0 0.3176206509539843 0.57075 0.04414515525626637 0.0555
0 0.24279835390946503 0.5285 0.04638982416760194 0.054
0 0.28077066965955855 0.511 0.04302282080059858 0.051
0 0.20875420875420875 0.47125 0.048634493078937524 0.0605
0 0.19603441825664047 0.41575 0.048634493078937524 0.0585
0 0.22745978301533856 0.35475 0.04040404040404041 0.0555
0 0.2607557052001496 0.35225 0.05013093901982791 0.0565
0 0.26992143658810325 0.283 0.03853348297792742 0.064
0 0.3108866442199775 0.32825 0.04414515525626637 0.0565
0 0.3221099887766554 0.38125 0.05013093901982791 0.0595
0 0.37093153759820424 0.37975 0.04152637485970819 0.0665
0 0.3673774784885896 0.3135 0.04788627010849233 0.069
0 0.3565282454171343 0.44275 0.04713804713804714 0.0565
0 0.3385708941264497 0.5025 0.04938271604938271 0.06
0 0.3829031051253273 0.4825 0.050505050505050504 0.048
0 0.37186681631126073 0.58375 0.04788627010849233 0.0555
0 0.3993640104751216 0.5405 0.04302282080059858 0.065
0 0.41395435839880285 0.59825 0.04526748971193416 0.0495
0 0.44126449682005237 0.552 0.04451926674148896 0.064
0 0.44238683127572015 0.49525 0.04302282080059858 0.0615
0 0.48597081930415265 0.51125 0.04040404040404041 0.0635
0 0.4508043396932286 0.6285 0.04414515525626637 0.059
0 0.48166853722409275 0.5845 0.040778151889263 0.06
0 0.4940142162364385 0.6265 0.04227459783015339 0.051
0 0.5308641975308642 0.61125 0.04489337822671156 0.0595
0 0.5203890759446315 0.561 0.05013093901982791 0.062
0 0.5282454171343061 0.505 0.04564160119715675 0.053
0 0.5084175084175084 0.45425 0.04414515525626637 0.0605
0 0.494949494949495 0.39575 0.04713804713804714 0.0605
0 0.47493453049008605 0.345 0.046763935652824544 0.064
0 0.4493078937523382 0.27875 0.04713804713804714 0.0645
0 0.42012719790497566 0.23325 0.04788627010849233 0.0615
0 0.4564160119715675 0.1815 0.052375607931163484 0.067
0 0.49120838009726897 0.25325 0.054620276842499066 0.0705
0 0.508791619902731 0.19475 0.04713804713804714 0.0685
0 0.5110362888140666 0.314 0.048634493078937524 0.059
0 0.5364758698092031 0.4035 0.04339693228582117 0.066
0 0.5860456416011972 0.72675 0.03928170594837262 0.0475
0 0.562102506546951 0.6885 0.040029928918817806 0.065
0 0.5757575757575758 0.6205 0.04638982416760194 0.063
0 0.5720164609053497 0.558 0.04938271604938271 0.061
0 0.6066217732884399 0.6605 0.04227459783015339 0.063
0 0.6240179573512907 0.71925 0.04264870931537598 0.0575
0 0.622334455667789 0.76625 0.040029928918817806 0.0515
0 0.6172839506172839 0.57425 0.04564160119715675 0.0665
0 0.5849233071455293 0.499 0.04751215862326973 0.066
0 0.5858585858585859 0.427 0.04339693228582117 0.066
0 0.5630377852600075 0.355 0.0508791619902731 0.064
0 0.5383464272353161 0.254 0.04938271604938271 0.073
0 0.5794986906098017 0.28375 0.05387205387205387 0.0705
0 0.5804339693228582 0.2105 0.056490834268612046 0.066
0 0.5604190048634493 0.15325 0.04713804713804714 0.0675
0 0.6591844369622147 0.13825 0.04264870931537598 0.0705
0 0.6333707444818556 0.23525 0.048634493078937524 0.0735
0 0.6275720164609053 0.304 0.049756827534605315 0.072
0 0.6199027310138421 0.3715 0.04938271604938271 0.067
0 0.6301907968574635 0.4315 0.04751215862326973 0.059
0 0.6354283576505799 0.49575 0.04377104377104377 0.0665
0 0.6584362139917695 0.54975 0.048634493078937524 0.0585
0 0.6644219977553311 0.6155 0.04414515525626637 0.061
0 0.6539468761690984 0.676 0.04564160119715675 0.068
0 0.6849981294425739 0.7395 0.04414515525626637 0.06
0 0.6664796109240554 0.772 0.04377104377104377 0.051
0 0.7384960718294051 0.729 0.04788627010849233 0.06
0 0.7029554807332585 0.6685 0.04788627010849233 0.057
0 0.7124953236064347 0.615 0.04826038159371493 0.067
0 0.7499064721286943 0.6695 0.03554059109614665 0.045
0 0.7637485970819304 0.636 0.04451926674148896 0.057
0 0.7063224841002619 0.56 0.0411522633744856 0.065
0 0.7665544332210998 0.5455 0.04713804713804714 0.063
0 0.7186681631126075 0.50325 0.04638982416760194 0.0625
0 0.6704077815188926 0.45625 0.048634493078937524 0.0705
0 0.6960344182566405 0.4045 0.05499438832772166 0.062
0 0.7349420127197905 0.44325 0.03928170594837262 0.0655
0 0.7706696595585485 0.48075 0.0411522633744856 0.0675
0 0.7392442947998503 0.379 0.03890759446315002 0.067
0 0.70894126449682 0.34 0.051627384960718295 0.062
0 0.6689113355780022 0.28375 0.05013093901982791 0.0715
0 0.6831275720164609 0.21125 0.051627384960718295 0.0695
0 0.719603441825664 0.2805 0.049756827534605315 0.069
0 0.7835765057987281 0.4195 0.05424616535727647 0.065
0 0.8200523756079312 0.491 0.04938271604938271 0.065
0 0.8404414515525627 0.44275 0.04826038159371493 0.0665
0 0.8933782267115601 0.43075 0.04713804713804714 0.0635
0 0.8168724279835391 0.3685 0.049756827534605315 0.069
0 0.7716049382716049 0.32075 0.056490834268612046 0.0675
0 0.820613542835765 0.302 0.0512532734754957 0.064
0 0.8574635241301908 0.345 0.051627384960718295 0.062
0 0.7620650953984287 0.22925 0.055368499812944255 0.0695
0 0.7104377104377104 0.15675 0.04638982416760194 0.0625
0 0.7605686494575383 0.165 0.04638982416760194 0.068
0 0.7596333707444819 0.08525 0.046763935652824544 0.0695
0 0.8151889263000374 0.125 0.04713804713804714 0.059
0 0.8097643097643098 0.19475 0.046763935652824544 0.0605
0 0.8387579498690609 0.25025 0.04788627010849233 0.0645
0 0.8529741863075196 0.157 0.048634493078937524 0.07
0 0.9126449682005238 0.22375 0.050505050505050504 0.0675
0 0.9294799850355406 0.25725 0.03554059109614665 0.0525
0 0.9072203516647961 0.29025 0.05910961466517022 0.0655
0 0.9427609427609428 0.31675 0.04564160119715675 0.0665
0 0.9165731387953611 0.36925 0.051627384960718295 0.0685