0 0.08327081770442611 0.39525 0.07351837959489872 0.0745
0 0.10108777194298575 0.4675 0.061140285071267814 0.078
0 0.11984246061515379 0.541 0.06339084771192798 0.061
0 0.1704801200300075 0.505 0.05888972243060765 0.065
0 0.195423855963991 0.455 0.06676669167291822 0.067
0 0.14928732183045762 0.61 0.05926481620405101 0.068
0 0.19129782445611404 0.6545 0.05101275318829707 0.059
0 0.23724681170292572 0.69075 0.05438859714928732 0.0565
0 0.2124906226556639 0.58475 0.04538634658664666 0.0675
0 0.2605026256564141 0.615 0.05138784696174044 0.057
0 0.29857464366091524 0.66375 0.05326331582895724 0.0705
0 0.3049512378094524 0.704 0.05251312828207052 0.045
0 0.35877719429857463 0.70725 0.04463615903975994 0.0565
0 0.38447111777944487 0.757 0.046511627906976744 0.048
0 0.4165416354088522 0.731 0.055138784696174045 0.049
0 0.3987246811702926 0.6845 0.05026256564141035 0.064
0 0.3467741935483871 0.639 0.046136534133533386 0.045
0 0.3199549887471868 0.5955 0.056264066016504126 0.063
0 0.37134283570892723 0.59675 0.04276069017254314 0.0605
0 0.22280570142535633 0.50825 0.06001500375093773 0.0685
0 0.28169542385596397 0.53525 0.051762940735183796 0.0625
0 0.3360840210052513 0.52325 0.05326331582895724 0.0585
0 0.40097524381095273 0.557 0.05401350337584396 0.065
0 0.4187921980495124 0.635 0.05138784696174044 0.06
0 0.45255063765941483 0.69675 0.055138784696174045 0.0585
0 0.4673668417104276 0.63525 0.04951237809452363 0.0605
0 0.5196924231057765 0.6355 0.055138784696174045 0.054
0 0.495873968492123 0.58125 0.058514628657164294 0.0555
0 0.42198049512378094 0.51025 0.05476369092273068 0.0705
0 0.4737434358589647 0.52775 0.05101275318829707 0.0655
0 0.31189047261815456 0.46575 0.059639909977494375 0.0715
0 0.2704426106526632 0.43675 0.0555138784696174 0.0565
0 0.23893473368342086 0.3825 0.06601650412603151 0.067
0 0.17573143285821455 0.34925 0.0671417854463616 0.0675
0 0.14497374343585898 0.29 0.0641410352588147 0.072
0 0.21624156039009754 0.30175 0.061140285071267814 0.0765
0 0.18323330832708176 0.1885 0.06264066016504126 0.084
0 0.22018004501125282 0.15025 0.06526631657914479 0.0835
0 0.23162040510127532 0.24025 0.06489122280570142 0.0805
0 0.2912603150787697 0.2385 0.0603900975243811 0.087
0 0.28994748687171795 0.30425 0.07126781695423856 0.0755
0 0.313390847711928 0.403 0.05813953488372093 0.068
0 0.36702925731432856 0.4165 0.061140285071267814 0.071
0 0.3790322580645161 0.46075 0.0603900975243811 0.0615
0 0.3351462865716429 0.1925 0.059639909977494375 0.097
0 0.3677794448612153 0.25475 0.06939234808702176 0.0765
0 0.3546511627906977 0.3175 0.0641410352588147 0.083
0 0.43960990247561893 0.12325 0.0622655663915979 0.0895
0 0.47655663915978996 0.22675 0.05738934733683421 0.0845
0 0.43792198049512376 0.295 0.05888972243060765 0.086
0 0.42366841710427605 0.34525 0.055138784696174045 0.0765
0 0.4358589647411853 0.42125 0.05401350337584396 0.0845
0 0.477119279819955 0.36475 0.05476369092273068 0.0825
0 0.5075018754688673 0.4295 0.0622655663915979 0.075
0 0.5138784696174044 0.475 0.0555138784696174 0.066
0 0.530570142535634 0.543 0.052138034508627154 0.063
0 0.5620780195048762 0.608 0.052138034508627154 0.064
0 0.5617029257314329 0.6375 0.036384096024006 0.029
0 0.6099024756189048 0.601 0.04801200300075019 0.063
0 0.5791447861965492 0.5335 0.05101275318829707 0.059
0 0.5988372093023255 0.479 0.04913728432108027 0.067
0 0.5819579894973743 0.41775 0.056639159789947484 0.0685
0 0.5343210802700675 0.3495 0.05813953488372093 0.071
0 0.5060015003750937 0.28475 0.05701425356339085 0.0805
0 0.5489497374343586 0.23375 0.0641410352588147 0.0775
0 0.5658289572393098 0.27975 0.056639159789947484 0.0725
0 0.5157539384846211 0.1575 0.06301575393848462 0.082
0 0.5429482370592649 0.078 0.06264066016504126 0.081
0 0.5753938484621155 0.152 0.0555138784696174 0.082
0 0.6359714928732183 0.198 0.0603900975243811 0.079
0 0.6258439609902475 0.2775 0.059639909977494375 0.084
0 0.6217179294823706 0.33725 0.055138784696174045 0.0675
0 0.6374718679669917 0.43575 0.05438859714928732 0.0665
0 0.6888597149287322 0.412 0.05138784696174044 0.076
0 0.6250937734433608 0.5345 0.052138034508627154 0.075
0 0.672543135783946 0.50075 0.05401350337584396 0.0675
0 0.6618529632408102 0.55625 0.04988747186796699 0.0635
0 0.6661665416354089 0.63675 0.05026256564141035 0.0515
0 0.699549887471868 0.6395 0.04126031507876969 0.053
0 0.7304951237809453 0.63275 0.041635408852213056 0.0505
0 0.6952363090772693 0.59125 0.04463615903975994 0.0545
0 0.7051762940735183 0.53525 0.05326331582895724 0.0585
0 0.7443735933983496 0.586 0.05138784696174044 0.053
0 0.7625656414103525 0.5575 0.05101275318829707 0.07
0 0.8053263315828957 0.596 0.05251312828207052 0.066
0 0.7908852213053263 0.64 0.0536384096024006 0.059
0 0.8420855213803451 0.63625 0.042010502625656414 0.0655
0 0.8645911477869468 0.58425 0.04876219054763691 0.0535
0 0.8428357089272318 0.562 0.04951237809452363 0.06
0 0.8308327081770442 0.518 0.05326331582895724 0.065
0 0.786946736684171 0.4975 0.046511627906976744 0.071
0 0.7379969992498124 0.5035 0.0536384096024006 0.063
0 0.7299324831207802 0.4245 0.04951237809452363 0.07
0 0.7936984246061516 0.43225 0.05101275318829707 0.0705
0 0.7153038259564891 0.34025 0.0555138784696174 0.0735
0 0.7627531882970743 0.35925 0.047636909227306824 0.0715
0 0.7113653413353338 0.23875 0.05888972243060765 0.0845
0 0.708927231807952 0.176 0.06376594148537135 0.073
0 0.7781320330082521 0.2355 0.05288822205551388 0.074
0 0.7573143285821455 0.299 0.05701425356339085 0.076
0 0.8364591147786947 0.166 0.0622655663915979 0.081
0 0.8424606151537885 0.25725 0.05476369092273068 0.0765
0 0.8190172543135784 0.3175 0.0603900975243811 0.067
0 0.8390847711927982 0.37025 0.05026256564141035 0.0685
0 0.9081020255063766 0.2445 0.0555138784696174 0.084
0 0.8756564141035259 0.32475 0.052138034508627154 0.0815
0 0.8509002250562641 0.44225 0.04988747186796699 0.0675
0 0.8936609152288072 0.40075 0.05288822205551388 0.0625
0 0.963053263315829 0.40525 0.050637659414853715 0.0645
0 0.8989122280570142 0.4525 0.04688672168042011 0.058
0 0.9531132783195799 0.452 0.04951237809452363 0.044
0 0.9073518379594899 0.542 0.0555138784696174 0.055
0 0.9441110277569392 0.521 0.042010502625656414 0.065