0 0.31545386346586646 0.11825 0.0450112528132033 0.0805
0 0.3066391597899475 0.16875 0.034133533383345835 0.0605
0 0.32295573893473367 0.201 0.04576144036009002 0.073
0 0.3640285071267817 0.187 0.032633158289572396 0.079
0 0.38465866466616655 0.18825 0.04463615903975994 0.0845
0 0.2970742685671418 0.20525 0.012753188297074268 0.0225
0 0.3073893473368342 0.2435 0.04088522130532633 0.071
0 0.44017254313578397 0.12975 0.056639159789947484 0.0965
0 0.5470742685671418 0.0735 0.06564141035258815 0.107
0 0.4883720930232558 0.196 0.05476369092273068 0.093
0 0.5489497374343586 0.17 0.06264066016504126 0.094
0 0.36459114778694673 0.2625 0.04276069017254314 0.073
0 0.3970367591897975 0.258 0.03563390847711928 0.074
0 0.42291822955738934 0.25375 0.03788447111777944 0.0815
0 0.4885596399099775 0.28175 0.04838709677419355 0.0845
0 0.5528882220555139 0.2615 0.0450112528132033 0.086
0 0.5241935483870968 0.346 0.05588897224306077 0.074
0 0.4804951237809452 0.36275 0.04576144036009002 0.0755
0 0.4324831207801951 0.32175 0.05101275318829707 0.0745
0 0.32333083270817703 0.30825 0.037509377344336084 0.0635
0 0.3055138784696174 0.2985 0.03188297074268567 0.064
0 0.272880720180045 0.284 0.03563390847711928 0.066
0 0.2683795948987247 0.33325 0.028882220555138786 0.0585
0 0.2929482370592648 0.3515 0.035258814703675916 0.066
0 0.33833458364591146 0.3565 0.03675918979744936 0.051
0 0.36552888222055513 0.3735 0.03563390847711928 0.064
0 0.4122280570142536 0.398 0.03600900225056264 0.07
0 0.4450487621905476 0.398 0.04463615903975994 0.079
0 0.4866841710427607 0.431 0.04088522130532633 0.075
0 0.5453863465866466 0.42175 0.047261815453863466 0.0745
0 0.28488372093023256 0.40425 0.02663165791447862 0.0655
0 0.3265191297824456 0.413 0.030382595648912228 0.062
0 0.3572768192048012 0.40325 0.028882220555138786 0.0575
0 0.35202550637659413 0.45525 0.034133533383345835 0.0605
0 0.38390847711927983 0.44 0.04238559639909977 0.066
0 0.4493623405851463 0.47225 0.04276069017254314 0.0685
0 0.49287321830457614 0.4975 0.04126031507876969 0.074
0 0.5335708927231808 0.49225 0.04238559639909977 0.0765
0 0.30701425356339085 0.455 0.030382595648912228 0.06
0 0.3332708177044261 0.49675 0.028882220555138786 0.0575
0 0.32408102025506375 0.51325 0.03150787696924231 0.0525
0 0.37209302325581395 0.51175 0.03150787696924231 0.0605
0 0.3885971492873218 0.49825 0.033008252063015754 0.0655
0 0.4146661665416354 0.5025 0.041635408852213056 0.063
0 0.46586646661665415 0.5325 0.04426106526631658 0.063
0 0.5230682670667667 0.5635 0.04838709677419355 0.072
0 0.3668417104276069 0.568 0.035258814703675916 0.059
0 0.39722430607651915 0.55675 0.035258814703675916 0.0555
0 0.42104276069017255 0.55325 0.04238559639909977 0.0585
0 0.39741185296324083 0.61875 0.038634658664666165 0.0635
0 0.43042010502625655 0.60525 0.03938484621155289 0.0625
0 0.46811702925731435 0.5985 0.04051012753188297 0.069
0 0.49849962490622657 0.5895 0.037509377344336084 0.061
0 0.4347336834208552 0.659 0.03900975243810953 0.06
0 0.4679294823705927 0.65825 0.03938484621155289 0.0595
0 0.5065641410352588 0.6485 0.03563390847711928 0.068
0 0.5465116279069767 0.642 0.047261815453863466 0.071
0 0.4518004501125281 0.717 0.03488372093023256 0.055
0 0.49474868717179293 0.708 0.04126031507876969 0.051
0 0.44579894973743434 0.7535 0.032633158289572396 0.057
0 0.4617404351087772 0.79675 0.033008252063015754 0.0515
0 0.4866841710427607 0.796 0.038634658664666165 0.066
0 0.5028132033008252 0.754 0.034133533383345835 0.056
0 0.5343210802700675 0.75225 0.03938484621155289 0.0665
0 0.5328207051762941 0.79525 0.04013503375843961 0.0535
0 0.5277569392348087 0.83 0.0345086271567892 0.052
0 0.5802700675168793 0.237 0.06451612903225806 0.107
0 0.6404726181545386 0.194 0.07764441110277569 0.115
0 0.6699174793698425 0.28925 0.07351837959489872 0.1065
0 0.5937734433608403 0.3325 0.058514628657164294 0.08
0 0.5858964741185296 0.419 0.05776444111027757 0.088
0 0.6534133533383346 0.363 0.06601650412603151 0.089
0 0.7490622655663915 0.3735 0.08252063015753938 0.106
0 0.6438484621155289 0.45125 0.06639159789947487 0.1025
0 0.5770817704426107 0.49375 0.05438859714928732 0.0765
0 0.7070517629407351 0.4415 0.07201800450112528 0.097
0 0.8229557389347337 0.4095 0.0900225056264066 0.103
0 0.8576519129782446 0.49825 0.08664666166541636 0.0965
0 0.7665041260315079 0.5125 0.07989497374343586 0.093
0 0.691297824456114 0.52125 0.07426856714178545 0.0865
0 0.6359714928732183 0.53225 0.05738934733683421 0.0825
0 0.581020255063766 0.55375 0.05101275318829707 0.0645
0 0.5770817704426107 0.60525 0.04988747186796699 0.0765
0 0.6337209302325582 0.594 0.050637659414853715 0.067
0 0.7027381845461366 0.58075 0.0671417854463616 0.0745
0 0.7702550637659414 0.58475 0.0708927231807952 0.0805
0 0.8557764441110277 0.5935 0.07689422355588897 0.09
0 0.8220180045011253 0.6575 0.07464366091522881 0.086
0 0.7469992498124531 0.64275 0.07014253563390847 0.0775
0 0.6905476369092273 0.62225 0.046511627906976744 0.0705
0 0.6294073518379595 0.693 0.056264066016504126 0.066
0 0.6858589647411854 0.6945 0.059639909977494375 0.068
0 0.5658289572393098 0.705 0.04388597149287322 0.063
0 0.5757689422355589 0.75925 0.0450112528132033 0.0655
0 0.5648912228057015 0.8 0.03975993998499625 0.048
0 0.5975243810952738 0.82225 0.04951237809452363 0.0605
0 0.6084021005251313 0.76025 0.05401350337584396 0.0615
0 0.6586646661665416 0.75675 0.05326331582895724 0.0685
0 0.6657914478619655 0.80525 0.05101275318829707 0.0725
0 0.7160540135033758 0.7815 0.05326331582895724 0.069
0 0.7610652663165791 0.75125 0.05701425356339085 0.0745
0 0.8162040510127532 0.765 0.06601650412603151 0.083
0 0.877906976744186 0.81525 0.07389347336834208 0.0855