0 0.10652663165791448 0.375 0.07876969242310577 0.095
0 0.13615903975993998 0.3105 0.07876969242310577 0.094
0 0.19373593398349587 0.4015 0.061890472618154536 0.083
0 0.2348087021755439 0.45625 0.0622655663915979 0.0855
0 0.2490622655663916 0.36125 0.07126781695423856 0.0865
0 0.222993248312078 0.24625 0.07314328582145536 0.0955
0 0.3049512378094524 0.238 0.07426856714178545 0.1
0 0.36159039759939987 0.196 0.06751687921980495 0.099
0 0.4022880720180045 0.28175 0.06639159789947487 0.0915
0 0.4578019504876219 0.232 0.05588897224306077 0.089
0 0.46680420105026255 0.318 0.06489122280570142 0.089
0 0.5365716429107277 0.389 0.07989497374343586 0.099
0 0.5617029257314329 0.32525 0.059639909977494375 0.0815
0 0.5605776444111028 0.22975 0.06789197299324831 0.1035
0 0.6061515378844711 0.25325 0.05251312828207052 0.0975
0 0.6513503375843961 0.2575 0.06339084771192798 0.096
0 0.6999249812453113 0.239 0.0622655663915979 0.081
0 0.7061140285071268 0.32375 0.07164291072768192 0.0795
0 0.613278319579895 0.34 0.056264066016504126 0.081
0 0.6385971492873218 0.35275 0.050637659414853715 0.0795
0 0.6892348087021756 0.39375 0.061890472618154536 0.0655
0 0.75 0.409 0.059639909977494375 0.083
0 0.7893848462115529 0.319 0.05888972243060765 0.065
0 0.8023255813953488 0.383 0.05251312828207052 0.072
0 0.8109527381845462 0.44325 0.04951237809452363 0.0655
0 0.8096399099774944 0.23875 0.0708927231807952 0.0955
0 0.8422730682670667 0.30275 0.050637659414853715 0.0785
0 0.8441485371342836 0.35575 0.041635408852213056 0.0715
0 0.33477119279819956 0.32025 0.061890472618154536 0.0915
0 0.4088522130532633 0.3715 0.06151537884471118 0.081
0 0.34077269317329334 0.41 0.05888972243060765 0.093
0 0.3075768942235559 0.4685 0.06526631657914479 0.07
0 0.12228057014253563 0.49275 0.07576894223555888 0.0945
0 0.1942985746436609 0.50825 0.07126781695423856 0.0845
0 0.24362340585146286 0.56425 0.06864216054013503 0.0955
0 0.21530382595648911 0.633 0.06676669167291822 0.088
0 0.28600900225056264 0.65175 0.06864216054013503 0.0865
0 0.3013878469617404 0.588 0.07614403600900226 0.094
0 0.35783945986496624 0.5155 0.0622655663915979 0.089
0 0.3910352588147037 0.44825 0.059639909977494375 0.0845
0 0.45461365341335336 0.4465 0.0622655663915979 0.088
0 0.44879969992498125 0.52725 0.06339084771192798 0.0735
0 0.39909977494373594 0.579 0.06676669167291822 0.078
0 0.3709677419354839 0.64575 0.06151537884471118 0.0845
0 0.3606526631657914 0.7175 0.05888972243060765 0.071
0 0.4187921980495124 0.733 0.059639909977494375 0.071
0 0.44973743435858965 0.6965 0.07051762940735183 0.077
0 0.4746811702925731 0.62275 0.06789197299324831 0.0895
0 0.5011252813203301 0.67525 0.05776444111027757 0.0735
0 0.5208177044261065 0.74925 0.05888972243060765 0.0795
0 0.589834958739685 0.72825 0.06489122280570142 0.0635
0 0.5836459114778695 0.79275 0.05101275318829707 0.0695
0 0.6063390847711928 0.673 0.059639909977494375 0.088
0 0.5121905476369092 0.54675 0.05588897224306077 0.0795
0 0.5553263315828957 0.58225 0.059639909977494375 0.0785
0 0.5129407351837959 0.454 0.05438859714928732 0.067
0 0.5496999249812453 0.4945 0.0536384096024006 0.078
0 0.5750187546886721 0.41425 0.04951237809452363 0.0845
0 0.6241560390097525 0.43375 0.06151537884471118 0.0845
0 0.6352213053263316 0.524 0.05888972243060765 0.082
0 0.6234058514628658 0.58725 0.05251312828207052 0.0785
0 0.7175543885971493 0.5975 0.056264066016504126 0.087
0 0.6901725431357839 0.664 0.05776444111027757 0.089
0 0.6573518379594899 0.73375 0.0603900975243811 0.0745
0 0.7289947486871718 0.73325 0.050637659414853715 0.0665
0 0.8038259564891223 0.7285 0.06976744186046512 0.088
0 0.8711552888222055 0.71125 0.06339084771192798 0.0855
0 0.8739684921230307 0.77875 0.06301575393848462 0.0615
0 0.8477119279819955 0.8415 0.05401350337584396 0.086
0 0.7346211552888222 0.49375 0.05813953488372093 0.0895
0 0.791072768192048 0.5585 0.06451612903225806 0.095
0 0.8300825206301575 0.59025 0.060765191297824456 0.0795