0 0.38421249532360646 0.116 0.041900486344930786 0.054
0 0.4287317620650954 0.0815 0.03666292555181444 0.052
0 0.46277590722035167 0.061 0.04564160119715675 0.051
0 0.36943509165731386 0.23175 0.046763935652824544 0.0585
0 0.3978675645342312 0.1875 0.04451926674148896 0.056
0 0.4276094276094276 0.14875 0.041900486344930786 0.0465
0 0.46464646464646464 0.10675 0.04564160119715675 0.0575
0 0.5078563411896745 0.104 0.03853348297792742 0.057
0 0.46296296296296297 0.159 0.04826038159371493 0.062
0 0.5267489711934157 0.129 0.04264870931537598 0.065
0 0.6049382716049383 0.077 0.04713804713804714 0.069
0 0.5665918443696222 0.11975 0.040778151889263 0.0545
0 0.634867190422746 0.1165 0.03890759446315002 0.057
0 0.5179573512906847 0.186 0.04152637485970819 0.061
0 0.5650953984287318 0.162 0.04377104377104377 0.054
0 0.6225215114104004 0.16925 0.04564160119715675 0.0505
0 0.6419753086419753 0.21325 0.04264870931537598 0.0595
0 0.5834268612046389 0.2145 0.04302282080059858 0.066
0 0.4163860830527497 0.232 0.04264870931537598 0.056
0 0.47530864197530864 0.226 0.04526748971193416 0.064
0 0.5063598952487841 0.25375 0.04451926674148896 0.0535
0 0.5417134306023195 0.249 0.03666292555181444 0.051
0 0.45398428731762064 0.278 0.04451926674148896 0.056
0 0.533295922184811 0.2875 0.04751215862326973 0.067
0 0.5763187429854096 0.27025 0.04900860456416012 0.0505
0 0.613542835765058 0.2575 0.04339693228582117 0.048
0 0.6563786008230452 0.286 0.04302282080059858 0.061
0 0.41227085671530117 0.29375 0.04339693228582117 0.0595
0 0.3277216610549944 0.3325 0.048634493078937524 0.058
0 0.37336326225215116 0.33325 0.04564160119715675 0.0625
0 0.4152637485970819 0.36375 0.04339693228582117 0.0585
0 0.448559670781893 0.32925 0.04414515525626637 0.0515
0 0.6069958847736625 0.31625 0.04451926674148896 0.0565
0 0.7111859334081556 0.326 0.04339693228582117 0.056
0 0.6401047512158623 0.356 0.04638982416760194 0.062
0 0.679386457164235 0.369 0.04339693228582117 0.058
0 0.7096894874672652 0.40575 0.04489337822671156 0.0565
0 0.5609801720912833 0.357 0.04601571268237935 0.056
0 0.6589973812196035 0.42175 0.04152637485970819 0.0615
0 0.7472876917321362 0.45275 0.04526748971193416 0.0565
0 0.48671904227459784 0.36225 0.04788627010849233 0.0515
0 0.5265619154508043 0.38175 0.04227459783015339 0.0535
0 0.5682753460531238 0.405 0.04638982416760194 0.06
0 0.6127946127946128 0.4 0.041900486344930786 0.054
0 0.6114852225963338 0.457 0.04377104377104377 0.055
0 0.6926674148896371 0.46775 0.04526748971193416 0.0535
0 0.7626262626262627 0.4945 0.03853348297792742 0.053
0 0.3273475495697718 0.397 0.0508791619902731 0.063
0 0.3774784885895997 0.39775 0.04788627010849233 0.0585
0 0.29274223718668163 0.447 0.046763935652824544 0.06
0 0.35222596333707445 0.4395 0.04377104377104377 0.06
0 0.4478114478114478 0.41425 0.04788627010849233 0.0625
0 0.5028058361391695 0.4265 0.048634493078937524 0.061
0 0.5491956603067715 0.455 0.04788627010849233 0.056
0 0.40160867938645717 0.45525 0.04451926674148896 0.0555
0 0.4682005237560793 0.4695 0.04751215862326973 0.061
0 0.2759072203516648 0.48975 0.034044145155256264 0.0385
0 0.3062102506546951 0.5165 0.04751215862326973 0.064
0 0.3479236812570146 0.50475 0.04788627010849233 0.0615
0 0.3993640104751216 0.504 0.04601571268237935 0.061
0 0.4401421623643846 0.5075 0.04377104377104377 0.053
0 0.4827908716797606 0.524 0.046763935652824544 0.061
0 0.5252525252525253 0.51675 0.04489337822671156 0.0625
0 0.5813692480359147 0.4935 0.04264870931537598 0.061
0 0.6213991769547325 0.5225 0.04564160119715675 0.064
0 0.6604938271604939 0.51075 0.046763935652824544 0.0635
0 0.70894126449682 0.51875 0.04489337822671156 0.0585
0 0.7424242424242424 0.54675 0.03778526000748223 0.0535
0 0.560231949120838 0.555 0.04377104377104377 0.062
0 0.5995136550692106 0.5745 0.04377104377104377 0.055
0 0.6647961092405537 0.57275 0.04788627010849233 0.0605
0 0.7003367003367004 0.5775 0.041900486344930786 0.066
0 0.7379349046015713 0.613 0.04451926674148896 0.06
0 0.712682379349046 0.65225 0.041900486344930786 0.0625
0 0.6438458660680882 0.614 0.04564160119715675 0.054
0 0.5086045641601197 0.58 0.04751215862326973 0.057
0 0.5557426112981668 0.61525 0.050505050505050504 0.0645
0 0.5940890385334829 0.631 0.03741114852225964 0.059
0 0.6189674523007856 0.6775 0.046763935652824544 0.064
0 0.6578750467639356 0.66875 0.040029928918817806 0.0535
0 0.6924803591470258 0.72375 0.04489337822671156 0.0595
0 0.7317620650953984 0.707 0.04489337822671156 0.057
0 0.3292181069958848 0.60875 0.051627384960718295 0.0665
0 0.25832398054620276 0.718 0.04900860456416012 0.065
0 0.36924803591470257 0.65025 0.04713804713804714 0.0585
0 0.4788627010849233 0.61725 0.04564160119715675 0.0665
0 0.30770669659558547 0.6955 0.04377104377104377 0.058
0 0.4001122334455668 0.69575 0.04152637485970819 0.0655
0 0.44313505424616534 0.68425 0.04227459783015339 0.0665
0 0.4891507669285447 0.691 0.04826038159371493 0.063
0 0.5185185185185185 0.6475 0.04564160119715675 0.065
0 0.29854096520763185 0.75675 0.048634493078937524 0.0625
0 0.27927422371866817 0.81075 0.04451926674148896 0.0605
0 0.29704451926674147 0.8795 0.04713804713804714 0.068
0 0.34249906472128694 0.89475 0.04826038159371493 0.0735
0 0.4100261878039656 0.8335 0.04788627010849233 0.066
0 0.43060231949120836 0.7455 0.04938271604938271 0.065
0 0.5336700336700336 0.70575 0.04601571268237935 0.0695
0 0.5755705200149644 0.682 0.052749719416386086 0.066
0 0.5016835016835017 0.74575 0.05312383090160868 0.0685
0 0.599139543583988 0.72775 0.04900860456416012 0.0585
0 0.6472128694350917 0.72925 0.04938271604938271 0.0625
0 0.40366629255518144 0.8915 0.04564160119715675 0.062
0 0.4657687991021324 0.80975 0.04938271604938271 0.0655
0 0.5181444070332959 0.80125 0.04713804713804714 0.0625
0 0.5604190048634493 0.7595 0.04339693228582117 0.064
0 0.45211372989150767 0.8635 0.049756827534605315 0.063
0 0.4947624392068837 0.843 0.049756827534605315 0.063
0 0.5155256266367377 0.89975 0.04564160119715675 0.0545
0 0.5422745978301534 0.85125 0.049756827534605315 0.0665
0 0.5892255892255892 0.8275 0.0411522633744856 0.066
0 0.6159745604190049 0.784 0.046763935652824544 0.058
0 0.6791994014216236 0.782 0.04302282080059858 0.064
0 0.7259633370744482 0.76225 0.04377104377104377 0.0635
0 0.567153011597456 0.88575 0.041900486344930786 0.0585
0 0.5529367751589974 0.9235 0.04938271604938271 0.066
0 0.6309390198279087 0.845 0.04900860456416012 0.06
0 0.6221473999251778 0.89875 0.04339693228582117 0.0595
0 0.5914702581369248 0.931 0.041900486344930786 0.058
0 0.6307519640852974 0.954 0.04339693228582117 0.058
0 0.6677890011223344 0.91775 0.04489337822671156 0.0585
0 0.6715301159745605 0.8515 0.04339693228582117 0.055
0 0.707631874298541 0.8185 0.04377104377104377 0.06
0 0.3441825664047886 0.7075 0.05013093901982791 0.059