0 0.12153038259564891 0.5715 0.07651912978244561 0.086
0 0.16747936984246062 0.643 0.0708927231807952 0.075
0 0.22749437359339836 0.632 0.07239309827456865 0.082
0 0.28244561140285074 0.66475 0.06676669167291822 0.0865
0 0.3293323330832708 0.71175 0.06001500375093773 0.0755
0 0.3182670667666917 0.61425 0.05888972243060765 0.0845
0 0.18417104276069018 0.5445 0.07051762940735183 0.082
0 0.23124531132783196 0.52 0.06264066016504126 0.082
0 0.32220555138784696 0.50975 0.07876969242310577 0.0885
0 0.12978244561140284 0.472 0.07201800450112528 0.076
0 0.13334583645911477 0.388 0.07914478619654913 0.1
0 0.18267066766691673 0.34575 0.07651912978244561 0.0925
0 0.2413728432108027 0.24575 0.07689422355588897 0.1025
0 0.2777569392348087 0.33775 0.06789197299324831 0.0895
0 0.2642535633908477 0.42875 0.07239309827456865 0.0925
0 0.3332708177044261 0.4195 0.06789197299324831 0.09
0 0.34827456864216055 0.3475 0.0671417854463616 0.092
0 0.3113278319579895 0.25525 0.07201800450112528 0.0855
0 0.2685671417854464 0.15375 0.07426856714178545 0.0975
0 0.3533383345836459 0.1545 0.06601650412603151 0.099
0 0.38803450862715677 0.0875 0.06564141035258815 0.09
0 0.46005251312828205 0.0705 0.07839459864966242 0.104
0 0.4223555888972243 0.166 0.06451612903225806 0.079
0 0.3782820705176294 0.22875 0.07464366091522881 0.0895
0 0.4549887471867967 0.2425 0.07126781695423856 0.106
0 0.4221680420105026 0.32375 0.0708927231807952 0.0945
0 0.3887846961740435 0.41025 0.06339084771192798 0.0915
0 0.45048762190547637 0.3975 0.06451612903225806 0.088
0 0.4156039009752438 0.49175 0.05776444111027757 0.0835
0 0.4021005251312828 0.568 0.06151537884471118 0.084
0 0.3782820705176294 0.6215 0.059639909977494375 0.08
0 0.4216054013503376 0.702 0.06151537884471118 0.081
0 0.4814328582145536 0.67075 0.05588897224306077 0.0745
0 0.5318829707426856 0.702 0.06151537884471118 0.077
0 0.46999249812453114 0.59325 0.056264066016504126 0.0785
0 0.5206301575393848 0.6075 0.051762940735183796 0.079
0 0.5039384846211553 0.509 0.04913728432108027 0.077
0 0.4763690922730683 0.46175 0.056264066016504126 0.0705
0 0.5238184546136534 0.39875 0.061890472618154536 0.0815
0 0.4960615153788447 0.32375 0.06339084771192798 0.0795
0 0.5204426106526632 0.22725 0.059639909977494375 0.0845
0 0.5688297074268567 0.168 0.06639159789947487 0.089
0 0.6084021005251313 0.2735 0.05701425356339085 0.088
0 0.5800825206301575 0.35025 0.06489122280570142 0.0895
0 0.5658289572393098 0.46575 0.055138784696174045 0.0815
0 0.5772693173293323 0.54475 0.05776444111027757 0.0805
0 0.577456864216054 0.64125 0.05813953488372093 0.0685
0 0.6239684921230307 0.686 0.05138784696174044 0.07
0 0.6809827456864216 0.6465 0.05588897224306077 0.075
0 0.7228057014253564 0.64475 0.046511627906976744 0.0665
0 0.6337209302325582 0.60375 0.056639159789947484 0.0735
0 0.6766691672918229 0.584 0.04951237809452363 0.076
0 0.6350337584396099 0.529 0.05776444111027757 0.079
0 0.6249062265566392 0.44725 0.05251312828207052 0.0735
0 0.6836084021005251 0.4735 0.04988747186796699 0.083
0 0.7378094523630908 0.58625 0.05326331582895724 0.0805
0 0.7175543885971493 0.5075 0.05401350337584396 0.071
0 0.6303450862715679 0.361 0.056639159789947484 0.079
0 0.682483120780195 0.39125 0.061140285071267814 0.0865
0 0.7426856714178545 0.452 0.058514628657164294 0.077
0 0.7466241560390098 0.36825 0.05588897224306077 0.0755
0 0.6708552138034508 0.28025 0.061140285071267814 0.0885
0 0.7288072018004501 0.30975 0.05926481620405101 0.0935
0 0.6614778694673669 0.188 0.0671417854463616 0.095
0 0.7207426856714179 0.20675 0.0641410352588147 0.0895
0 0.7548762190547637 0.147 0.061140285071267814 0.093
0 0.8298949737434359 0.2125 0.059639909977494375 0.084
0 0.7906976744186046 0.303 0.05776444111027757 0.085
0 0.8083270817704427 0.37225 0.06526631657914479 0.0905
0 0.804576144036009 0.457 0.0555138784696174 0.091
0 0.7873218304576144 0.5385 0.06676669167291822 0.076
0 0.8471492873218305 0.294 0.06864216054013503 0.085
0 0.8629032258064516 0.431 0.055138784696174045 0.072
0 0.9197299324831207 0.47525 0.05926481620405101 0.0745
0 0.8379594898724682 0.47675 0.05251312828207052 0.0715
0 0.8619654913728432 0.54675 0.05251312828207052 0.0775
0 0.9120405101275318 0.5635 0.05288822205551388 0.08
0 0.9004126031507877 0.6285 0.05738934733683421 0.065
0 0.8364591147786947 0.62975 0.05101275318829707 0.0655
0 0.7800075018754689 0.59225 0.061890472618154536 0.0655
0 0.9585521380345087 0.63375 0.047636909227306824 0.0725