0 0.10015003750937734 0.6415 0.0622655663915979 0.066
0 0.17854463615903976 0.647 0.06451612903225806 0.063
0 0.26462865716429107 0.65375 0.056639159789947484 0.0745
0 0.33852213053263314 0.719 0.055138784696174045 0.074
0 0.38897224306076517 0.6605 0.04951237809452363 0.063
0 0.413728432108027 0.70575 0.04876219054763691 0.0645
0 0.46305326331582897 0.72275 0.052138034508627154 0.0675
0 0.4806826706676669 0.65525 0.04988747186796699 0.0755
0 0.5131282820705176 0.688 0.047261815453863466 0.066
0 0.5095648912228057 0.771 0.04913728432108027 0.071
0 0.49118529632408103 0.58225 0.05738934733683421 0.0675
0 0.43135783945986494 0.6045 0.05701425356339085 0.064
0 0.37715678919729934 0.604 0.05738934733683421 0.079
0 0.3199549887471868 0.61275 0.051762940735183796 0.0835
0 0.14497374343585898 0.5735 0.061890472618154536 0.073
0 0.14253563390847712 0.49325 0.06451612903225806 0.0805
0 0.21024006001500375 0.57075 0.06789197299324831 0.0725
0 0.25468867216804203 0.5015 0.06451612903225806 0.077
0 0.2779444861215304 0.56875 0.0622655663915979 0.0805
0 0.3218304576144036 0.52525 0.060765191297824456 0.0715
0 0.4069767441860465 0.51175 0.05701425356339085 0.0825
0 0.4576144036009002 0.53475 0.05476369092273068 0.0695
0 0.5031882970742686 0.5065 0.0536384096024006 0.061
0 0.5213803450862715 0.43825 0.05251312828207052 0.0755
0 0.5292573143285821 0.3485 0.04951237809452363 0.081
0 0.4831207801950488 0.37425 0.056264066016504126 0.0835
0 0.4578019504876219 0.44025 0.056639159789947484 0.0795
0 0.3987246811702926 0.4205 0.06001500375093773 0.076
0 0.34902475618904727 0.45475 0.06264066016504126 0.0785
0 0.28675918979744935 0.4385 0.05738934733683421 0.075
0 0.21024006001500375 0.4205 0.06264066016504126 0.074
0 0.14909977494373594 0.40225 0.0671417854463616 0.0785
0 0.19129782445611404 0.33725 0.0622655663915979 0.0935
0 0.23049512378094525 0.279 0.05813953488372093 0.09
0 0.25900225056264065 0.367 0.059639909977494375 0.08
0 0.3220180045011253 0.37325 0.06564141035258815 0.0855
0 0.3842835708927232 0.35175 0.05813953488372093 0.0745
0 0.2996999249812453 0.288 0.07051762940735183 0.093
0 0.3698424606151538 0.2725 0.06001500375093773 0.085
0 0.8507126781695424 0.43025 0.05326331582895724 0.0655
0 0.8028882220555139 0.44875 0.0536384096024006 0.0615
0 0.7747561890472618 0.37375 0.055138784696174045 0.0725
0 0.7293698424606152 0.37375 0.052138034508627154 0.0775
0 0.6586646661665416 0.3625 0.05101275318829707 0.074
0 0.6010877719429858 0.429 0.05438859714928732 0.083
0 0.558702175543886 0.47125 0.04688672168042011 0.0745
0 0.6894223555888972 0.43575 0.05101275318829707 0.0635
0 0.7473743435858965 0.43425 0.04988747186796699 0.0775
0 0.864403600900225 0.49925 0.04838709677419355 0.0675
0 0.8165791447861965 0.517 0.047261815453863466 0.067
0 0.758252063015754 0.49825 0.04088522130532633 0.0665
0 0.6894223555888972 0.5105 0.05101275318829707 0.08
0 0.6342835708927231 0.4905 0.05401350337584396 0.073
0 0.5553263315828957 0.5495 0.061140285071267814 0.075
0 0.6241560390097525 0.561 0.046511627906976744 0.074
0 0.6599774943735934 0.57825 0.04463615903975994 0.0665
0 0.7295573893473368 0.55625 0.046511627906976744 0.0705
0 0.7828207051762941 0.5765 0.051762940735183796 0.068
0 0.8454613653413353 0.5665 0.0450112528132033 0.069
0 0.8884096024006002 0.5255 0.04463615903975994 0.07
0 0.8825956489122281 0.58325 0.0450112528132033 0.0645
0 0.8475243810952738 0.62675 0.04088522130532633 0.0635
0 0.8088897224306076 0.62625 0.04388597149287322 0.0635
0 0.7462490622655664 0.61625 0.04388597149287322 0.0685
0 0.7070517629407351 0.61325 0.03975993998499625 0.0725
0 0.6243435858964741 0.63125 0.04913728432108027 0.0725
0 0.5817704426106527 0.60425 0.05326331582895724 0.0685
0 0.5318829707426856 0.6335 0.05326331582895724 0.072
0 0.5673293323330832 0.6675 0.050637659414853715 0.063
0 0.6140285071267817 0.68975 0.05026256564141035 0.0625
0 0.6716054013503376 0.664 0.0536384096024006 0.073
0 0.7186796699174793 0.672 0.04051012753188297 0.071
0 0.7813203300825207 0.68325 0.04351087771942986 0.0635
0 0.8238934733683421 0.67875 0.04388597149287322 0.0665
0 0.741747936984246 0.72825 0.038634658664666165 0.0585
0 0.7021755438859715 0.73475 0.042010502625656414 0.0625
0 0.6481620405101275 0.7185 0.04801200300075019 0.066
0 0.5992123030757689 0.75 0.04838709677419355 0.064
0 0.5512003000750187 0.721 0.05288822205551388 0.058
0 0.6635408852213053 0.7915 0.0450112528132033 0.06