0 0.16035258814703676 0.51775 0.04463615903975994 0.0705
0 0.18079519879969994 0.5715 0.0555138784696174 0.077
0 0.21042760690172543 0.5035 0.04801200300075019 0.076
0 0.24512378094523632 0.54175 0.0536384096024006 0.0785
0 0.17966991747936983 0.645 0.04951237809452363 0.077
0 0.20892723180795197 0.69525 0.04801200300075019 0.0825
0 0.22543135783945986 0.6185 0.04876219054763691 0.082
0 0.2061140285071268 0.4225 0.046136534133533386 0.076
0 0.25131282820705175 0.38025 0.04951237809452363 0.0755
0 0.2591897974493623 0.311 0.047261815453863466 0.067
0 0.30195048762190546 0.3355 0.0555138784696174 0.076
0 0.29576144036009 0.40675 0.05288822205551388 0.0735
0 0.25318829707426854 0.464 0.05026256564141035 0.082
0 0.2996999249812453 0.487 0.05251312828207052 0.076
0 0.3336459114778695 0.45925 0.05813953488372093 0.0785
0 0.3325206301575394 0.532 0.05588897224306077 0.078
0 0.2946361590397599 0.5745 0.050637659414853715 0.08
0 0.2693173293323331 0.648 0.051762940735183796 0.087
0 0.2524381095273818 0.73125 0.05476369092273068 0.0735
0 0.31095273818454616 0.6885 0.0555138784696174 0.078
0 0.35352588147036756 0.737 0.05438859714928732 0.09
0 0.4071642910727682 0.74125 0.0603900975243811 0.0915
0 0.38165791447861963 0.65125 0.055138784696174045 0.0905
0 0.32614403600900227 0.61125 0.061890472618154536 0.0825
0 0.386721680420105 0.494 0.05701425356339085 0.086
0 0.4032258064516129 0.56875 0.0622655663915979 0.0845
0 0.3531507876969242 0.31475 0.05438859714928732 0.0775
0 0.38372093023255816 0.39375 0.05401350337584396 0.0845
0 0.4240435108777194 0.429 0.059639909977494375 0.074
0 0.41785446361590395 0.30575 0.0555138784696174 0.0755
0 0.4521755438859715 0.3505 0.056639159789947484 0.091
0 0.48199549887471865 0.42875 0.05401350337584396 0.0875
0 0.44992498124531133 0.50475 0.05738934733683421 0.0815
0 0.47261815453863465 0.5765 0.07051762940735183 0.085
0 0.4441110277569392 0.6595 0.06301575393848462 0.091
0 0.4831207801950488 0.74375 0.06601650412603151 0.0945
0 0.5101275318829708 0.662 0.05476369092273068 0.1
0 0.542198049512378 0.58375 0.061890472618154536 0.0865
0 0.5112528132033008 0.508 0.06376594148537135 0.09
0 0.5172543135783946 0.31175 0.05476369092273068 0.0835
0 0.5330082520630157 0.385 0.05926481620405101 0.088
0 0.5560765191297824 0.4425 0.06564141035258815 0.098
0 0.5798949737434359 0.32125 0.05776444111027757 0.0905
0 0.6174043510877719 0.385 0.06376594148537135 0.094
0 0.6789197299324832 0.35575 0.07351837959489872 0.0915
0 0.7267441860465116 0.4095 0.06564141035258815 0.102
0 0.668979744936234 0.4935 0.07464366091522881 0.094
0 0.6014628657164292 0.50825 0.07389347336834208 0.0935
0 0.6070892723180795 0.59375 0.06489122280570142 0.0955
0 0.5716429107276819 0.67 0.06451612903225806 0.095
0 0.5491372843210802 0.75425 0.06601650412603151 0.0865
0 0.623218304576144 0.7805 0.07164291072768192 0.1
0 0.6914853713428357 0.7825 0.07689422355588897 0.099
0 0.6348462115528882 0.68225 0.07014253563390847 0.0995
0 0.6686046511627907 0.59425 0.0671417854463616 0.1045
0 0.7314328582145536 0.54 0.07351837959489872 0.089
0 0.7824456114028507 0.46525 0.07651912978244561 0.0885
0 0.8418979744936234 0.42475 0.08139534883720931 0.0985
0 0.804576144036009 0.5515 0.07726931732933233 0.1
0 0.7119279819954989 0.6775 0.06601650412603151 0.098
0 0.7783195798949737 0.6415 0.07576894223555888 0.091
0 0.768754688672168 0.73725 0.07689422355588897 0.0965
0 0.7492498124531133 0.84925 0.07914478619654913 0.1105
0 0.8510877719429858 0.70725 0.08027006751687922 0.1125
0 0.8983495873968492 0.63825 0.08777194298574643 0.1035
0 0.8859714928732183 0.52575 0.08702175543885972 0.0925
0 0.900225056264066 0.484 0.05251312828207052 0.056