0 0.09621155288822206 0.0685 0.07839459864966242 0.118
0 0.033008252063015754 0.19475 0.06526631657914479 0.1075
0 0.06357839459864967 0.286 0.0671417854463616 0.102
0 0.09902475618904726 0.23125 0.06376594148537135 0.1105
0 0.10258814703675918 0.36275 0.07839459864966242 0.1125
0 0.10558889722430607 0.4565 0.061140285071267814 0.098
0 0.13465866466616655 0.547 0.0622655663915979 0.085
0 0.12940735183795948 0.60475 0.07051762940735183 0.0765
0 0.218304576144036 0.6045 0.06676669167291822 0.086
0 0.2220555138784696 0.5075 0.0622655663915979 0.096
0 0.15828957239309827 0.448 0.07651912978244561 0.085
0 0.1667291822955739 0.313 0.07389347336834208 0.09
0 0.21099024756189047 0.21575 0.07239309827456865 0.1125
0 0.17760690172543137 0.17075 0.050637659414853715 0.0825
0 0.2760690172543136 0.099 0.0795198799699925 0.121
0 0.3025131282820705 0.186 0.08439609902475619 0.113
0 0.2914478619654914 0.296 0.07051762940735183 0.091
0 0.2683795948987247 0.39625 0.06564141035258815 0.1015
0 0.30438859714928734 0.49025 0.0708927231807952 0.0905
0 0.2931357839459865 0.554 0.0641410352588147 0.086
0 0.26294073518379596 0.66375 0.06751687921980495 0.0765
0 0.33495873968492124 0.69425 0.07051762940735183 0.0855
0 0.3734058514628657 0.758 0.0603900975243811 0.066
0 0.34433608402100524 0.61625 0.06601650412603151 0.0765
0 0.33645911477869467 0.433 0.07201800450112528 0.092
0 0.35352588147036756 0.3275 0.07839459864966242 0.09
0 0.37603150787696926 0.09175 0.07539384846211553 0.1105
0 0.490622655663916 0.05575 0.07051762940735183 0.1105
0 0.4559264816204051 0.15425 0.07239309827456865 0.0975
0 0.40003750937734434 0.24425 0.07389347336834208 0.0975
0 0.45386346586646664 0.297 0.06976744186046512 0.095
0 0.3953488372093023 0.3885 0.06451612903225806 0.1
0 0.4713053263315829 0.39625 0.08139534883720931 0.0935
0 0.42854463615903976 0.4725 0.05888972243060765 0.095
0 0.42685671417854465 0.571 0.06526631657914479 0.068
0 0.4174793698424606 0.6725 0.05401350337584396 0.086
0 0.43192048012003 0.76875 0.0536384096024006 0.0815
0 0.445423855963991 0.83225 0.05288822205551388 0.0725
0 0.508252063015754 0.87725 0.06826706676669167 0.0655
0 0.5579519879969993 0.86675 0.046136534133533386 0.0755
0 0.6168417104276069 0.87675 0.05738934733683421 0.0665
0 0.5039384846211553 0.81725 0.056639159789947484 0.0735
0 0.5684546136534133 0.81175 0.05813953488372093 0.0705
0 0.5264441110277569 0.736 0.0641410352588147 0.085
0 0.6005251312828207 0.70975 0.06826706676669167 0.0735
0 0.6194673668417104 0.7745 0.05813953488372093 0.068
0 0.47843210802700675 0.66275 0.06264066016504126 0.0865
0 0.5615153788447111 0.6385 0.0690172543135784 0.086
0 0.47580645161290325 0.552 0.05738934733683421 0.095
0 0.5496999249812453 0.5635 0.07689422355588897 0.091
0 0.5078769692423106 0.47775 0.07351837959489872 0.0785
0 0.5900225056264066 0.492 0.07201800450112528 0.098
0 0.5920855213803451 0.39625 0.07014253563390847 0.1015
0 0.5588897224306076 0.2805 0.0690172543135784 0.08
0 0.5001875468867217 0.218 0.06264066016504126 0.088
0 0.5300075018754689 0.11425 0.06976744186046512 0.1075
0 0.6329707426856714 0.098 0.07914478619654913 0.096
0 0.5911477869467366 0.189 0.07576894223555888 0.1
0 0.6324081020255063 0.27425 0.06826706676669167 0.1035
0 0.6532258064516129 0.36625 0.07614403600900226 0.1075
0 0.7091147786946737 0.16475 0.08064516129032258 0.1155
0 0.753563390847712 0.10425 0.07351837959489872 0.1025
0 0.7755063765941486 0.19425 0.08139534883720931 0.1085
0 0.7888222055513878 0.29225 0.06676669167291822 0.0895
0 0.7263690922730682 0.41525 0.07539384846211553 0.0985
0 0.8268942235558889 0.41375 0.08064516129032258 0.0995
0 0.759939984996249 0.47575 0.06601650412603151 0.0845
0 0.8259564891222806 0.539 0.07576894223555888 0.087
0 0.695423855963991 0.50925 0.07351837959489872 0.0895
0 0.6335333833458364 0.57075 0.0690172543135784 0.0995
0 0.722993248312078 0.592 0.07764441110277569 0.094
0 0.758252063015754 0.636 0.0671417854463616 0.085
0 0.6513503375843961 0.64975 0.08289572393098274 0.0875
0 0.6815453863465867 0.69875 0.07501875468867217 0.0725
0 0.7745686421605401 0.748 0.07651912978244561 0.088
0 0.832708177044261 0.70325 0.05026256564141035 0.0825
0 0.6974868717179294 0.7805 0.059639909977494375 0.076
0 0.6536009002250562 0.83825 0.0603900975243811 0.0795
0 0.687171792948237 0.9105 0.06376594148537135 0.08
0 0.7344336084021005 0.92675 0.06676669167291822 0.0775
0 0.7306826706676669 0.85875 0.05926481620405101 0.0815
0 0.7815078769692423 0.787 0.061890472618154536 0.077