0 0.27497194163860833 0.2845 0.03965581743359521 0.059
0 0.32379349046015715 0.371 0.040778151889263 0.056
0 0.36475869809203143 0.39975 0.0411522633744856 0.0545
0 0.39730639730639733 0.449 0.03666292555181444 0.056
0 0.4173213617658062 0.48875 0.03928170594837262 0.0535
0 0.4407033295922185 0.448 0.038159371492704826 0.053
0 0.41956603067714177 0.40725 0.04227459783015339 0.0525
0 0.36195286195286197 0.337 0.040029928918817806 0.059
0 0.4064721286943509 0.3475 0.037037037037037035 0.055
0 0.3675645342312009 0.27675 0.04302282080059858 0.0575
0 0.3956228956228956 0.262 0.037037037037037035 0.051
0 0.4371492704826038 0.29225 0.04302282080059858 0.0545
0 0.45753834642723534 0.33225 0.03890759446315002 0.0495
0 0.45735129068462405 0.254 0.03479236812570146 0.044
0 0.49214365881032546 0.2755 0.03554059109614665 0.045
0 0.5001870557426114 0.22025 0.03890759446315002 0.0475
0 0.5325476992143658 0.14725 0.040029928918817806 0.0525
0 0.5574261129816686 0.1945 0.03666292555181444 0.052
0 0.5355405910961466 0.24 0.037037037037037035 0.049
0 0.5342312008978676 0.29575 0.03965581743359521 0.0515
0 0.511971567527123 0.32175 0.037037037037037035 0.0515
0 0.5484474373363262 0.34525 0.03741114852225964 0.0505
0 0.49214365881032546 0.36975 0.03853348297792742 0.0485
0 0.5303030303030303 0.3875 0.040029928918817806 0.054
0 0.48073325851103627 0.45 0.04040404040404041 0.049
0 0.5084175084175084 0.44025 0.031425364758698095 0.0465
0 0.5443322109988776 0.4475 0.038159371492704826 0.05
0 0.5147774036662925 0.489 0.03890759446315002 0.05
0 0.4624017957351291 0.5015 0.03591470258136925 0.052
0 0.48484848484848486 0.54125 0.03890759446315002 0.0525
0 0.4481855592966704 0.56175 0.04339693228582117 0.0585
0 0.4072203516647961 0.6 0.03778526000748223 0.06
0 0.43583988028432474 0.6375 0.03741114852225964 0.061
0 0.471754582865694 0.65675 0.03666292555181444 0.0615
0 0.4781144781144781 0.602 0.03965581743359521 0.056
0 0.5185185185185185 0.59875 0.041900486344930786 0.0625
0 0.5299289188178077 0.53625 0.036288814066591846 0.0515
0 0.5695847362514029 0.54 0.033295922184811075 0.054
0 0.5654695099139544 0.4865 0.03853348297792742 0.052
0 0.6036288814066592 0.57175 0.03928170594837262 0.0555
0 0.6148522259633371 0.519 0.03554059109614665 0.058
0 0.6354283576505799 0.5665 0.030303030303030304 0.054
0 0.5656565656565656 0.4105 0.02843247287691732 0.041
0 0.5843621399176955 0.4475 0.03741114852225964 0.05
0 0.6184062850729517 0.4645 0.03741114852225964 0.056
0 0.6069958847736625 0.41325 0.03554059109614665 0.0545
0 0.44594089038533485 0.72425 0.03965581743359521 0.0595
0 0.42573887018331463 0.7765 0.04414515525626637 0.054
0 0.4298540965207632 0.83975 0.03890759446315002 0.0625
0 0.4710063598952488 0.8325 0.04339693228582117 0.06
0 0.5089786756453423 0.87125 0.04601571268237935 0.0575
0 0.4710063598952488 0.90525 0.04264870931537598 0.0545
0 0.5598578376356154 0.8335 0.04152637485970819 0.056
0 0.5604190048634493 0.9125 0.04489337822671156 0.065
0 0.5819304152637486 0.9495 0.03928170594837262 0.058
0 0.6156004489337823 0.9205 0.03928170594837262 0.063
0 0.4715675271230827 0.772 0.04227459783015339 0.059
0 0.5095398428731762 0.76475 0.04489337822671156 0.0535
0 0.5108492330714552 0.71875 0.040778151889263 0.0575
0 0.5164609053497943 0.6555 0.04152637485970819 0.058
0 0.5486344930789375 0.62825 0.040029928918817806 0.0555
0 0.5544332210998878 0.6805 0.0411522633744856 0.055
0 0.5875420875420876 0.687 0.034044145155256264 0.062
0 0.5864197530864198 0.6315 0.03554059109614665 0.05
0 0.6292555181444071 0.62775 0.03367003367003367 0.0545
0 0.6255144032921811 0.69175 0.03666292555181444 0.0485
0 0.6069958847736625 0.7415 0.037037037037037035 0.057
0 0.6169098391320613 0.7985 0.04040404040404041 0.061
0 0.6397306397306397 0.7415 0.032173587729143284 0.059
0 0.6644219977553311 0.6985 0.03666292555181444 0.054
0 0.6677890011223344 0.648 0.03666292555181444 0.051
0 0.6947250280583613 0.667 0.03367003367003367 0.054
0 0.6767676767676768 0.5925 0.03741114852225964 0.051
0 0.719603441825664 0.605 0.037037037037037035 0.05
0 0.6690983913206136 0.5365 0.03554059109614665 0.042
0 0.6992143658810326 0.5535 0.034418256640478866 0.051
0 0.7341937897493453 0.5525 0.036288814066591846 0.052
0 0.6975308641975309 0.50375 0.037037037037037035 0.0535
0 0.7192293303404415 0.49375 0.03179947624392069 0.0455
0 0.6492704826038159 0.49925 0.03853348297792742 0.0535
0 0.7787130564908342 0.538 0.037037037037037035 0.054
0 0.7693602693602694 0.488 0.033295922184811075 0.054
0 0.6500187055742611 0.4185 0.03554059109614665 0.051
0 0.6139169472502806 0.3575 0.03591470258136925 0.053
0 0.6651702207257763 0.38525 0.03367003367003367 0.0485
0 0.6907968574635241 0.431 0.03179947624392069 0.048
0 0.6934156378600823 0.4 0.02880658436213992 0.04
0 0.5748222970445193 0.32 0.03479236812570146 0.051
0 0.5649083426861204 0.27675 0.03741114852225964 0.0495
0 0.5982042648709316 0.2915 0.03367003367003367 0.047
0 0.5800598578376356 0.23225 0.03928170594837262 0.0455
0 0.6021324354657688 0.1955 0.03479236812570146 0.05
0 0.6318742985409652 0.19275 0.03292181069958848 0.0465
0 0.6573138795361018 0.22075 0.041900486344930786 0.0515
0 0.6705948372615039 0.20125 0.03254769921436588 0.0415
0 0.6225215114104004 0.248 0.0411522633744856 0.054
0 0.6328095772540216 0.28975 0.03479236812570146 0.0505
0 0.6636737747848859 0.27125 0.03666292555181444 0.0465
0 0.6952861952861953 0.243 0.036288814066591846 0.046
0 0.7132435465768799 0.21875 0.03554059109614665 0.0415
0 0.7203516647961092 0.27475 0.033295922184811075 0.0435
0 0.7499064721286943 0.2375 0.034044145155256264 0.043
0 0.6979049756827534 0.29675 0.03778526000748223 0.0475
0 0.6389824167601945 0.3385 0.03591470258136925 0.051
0 0.6666666666666666 0.33725 0.0306771417882529 0.0445
0 0.6965955854844744 0.357 0.031425364758698095 0.05
0 0.7343808454919566 0.342 0.038159371492704826 0.046
0 0.7542087542087542 0.30375 0.03965581743359521 0.0495
0 0.7701084923307145 0.3415 0.033295922184811075 0.05
0 0.7422371866816311 0.4155 0.041900486344930786 0.048
0 0.7519640852974186 0.39875 0.031425364758698095 0.0415
0 0.7933034044145155 0.23175 0.037037037037037035 0.0515
0 0.7880658436213992 0.2835 0.03479236812570146 0.049
0 0.817433595211373 0.3255 0.03591470258136925 0.044
0 0.8387579498690609 0.3645 0.034418256640478866 0.045
0 0.796109240553685 0.367 0.034418256640478866 0.041
0 0.7976056864945754 0.401 0.03367003367003367 0.047
0 0.8265993265993266 0.4065 0.03179947624392069 0.046
0 0.7832023943135055 0.43875 0.03853348297792742 0.0395
0 0.8034044145155256 0.45425 0.031051253273475497 0.0435
0 0.8005985783763562 0.496 0.03367003367003367 0.053
0 0.4616535727646839 0.38875 0.04040404040404041 0.0555