0 0.14253563390847712 0.4685 0.07726931732933233 0.091
0 0.15547636909227308 0.5445 0.07614403600900226 0.085
0 0.16691672918229558 0.61875 0.0690172543135784 0.0795
0 0.13072018004501126 0.7295 0.07614403600900226 0.066
0 0.20423855963990997 0.767 0.07914478619654913 0.079
0 0.2760690172543136 0.78575 0.06451612903225806 0.0805
0 0.22449362340585147 0.67025 0.06264066016504126 0.0765
0 0.2921980495123781 0.6775 0.06676669167291822 0.082
0 0.3394598649662416 0.722 0.0622655663915979 0.073
0 0.24643660915228807 0.5815 0.0622655663915979 0.083
0 0.22936984246061515 0.5035 0.061890472618154536 0.085
0 0.2098649662415604 0.405 0.06339084771192798 0.088
0 0.1849212303075769 0.31525 0.06301575393848462 0.1095
0 0.23312078019504875 0.19875 0.07989497374343586 0.0955
0 0.2678169542385596 0.296 0.07201800450112528 0.087
0 0.3027006751687922 0.38525 0.072768192048012 0.1095
0 0.30101275318829707 0.4865 0.06639159789947487 0.093
0 0.3242685671417854 0.57775 0.06339084771192798 0.0875
0 0.37696924231057766 0.5945 0.05251312828207052 0.079
0 0.3852213053263316 0.67275 0.056264066016504126 0.0595
0 0.4054763690922731 0.774 0.06001500375093773 0.075
0 0.4654913728432108 0.7255 0.05701425356339085 0.072
0 0.4474868717179295 0.66225 0.06001500375093773 0.0845
0 0.3869092273068267 0.517 0.059639909977494375 0.088
0 0.3488372093023256 0.44775 0.0555138784696174 0.0785
0 0.36196549137284323 0.369 0.05326331582895724 0.085
0 0.3265191297824456 0.2895 0.05888972243060765 0.098
0 0.3642160540135034 0.16075 0.06526631657914479 0.0835
0 0.39234808702175544 0.2705 0.06376594148537135 0.102
0 0.4549887471867967 0.0585 0.04951237809452363 0.085
0 0.43117029257314327 0.13675 0.06564141035258815 0.0915
0 0.4527381845461365 0.22125 0.05101275318829707 0.0905
0 0.43642160540135033 0.34825 0.059639909977494375 0.0875
0 0.42085521380345087 0.44125 0.06676669167291822 0.0855
0 0.47505626406601653 0.427 0.052138034508627154 0.066
0 0.4512378094523631 0.546 0.058514628657164294 0.08
0 0.4923105776444111 0.487 0.050637659414853715 0.07
0 0.4998124531132783 0.5555 0.052138034508627154 0.071
0 0.5386346586646662 0.61725 0.047261815453863466 0.0705
0 0.503563390847712 0.6805 0.052138034508627154 0.078
0 0.5778319579894974 0.7055 0.055138784696174045 0.084
0 0.6324081020255063 0.66625 0.05251312828207052 0.0865
0 0.5510127531882971 0.53 0.05326331582895724 0.068
0 0.5986496624156039 0.5275 0.0345086271567892 0.069
0 0.5523255813953488 0.4545 0.0536384096024006 0.077
0 0.6065266316579144 0.47 0.04876219054763691 0.068
0 0.5468867216804201 0.36775 0.0555138784696174 0.0705
0 0.5251312828207052 0.3025 0.04801200300075019 0.094
0 0.586271567891973 0.302 0.060765191297824456 0.083
0 0.5067516879219804 0.1995 0.06001500375093773 0.064
0 0.49287321830457614 0.1185 0.05476369092273068 0.087
0 0.5609527381845462 0.1005 0.05138784696174044 0.085
0 0.5755813953488372 0.2075 0.059639909977494375 0.094
0 0.599774943735934 0.2535 0.04276069017254314 0.068
0 0.609152288072018 0.3545 0.042010502625656414 0.078
0 0.6346586646661665 0.608 0.042010502625656414 0.056
0 0.6821080270067517 0.6795 0.04463615903975994 0.076
0 0.6691672918229558 0.72375 0.04126031507876969 0.0475
0 0.686046511627907 0.75525 0.042010502625656414 0.0585
0 0.7151162790697675 0.7795 0.03788447111777944 0.058
0 0.7591897974493623 0.79325 0.04351087771942986 0.0495
0 0.741747936984246 0.7345 0.04688672168042011 0.056
0 0.7702550637659414 0.7255 0.028132033008252063 0.065
0 0.7959489872468117 0.67125 0.03900975243810953 0.0665
0 0.8195798949737434 0.67775 0.0277569392348087 0.0625
0 0.8375843960990248 0.623 0.04051012753188297 0.062
0 0.8034508627156789 0.59075 0.04801200300075019 0.0765
0 0.7325581395348837 0.623 0.05026256564141035 0.066
0 0.6957989497374344 0.6545 0.0277569392348087 0.047
0 0.6665416354088523 0.58875 0.04426106526631658 0.0565
0 0.713053263315829 0.5595 0.04426106526631658 0.062
0 0.681357839459865 0.5385 0.03563390847711928 0.071
0 0.6594148537134283 0.47075 0.047261815453863466 0.0725
0 0.7055513878469617 0.4885 0.0450112528132033 0.071
0 0.7511252813203301 0.446 0.04988747186796699 0.061
0 0.7616279069767442 0.50075 0.04388597149287322 0.0645
0 0.8177044261065266 0.46525 0.04351087771942986 0.0635
0 0.6667291822955739 0.3755 0.052138034508627154 0.066
0 0.6892348087021756 0.40225 0.04013503375843961 0.0625
0 0.7946361590397599 0.41725 0.04538634658664666 0.0735
0 0.6532258064516129 0.304 0.04238559639909977 0.075
0 0.7160540135033758 0.3395 0.04876219054763691 0.08
0 0.7569392348087022 0.346 0.046511627906976744 0.074
0 0.8308327081770442 0.3575 0.04276069017254314 0.075
0 0.7614403600900225 0.2835 0.04426106526631658 0.069
0 0.677794448612153 0.2155 0.04276069017254314 0.076
0 0.6991747936984246 0.2605 0.03075768942235559 0.068
0 0.7796324081020255 0.17425 0.059639909977494375 0.0795
0 0.6541635408852213 0.1495 0.04276069017254314 0.074
0 0.6395348837209303 0.07375 0.047261815453863466 0.0805