0 0.42966991747936983 0.11975 0.09714928732183045 0.1405
0 0.5174418604651163 0.13325 0.1054013503375844 0.1305
0 0.5868342085521381 0.23775 0.10390097524381095 0.1395
0 0.6899849962490623 0.25525 0.09939984996249063 0.1345
0 0.7991372843210802 0.229 0.109152288072018 0.138
0 0.8599024756189048 0.3135 0.10015003750937734 0.137
0 0.8979744936234059 0.44425 0.0967741935483871 0.1425
0 0.9321080270067517 0.57075 0.1005251312828207 0.1295
0 0.8403975993998499 0.62775 0.10090022505626407 0.1185
0 0.7815078769692423 0.7485 0.10015003750937734 0.121
0 0.6956114028507127 0.8005 0.09489872468117029 0.123
0 0.6093398349587397 0.86975 0.09789947486871718 0.1215
0 0.5204426106526632 0.892 0.09414853713428357 0.111
0 0.43042010502625655 0.893 0.09039759939984997 0.093
0 0.3478994748687172 0.8645 0.08514628657164292 0.101
0 0.2507501875468867 0.874 0.09039759939984997 0.114
0 0.19898724681170293 0.78725 0.08814703675918979 0.1215
0 0.17104276069017255 0.68925 0.09302325581395349 0.1355
0 0.19223555888972244 0.542 0.09639909977494374 0.123
0 0.22074268567141786 0.408 0.09114778694673668 0.119
0 0.3015753938484621 0.35625 0.09452363090772693 0.1155
0 0.28694673668417103 0.24925 0.08927231807951988 0.1295
0 0.34921230307576895 0.20775 0.10427606901725431 0.1295
0 0.4782445611402851 0.25825 0.09452363090772693 0.1125
0 0.3777194298574644 0.32775 0.10277569392348088 0.1415
0 0.4619279819954989 0.40675 0.09489872468117029 0.1365
0 0.3572768192048012 0.50575 0.09714928732183045 0.1185
0 0.2835708927231808 0.574 0.11627906976744186 0.114
0 0.2738184546136534 0.7235 0.09827456864216054 0.105
0 0.36702925731432856 0.8175 0.09939984996249063 0.12
0 0.4662415603900975 0.80425 0.09302325581395349 0.1065
0 0.5542010502625656 0.78025 0.09939984996249063 0.1225
0 0.6395348837209303 0.6985 0.09527381845461365 0.128
0 0.7445611402850713 0.657 0.10802700675168792 0.134
0 0.7867591897974494 0.487 0.09264816204051013 0.127
0 0.758814703675919 0.35625 0.0967741935483871 0.1315
0 0.7001125281320331 0.46225 0.08289572393098274 0.1275
0 0.6243435858964741 0.5705 0.0986496624156039 0.119
0 0.530570142535634 0.632 0.09564891222805702 0.125
0 0.44992498124531133 0.673 0.09489872468117029 0.103
0 0.34846211552888223 0.671 0.1005251312828207 0.118
0 0.44786196549137286 0.556 0.09377344336084022 0.132
0 0.5345086271567892 0.487 0.10127531882970743 0.125
0 0.6209677419354839 0.425 0.10165041260315079 0.128
0 0.5408852213053263 0.357 0.09602400600150038 0.133