0 0.2691297824456114 0.343 0.08514628657164292 0.139
0 0.3437734433608402 0.3315 0.10165041260315079 0.129
0 0.41916729182295576 0.23975 0.0986496624156039 0.1435
0 0.5095648912228057 0.254 0.10690172543135784 0.133
0 0.46755438859714926 0.35425 0.09639909977494374 0.1065
0 0.5776444111027756 0.361 0.09752438109527382 0.124
0 0.6738559639909978 0.3715 0.10690172543135784 0.124
0 0.7820705176294074 0.3615 0.10652663165791448 0.129
0 0.8342085521380345 0.42825 0.09752438109527382 0.1245
0 0.7381845461365342 0.472 0.09902475618904726 0.121
0 0.22074268567141786 0.5095 0.08889722430607652 0.104
0 0.2950112528132033 0.46075 0.08589647411852963 0.1065
0 0.37715678919729934 0.456 0.10615153788447111 0.122
0 0.45648912228057015 0.5155 0.09377344336084022 0.119
0 0.532258064516129 0.47725 0.09227306826706677 0.1165
0 0.6087771942985747 0.51775 0.09302325581395349 0.1255
0 0.6811702925731433 0.5425 0.07651912978244561 0.117
0 0.7593773443360841 0.56775 0.09039759939984997 0.1115
0 0.8634658664666166 0.55075 0.09077269317329333 0.1205
0 0.8863465866466617 0.65775 0.08852213053263316 0.1055
0 0.800450112528132 0.7075 0.09227306826706677 0.094
0 0.718304576144036 0.76 0.09377344336084022 0.105
0 0.7458739684921231 0.8075 0.08514628657164292 0.091
0 0.609152288072018 0.6685 0.09377344336084022 0.098
0 0.621530382595649 0.76975 0.08627156789197299 0.0985
0 0.6674793698424606 0.85025 0.08364591147786947 0.0965
0 0.5266316579144786 0.58225 0.09602400600150038 0.1055
0 0.5230682670667667 0.71625 0.08589647411852963 0.1045
0 0.5431357839459865 0.8375 0.08777194298574643 0.095
0 0.5922730682670667 0.90575 0.08852213053263316 0.0825
0 0.4461740435108777 0.6555 0.08439609902475619 0.112
0 0.44992498124531133 0.744 0.08664666166541636 0.082
0 0.4671792948237059 0.84925 0.08589647411852963 0.0855
0 0.5136909227306826 0.9125 0.07989497374343586 0.09
0 0.43435858964741186 0.91175 0.08552138034508627 0.0745
0 0.3809077269317329 0.873 0.08664666166541636 0.09
0 0.35521380345086273 0.7535 0.0900225056264066 0.092
0 0.35952738184546135 0.59975 0.09039759939984997 0.1055
0 0.28844711177794446 0.66275 0.09152288072018004 0.1055
0 0.2010502625656414 0.63875 0.09227306826706677 0.1085
0 0.195423855963991 0.77575 0.09452363090772693 0.1065
0 0.28863465866466614 0.778 0.08664666166541636 0.092
0 0.22468117029257315 0.84 0.08777194298574643 0.084
0 0.2747561890472618 0.90625 0.08289572393098274 0.0875
0 0.34827456864216055 0.88825 0.05588897224306077 0.0805