0 0.2027684249906472 0.13075 0.05312383090160868 0.0635
0 0.13748597081930417 0.2195 0.05424616535727647 0.055
0 0.0723905723905724 0.2765 0.03928170594837262 0.066
0 0.13842124953236065 0.279 0.04638982416760194 0.061
0 0.20669659558548448 0.242 0.04751215862326973 0.07
0 0.2542087542087542 0.20475 0.04601571268237935 0.0695
0 0.29218106995884774 0.2475 0.03890759446315002 0.067
0 0.3344556677890011 0.18275 0.0508791619902731 0.0765
0 0.2454171343060232 0.26725 0.04564160119715675 0.0635
0 0.28170594837261503 0.31425 0.04489337822671156 0.0635
0 0.32341937897493456 0.274 0.04751215862326973 0.072
0 0.1833146277590722 0.327 0.04638982416760194 0.059
0 0.23026561915450805 0.32275 0.04302282080059858 0.0665
0 0.11167227833894501 0.32175 0.053497942386831275 0.0595
0 0.163112607557052 0.369 0.05312383090160868 0.063
0 0.2220351664796109 0.3795 0.04751215862326973 0.064
0 0.26879910213243546 0.36775 0.049756827534605315 0.0635
0 0.31930415263748596 0.35125 0.04751215862326973 0.0605
0 0.3041526374859708 0.4295 0.04564160119715675 0.071
0 0.2663673774784886 0.4485 0.04339693228582117 0.058
0 0.2255892255892256 0.454 0.04564160119715675 0.052
0 0.14777403666292555 0.45025 0.04638982416760194 0.0625
0 0.08866442199775533 0.43775 0.04040404040404041 0.0655
0 0.10082304526748971 0.51075 0.04601571268237935 0.0615
0 0.17583239805462028 0.4915 0.05013093901982791 0.057
0 0.24803591470258138 0.509 0.04713804713804714 0.059
0 0.2880658436213992 0.50075 0.048634493078937524 0.0545
0 0.3400673400673401 0.52875 0.04638982416760194 0.0615
0 0.29236812570145904 0.5625 0.04751215862326973 0.058
0 0.2059483726150393 0.55625 0.04152637485970819 0.0605
0 0.15675271230826787 0.53525 0.04638982416760194 0.0635
0 0.18705574261129818 0.58725 0.04788627010849233 0.0545
0 0.2167976056864946 0.617 0.0512532734754957 0.058
0 0.29180695847362514 0.636 0.05013093901982791 0.06
0 0.2538346427235316 0.67175 0.03928170594837262 0.0555
0 0.1724653946876169 0.6795 0.051627384960718295 0.054
0 0.2568275346053124 0.73775 0.046763935652824544 0.0585
0 0.31425364758698093 0.745 0.04564160119715675 0.063
0 0.3548447437336326 0.763 0.050505050505050504 0.059
0 0.3181818181818182 0.674 0.04751215862326973 0.068
0 0.3666292555181444 0.7135 0.04414515525626637 0.056
0 0.36924803591470257 0.65025 0.04339693228582117 0.0515
0 0.4057239057239057 0.68 0.046763935652824544 0.061
0 0.4513655069210625 0.69275 0.04152637485970819 0.0565
0 0.4708193041526375 0.75075 0.03853348297792742 0.0585
0 0.5155256266367377 0.74375 0.038159371492704826 0.0495
0 0.555181444070333 0.7155 0.04040404040404041 0.057
0 0.44631500187055745 0.632 0.04264870931537598 0.053
0 0.5069210624766181 0.6315 0.04414515525626637 0.054
0 0.5202020202020202 0.6825 0.04227459783015339 0.059
0 0.5587355031799476 0.655 0.04227459783015339 0.06
0 0.545828656939768 0.591 0.04264870931537598 0.052
0 0.498129442573887 0.573 0.04451926674148896 0.057
0 0.4223718668163113 0.56025 0.051627384960718295 0.0595
0 0.38178077066965954 0.57475 0.04526748971193416 0.0615
0 0.3507295173961841 0.4655 0.04601571268237935 0.06
0 0.38533482977927425 0.51175 0.035166479610924055 0.0625
0 0.4227459783015339 0.5105 0.04713804713804714 0.058
0 0.3681257014590348 0.3945 0.04489337822671156 0.061
0 0.395248784137673 0.43625 0.04751215862326973 0.0715
0 0.43209876543209874 0.41075 0.04638982416760194 0.0615
0 0.4552936775158997 0.468 0.04564160119715675 0.053
0 0.49513655069210627 0.483 0.04826038159371493 0.058
0 0.4841002618780397 0.4255 0.03965581743359521 0.055
0 0.5344182566404788 0.45425 0.04451926674148896 0.0485
0 0.5185185185185185 0.40475 0.04040404040404041 0.0585
0 0.4588477366255144 0.36375 0.040029928918817806 0.0515
0 0.3578376356154134 0.331 0.04377104377104377 0.059
0 0.4053497942386831 0.33275 0.04152637485970819 0.0625
0 0.43396932285821177 0.298 0.04788627010849233 0.06
0 0.36232697343808457 0.2355 0.04601571268237935 0.066
0 0.3679386457164235 0.15 0.04751215862326973 0.067
0 0.3988028432472877 0.1845 0.04264870931537598 0.064
0 0.44706322484100264 0.2405 0.04264870931537598 0.071
0 0.5001870557426114 0.26175 0.04414515525626637 0.0545
0 0.5340441451552562 0.34725 0.04227459783015339 0.0585
0 0.5430228208005986 0.27825 0.04302282080059858 0.0595
0 0.5260007482229705 0.233 0.051627384960718295 0.057
0 0.4986906098017209 0.18625 0.04414515525626637 0.0635
0 0.45173961840628507 0.13475 0.046763935652824544 0.0635
0 0.49195660306771416 0.11625 0.04713804713804714 0.0645
0 0.5909090909090909 0.12425 0.04377104377104377 0.0685
0 0.6300037411148522 0.0985 0.04040404040404041 0.063
0 0.664983164983165 0.12975 0.04377104377104377 0.0625
0 0.6225215114104004 0.1755 0.04414515525626637 0.061
0 0.6795735129068462 0.176 0.04526748971193416 0.048
0 0.6337448559670782 0.22725 0.04788627010849233 0.0505
0 0.6023194912083801 0.25525 0.03965581743359521 0.0595
0 0.6341189674523008 0.28325 0.04264870931537598 0.0505
0 0.6799476243920688 0.26225 0.04152637485970819 0.0605
0 0.7345679012345679 0.26825 0.04826038159371493 0.0545
0 0.7991021324354658 0.21425 0.035166479610924055 0.0615
0 0.5808080808080808 0.3335 0.03778526000748223 0.058
0 0.5615413393191171 0.38925 0.04040404040404041 0.0605
0 0.6161616161616161 0.36375 0.04040404040404041 0.0585
0 0.6849981294425739 0.32425 0.038159371492704826 0.0615
0 0.7194163860830527 0.355 0.04040404040404041 0.056
0 0.759072203516648 0.32125 0.04489337822671156 0.0655
0 0.8108866442199776 0.32275 0.03778526000748223 0.0565
0 0.8570894126449682 0.2425 0.04489337822671156 0.065
0 0.6994014216236438 0.4035 0.04526748971193416 0.06
0 0.7568275346053124 0.389 0.034418256640478866 0.056
0 0.7863823419378975 0.414 0.04938271604938271 0.062
0 0.823045267489712 0.3995 0.04040404040404041 0.06
0 0.7725402169846615 0.47125 0.04339693228582117 0.0565
0 0.7308267863823419 0.448 0.04152637485970819 0.061
0 0.6795735129068462 0.43575 0.04302282080059858 0.0525
0 0.6378600823045267 0.448 0.04264870931537598 0.065
0 0.5794986906098017 0.4755 0.041900486344930786 0.061
0 0.5714552936775159 0.521 0.046763935652824544 0.047
0 0.6619902731013843 0.49825 0.04526748971193416 0.0555
0 0.69884025439581 0.4845 0.04489337822671156 0.049
0 0.7330714552936776 0.509 0.04152637485970819 0.055
0 0.8385708941264497 0.51375 0.03853348297792742 0.0635
0 0.8280957725402169 0.58925 0.04302282080059858 0.0765
0 0.709502431724654 0.553 0.04601571268237935 0.054
0 0.6445940890385334 0.56125 0.04264870931537598 0.0495
0 0.5957725402169847 0.57025 0.03853348297792742 0.0505
0 0.5920314253647587 0.62575 0.037037037037037035 0.0545
0 0.6318742985409652 0.601 0.03890759446315002 0.054
0 0.6739618406285073 0.59175 0.04152637485970819 0.0575
0 0.7631874298540965 0.63775 0.0411522633744856 0.0505
0 0.8273475495697717 0.6555 0.03554059109614665 0.062
0 0.5910961466517022 0.68 0.03292181069958848 0.055
0 0.6358024691358025 0.68325 0.04526748971193416 0.0485
0 0.6883651328095772 0.67125 0.03741114852225964 0.0545
0 0.7390572390572391 0.689 0.03928170594837262 0.054
0 0.7820800598578377 0.68525 0.04377104377104377 0.0555
0 0.7695473251028807 0.73025 0.034418256640478866 0.0595
0 0.6836887392442949 0.744 0.04302282080059858 0.054
0 0.5980172091283202 0.7315 0.03853348297792742 0.053
0 0.6197156752712308 0.78175 0.04227459783015339 0.0535
0 0.5692106247661803 0.77125 0.03928170594837262 0.0575
0 0.8728020950243173 0.62725 0.03666292555181444 0.0625
0 0.9238683127572016 0.5985 0.04377104377104377 0.059
0 0.8778526000748222 0.545 0.04302282080059858 0.066
0 0.952300785634119 0.5385 0.034044145155256264 0.072
0 0.9612794612794613 0.4625 0.037037037037037035 0.068
0 0.8683127572016461 0.4445 0.0411522633744856 0.049
0 0.9382716049382716 0.399 0.03965581743359521 0.061