0 0.18810952738184547 0.401 0.06864216054013503 0.092
0 0.22280570142535633 0.47475 0.07801950487621906 0.0925
0 0.20330082520630158 0.56175 0.072768192048012 0.0925
0 0.25 0.6255 0.07164291072768192 0.099
0 0.31545386346586646 0.67625 0.08102025506376594 0.0895
0 0.2852588147036759 0.542 0.07314328582145536 0.096
0 0.345648912228057 0.5835 0.07689422355588897 0.101
0 0.3944111027756939 0.636 0.07764441110277569 0.092
0 0.2700675168792198 0.399 0.07501875468867217 0.089
0 0.3167666916729182 0.4545 0.07464366091522881 0.085
0 0.377344336084021 0.50625 0.06976744186046512 0.0965
0 0.42291822955738934 0.55375 0.0708927231807952 0.0885
0 0.4896849212303076 0.6095 0.06864216054013503 0.098
0 0.45161290322580644 0.6965 0.06826706676669167 0.099
0 0.5146286571642911 0.7065 0.06676669167291822 0.101
0 0.27494373593398347 0.30325 0.06376594148537135 0.0935
0 0.33758439609902474 0.27375 0.06601650412603151 0.0845
0 0.35015003750937734 0.1975 0.06489122280570142 0.081
0 0.4081020255063766 0.24475 0.07126781695423856 0.0815
0 0.390847711927982 0.324 0.06526631657914479 0.086
0 0.33477119279819956 0.371 0.07014253563390847 0.097
0 0.39216054013503376 0.411 0.0708927231807952 0.086
0 0.4472993248312078 0.39025 0.06789197299324831 0.0915
0 0.4789947486871718 0.244 0.06601650412603151 0.088
0 0.5431357839459865 0.25825 0.0622655663915979 0.0845
0 0.4992498124531133 0.33575 0.0690172543135784 0.0895
0 0.5448237059264817 0.386 0.06789197299324831 0.083
0 0.5030007501875469 0.44425 0.06526631657914479 0.0875
0 0.43904726181545384 0.4695 0.07014253563390847 0.081
0 0.5219429857464366 0.5255 0.0671417854463616 0.092
0 0.5888972243060765 0.3165 0.06301575393848462 0.091
0 0.6406601650412603 0.30025 0.058514628657164294 0.0825
0 0.6648537134283571 0.372 0.061140285071267814 0.083
0 0.7053638409602401 0.32975 0.05588897224306077 0.0905
0 0.7385596399099775 0.39975 0.056264066016504126 0.0895
0 0.6817329332333083 0.436 0.06339084771192798 0.09
0 0.6007126781695424 0.40425 0.056639159789947484 0.0855
0 0.5652663165791448 0.47 0.06526631657914479 0.08
0 0.63615903975994 0.4875 0.06751687921980495 0.091
0 0.5903975993998499 0.54825 0.07126781695423856 0.0815
0 0.6558514628657164 0.56775 0.06789197299324831 0.0845
0 0.5605776444111028 0.62925 0.06789197299324831 0.0915
0 0.6189047261815454 0.64275 0.06376594148537135 0.0975
0 0.589834958739685 0.71875 0.0671417854463616 0.0965
0 0.6552888222055514 0.738 0.06676669167291822 0.08
0 0.6858589647411854 0.65975 0.06489122280570142 0.0905
0 0.7241185296324081 0.76625 0.06564141035258815 0.0975
0 0.7205551387846961 0.59325 0.05926481620405101 0.0935
0 0.7158664666166542 0.513 0.06564141035258815 0.084
0 0.7751312828207052 0.51025 0.05813953488372093 0.0875
0 0.786946736684171 0.38825 0.05326331582895724 0.0835
0 0.8216429107276819 0.444 0.05138784696174044 0.088
0 0.8687171792948237 0.50575 0.058514628657164294 0.0795
0 0.9099774943735934 0.4855 0.05476369092273068 0.08
0 0.8252063015753939 0.5625 0.05926481620405101 0.078
0 0.8797824456114028 0.58475 0.05738934733683421 0.0855
0 0.9347336834208552 0.57525 0.05926481620405101 0.0775
0 0.7726931732933233 0.6 0.0555138784696174 0.088
0 0.7434358589647412 0.67775 0.060765191297824456 0.0895
0 0.7968867216804201 0.68075 0.052138034508627154 0.0895
0 0.8475243810952738 0.65825 0.05738934733683421 0.0745
0 0.7794448612153039 0.77325 0.05926481620405101 0.0895
0 0.8342085521380345 0.7395 0.0555138784696174 0.082
0 0.9032258064516129 0.72325 0.060765191297824456 0.0905
0 0.9337959489872468 0.669 0.055138784696174045 0.084