0 0.1254688672168042 0.44325 0.06864216054013503 0.0835
0 0.14516129032258066 0.521 0.06451612903225806 0.087
0 0.20798949737434358 0.41725 0.05138784696174044 0.0845
0 0.21942985746436608 0.51225 0.06601650412603151 0.0885
0 0.16916729182295573 0.5945 0.06751687921980495 0.08
0 0.22393098274568643 0.641 0.058514628657164294 0.073
0 0.2601275318829707 0.70075 0.056639159789947484 0.0875
0 0.2959489872468117 0.747 0.06151537884471118 0.085
0 0.3580270067516879 0.794 0.06564141035258815 0.073
0 0.2441860465116279 0.5925 0.06376594148537135 0.086
0 0.2843210802700675 0.52975 0.05776444111027757 0.0885
0 0.2567516879219805 0.45575 0.06339084771192798 0.0735
0 0.26762940735183793 0.39275 0.059639909977494375 0.0785
0 0.309264816204051 0.42475 0.06339084771192798 0.0875
0 0.345648912228057 0.492 0.06789197299324831 0.081
0 0.31714178544636157 0.6025 0.0536384096024006 0.088
0 0.3132033008252063 0.6755 0.07201800450112528 0.08
0 0.4216054013503376 0.855 0.0622655663915979 0.085
0 0.4099774943735934 0.7555 0.06376594148537135 0.082
0 0.35858964741185295 0.7185 0.06526631657914479 0.083
0 0.37528132033008255 0.63975 0.056639159789947484 0.0825
0 0.3754688672168042 0.569 0.07051762940735183 0.079
0 0.43060765191297823 0.54325 0.06526631657914479 0.0875
0 0.39647411852963244 0.47375 0.06451612903225806 0.0745
0 0.3565266316579145 0.37575 0.06564141035258815 0.0915
0 0.3388972243060765 0.2605 0.06639159789947487 0.079
0 0.39478619654913727 0.2345 0.056639159789947484 0.088
0 0.40566391597899476 0.3255 0.0603900975243811 0.088
0 0.42966991747936983 0.401 0.047636909227306824 0.083
0 0.4673668417104276 0.4755 0.060765191297824456 0.088
0 0.45555138784696175 0.61425 0.061890472618154536 0.0845
0 0.4247936984246061 0.67375 0.06789197299324831 0.0795
0 0.46924231057764443 0.74125 0.060765191297824456 0.0835
0 0.49549887471867965 0.79875 0.0622655663915979 0.0735
0 0.5318829707426856 0.74825 0.06526631657914479 0.0855
0 0.49681170292573146 0.6705 0.06489122280570142 0.08
0 0.5630157539384846 0.66775 0.05701425356339085 0.0765
0 0.5159414853713429 0.594 0.061140285071267814 0.072
0 0.5007501875468867 0.52 0.058514628657164294 0.083
0 0.5992123030757689 0.6195 0.061140285071267814 0.078
0 0.5688297074268567 0.56425 0.059639909977494375 0.0725
0 0.6460990247561891 0.5865 0.05813953488372093 0.083
0 0.6695423855963991 0.52525 0.05701425356339085 0.0815
0 0.6069017254313578 0.5095 0.05776444111027757 0.078
0 0.5478244561140285 0.49575 0.05738934733683421 0.0685
0 0.4529257314328582 0.228 0.059639909977494375 0.079
0 0.4617404351087772 0.31625 0.06451612903225806 0.0885
0 0.48705926481620404 0.38225 0.059639909977494375 0.0885
0 0.5487621905476369 0.413 0.06451612903225806 0.075
0 0.6067141785446362 0.432 0.06339084771192798 0.077
0 0.5063765941485371 0.18925 0.06376594148537135 0.0805
0 0.5125656414103525 0.26075 0.06339084771192798 0.0955
0 0.5360090022505627 0.3405 0.06151537884471118 0.086
0 0.5960240060015004 0.369 0.058514628657164294 0.079
0 0.6744186046511628 0.4495 0.05326331582895724 0.084
0 0.7308702175543886 0.4825 0.07239309827456865 0.078
0 0.7351837959489872 0.4115 0.060765191297824456 0.07
0 0.6669167291822956 0.3715 0.05326331582895724 0.082
0 0.6852963240810203 0.27125 0.0622655663915979 0.0795
0 0.7567516879219804 0.32425 0.06639159789947487 0.0865
0 0.5718304576144037 0.229 0.061890472618154536 0.09
0 0.6070892723180795 0.29225 0.050637659414853715 0.0885