0 0.018754688672168042 0.67225 0.037509377344336084 0.0635
0 0.04463615903975994 0.6005 0.046511627906976744 0.065
0 0.09133533383345836 0.64725 0.04388597149287322 0.0505
0 0.10596399099774943 0.70575 0.04838709677419355 0.0665
0 0.13915978994748687 0.69575 0.047261815453863466 0.0615
0 0.10202550637659415 0.62575 0.0450112528132033 0.0585
0 0.1436609152288072 0.6255 0.05251312828207052 0.057
0 0.09058514628657165 0.5385 0.04988747186796699 0.058
0 0.0527006751687922 0.451 0.04913728432108027 0.061
0 0.1121530382595649 0.48975 0.042010502625656414 0.0585
0 0.1592273068267067 0.543 0.04463615903975994 0.055
0 0.07014253563390847 0.385 0.047261815453863466 0.062
0 0.10033758439609902 0.34875 0.04688672168042011 0.0785
0 0.07333083270817704 0.25925 0.04688672168042011 0.0705
0 0.1676669167291823 0.19075 0.04576144036009002 0.0615
0 0.14047261815453863 0.23225 0.04088522130532633 0.0715
0 0.17085521380345087 0.26275 0.04913728432108027 0.0625
0 0.14291072768192048 0.31325 0.04426106526631658 0.0675
0 0.22861965491372843 0.23625 0.04238559639909977 0.0615
0 0.25712678169542386 0.20675 0.04238559639909977 0.0565
0 0.299887471867967 0.1995 0.0536384096024006 0.068
0 0.2747561890472618 0.2415 0.05138784696174044 0.062
0 0.2501875468867217 0.29175 0.04876219054763691 0.0615
0 0.1935483870967742 0.323 0.04426106526631658 0.07
0 0.177231807951988 0.3745 0.047636909227306824 0.061
0 0.13203300825206302 0.426 0.04951237809452363 0.06
0 0.15210052513128283 0.47575 0.04913728432108027 0.0575
0 0.2173668417104276 0.70625 0.04388597149287322 0.0545
0 0.2576894223555889 0.701 0.0450112528132033 0.053
0 0.30307576894223553 0.70775 0.04351087771942986 0.0595
0 0.3388972243060765 0.68625 0.050637659414853715 0.0535
0 0.20161290322580644 0.635 0.03788447111777944 0.06
0 0.24924981245311328 0.64125 0.04388597149287322 0.0495
0 0.2890097524381095 0.65625 0.03938484621155289 0.0615
0 0.32239309827456863 0.62975 0.047636909227306824 0.0595
0 0.20948987246811704 0.58275 0.04988747186796699 0.0555
0 0.26650412603150786 0.59425 0.04388597149287322 0.0545
0 0.33664666166541635 0.57825 0.047636909227306824 0.0575
0 0.23124531132783196 0.544 0.047636909227306824 0.063
0 0.19879969992498125 0.51025 0.04801200300075019 0.0555
0 0.18979744936234058 0.461 0.0450112528132033 0.066
0 0.23499624906226557 0.47375 0.04238559639909977 0.0635
0 0.28994748687171795 0.5065 0.04276069017254314 0.061
0 0.21792948237059265 0.40625 0.04951237809452363 0.0665
0 0.26219054763690924 0.42775 0.04351087771942986 0.0605
0 0.3150787696924231 0.465 0.04351087771942986 0.052
0 0.34152288072018006 0.52225 0.04538634658664666 0.0595
0 0.3842835708927232 0.51625 0.04538634658664666 0.0605
0 0.24399849962490622 0.35175 0.04388597149287322 0.0685
0 0.29426106526631657 0.369 0.05138784696174044 0.06
0 0.29351087771942985 0.3115 0.04838709677419355 0.064
0 0.3353338334583646 0.295 0.04576144036009002 0.06
0 0.3480870217554389 0.353 0.04276069017254314 0.067
0 0.3325206301575394 0.41 0.047636909227306824 0.064
0 0.3734058514628657 0.25175 0.04463615903975994 0.0655
0 0.3741560390097524 0.3155 0.0536384096024006 0.061
0 0.41241560390097526 0.27525 0.04463615903975994 0.0695
0 0.4309827456864216 0.33125 0.04576144036009002 0.0625
0 0.3825956489122281 0.41225 0.03975993998499625 0.0685
0 0.36271567891972994 0.458 0.04801200300075019 0.064
0 0.3870967741935484 0.572 0.04426106526631658 0.059
0 0.4064141035258815 0.63025 0.04088522130532633 0.0615
0 0.38953488372093026 0.66175 0.04538634658664666 0.0545
0 0.413728432108027 0.71775 0.051762940735183796 0.0655
0 0.4579894973743436 0.7115 0.042010502625656414 0.058
0 0.4384846211552888 0.67125 0.04801200300075019 0.0545
0 0.4713053263315829 0.6515 0.04688672168042011 0.061
0 0.4949362340585146 0.71625 0.047636909227306824 0.0655
0 0.4339834958739685 0.59475 0.04576144036009002 0.0615
0 0.413165791447862 0.468 0.04838709677419355 0.06
0 0.4356714178544636 0.52325 0.04538634658664666 0.0615
0 0.43210802700675166 0.39125 0.05326331582895724 0.0715
0 0.472993248312078 0.2975 0.04351087771942986 0.067
0 0.5121905476369092 0.31375 0.04238559639909977 0.0675
0 0.5050637659414854 0.38 0.050637659414853715 0.064
0 0.4521755438859715 0.44825 0.04988747186796699 0.0595
0 0.4971867966991748 0.4425 0.050637659414853715 0.068
0 0.47749437359339836 0.504 0.04951237809452363 0.062
0 0.47843210802700675 0.5665 0.047636909227306824 0.06
0 0.5112528132033008 0.60975 0.04876219054763691 0.0525
0 0.521755438859715 0.66775 0.05251312828207052 0.0575
0 0.5416354088522131 0.71775 0.04876219054763691 0.0555
0 0.5834583645911477 0.7005 0.04238559639909977 0.056
0 0.5692048012003 0.655 0.04538634658664666 0.053
0 0.5555138784696174 0.5965 0.05326331582895724 0.062
0 0.5225056264066017 0.5415 0.0555138784696174 0.058
0 0.5489497374343586 0.48975 0.047636909227306824 0.0615
0 0.5812078019504876 0.54225 0.047636909227306824 0.0565
0 0.590960240060015 0.594 0.04088522130532633 0.054
0 0.5489497374343586 0.43475 0.052138034508627154 0.0605
0 0.5632033008252063 0.3555 0.04838709677419355 0.065
0 0.5605776444111028 0.2945 0.04238559639909977 0.071
0 0.6040885221305327 0.31275 0.050637659414853715 0.0695
0 0.6312828207051763 0.35775 0.04801200300075019 0.0645
0 0.5924606151537885 0.396 0.04838709677419355 0.062
0 0.5948987246811703 0.459 0.05101275318829707 0.064
0 0.6301575393848462 0.42825 0.04426106526631658 0.0675
0 0.6170292573143286 0.5135 0.047261815453863466 0.061
0 0.6352213053263316 0.56325 0.046136534133533386 0.0555
0 0.6346586646661665 0.62375 0.046511627906976744 0.0635
0 0.623218304576144 0.682 0.04538634658664666 0.054
0 0.6564141035258815 0.71425 0.04126031507876969 0.0575
0 0.6948612153038259 0.751 0.04013503375843961 0.05
0 0.695423855963991 0.7025 0.03825956489122281 0.049
0 0.6751687921980495 0.6525 0.04576144036009002 0.066
0 0.68192048012003 0.60425 0.04876219054763691 0.0575
0 0.6687921980495124 0.533 0.04426106526631658 0.065
0 0.6702925731432858 0.47825 0.04876219054763691 0.0615
0 0.6881095273818455 0.42125 0.052138034508627154 0.0585
0 0.6817329332333083 0.3545 0.04988747186796699 0.064
0 0.6746061515378845 0.2915 0.047636909227306824 0.072
0 0.7252438109527382 0.3585 0.04238559639909977 0.069
0 0.7222430607651913 0.421 0.04463615903975994 0.066
0 0.7319954988747187 0.48375 0.047636909227306824 0.0615
0 0.7413728432108027 0.54025 0.05288822205551388 0.0585
0 0.7226181545386346 0.599 0.046136534133533386 0.059
0 0.7203675918979745 0.6495 0.04913728432108027 0.057
0 0.7246811702925732 0.685 0.042010502625656414 0.058
0 0.759939984996249 0.697 0.03900975243810953 0.049
0 0.7732558139534884 0.6505 0.041635408852213056 0.052
0 0.7625656414103525 0.62225 0.0450112528132033 0.0565
0 0.7698799699924981 0.564 0.04238559639909977 0.057
0 0.8088897224306076 0.56925 0.041635408852213056 0.0525
0 0.8340210052513128 0.529 0.03938484621155289 0.057
0 0.7929482370592649 0.50125 0.046511627906976744 0.0605
0 0.7741935483870968 0.4515 0.04351087771942986 0.064
0 0.772880720180045 0.379 0.050637659414853715 0.059