0 0.10783945986496624 0.31475 0.041635408852213056 0.0595
0 0.18698424606151537 0.3445 0.04088522130532633 0.047
0 0.21567891972993247 0.38525 0.03900975243810953 0.0505
0 0.23443360840210054 0.4345 0.03825956489122281 0.047
0 0.25731432858214554 0.40325 0.035258814703675916 0.0495
0 0.24081020255063765 0.33375 0.035258814703675916 0.0465
0 0.21999249812453114 0.29775 0.037134283570892726 0.0435
0 0.2108027006751688 0.4705 0.03900975243810953 0.048
0 0.23462115528882221 0.48725 0.034133533383345835 0.0505
0 0.21717929482370593 0.5235 0.035258814703675916 0.036
0 0.2507501875468867 0.5305 0.037134283570892726 0.049
0 0.1292198049512378 0.50175 0.04013503375843961 0.0545
0 0.1639159789947487 0.53225 0.05026256564141035 0.0635
0 0.1791072768192048 0.58875 0.041635408852213056 0.0435
0 0.27644411102775696 0.567 0.04051012753188297 0.046
0 0.2642535633908477 0.6155 0.04238559639909977 0.063
0 0.3055138784696174 0.65725 0.04238559639909977 0.0525
0 0.3207051762940735 0.60375 0.03975993998499625 0.0555
0 0.36177794448612155 0.6355 0.03488372093023256 0.05
0 0.35352588147036756 0.685 0.03488372093023256 0.057
0 0.4036009002250563 0.677 0.04126031507876969 0.057
0 0.3975993998499625 0.6135 0.042010502625656414 0.047
0 0.37509377344336087 0.591 0.035258814703675916 0.045
0 0.3394598649662416 0.55725 0.03600900225056264 0.0555
0 0.37809452363090773 0.535 0.03900975243810953 0.051
0 0.3162040510127532 0.541 0.03675918979744936 0.046
0 0.28019504876219054 0.504 0.037509377344336084 0.047
0 0.2738184546136534 0.44925 0.03900975243810953 0.0465
0 0.2996999249812453 0.42225 0.03975993998499625 0.0495
0 0.3259564891222806 0.45425 0.037509377344336084 0.0415
0 0.33308327081770445 0.4935 0.035258814703675916 0.055
0 0.359152288072018 0.43575 0.037134283570892726 0.0475
0 0.39122280570142537 0.4895 0.04051012753188297 0.044
0 0.31376594148537135 0.3765 0.037134283570892726 0.044
0 0.3522130532633158 0.393 0.03675918979744936 0.049
0 0.39478619654913727 0.403 0.036384096024006 0.04
0 0.3799699924981245 0.353 0.03600900225056264 0.045
0 0.3469617404351088 0.33575 0.03675918979744936 0.0435
0 0.28675918979744935 0.34225 0.038634658664666165 0.0475
0 0.3085146286571643 0.307 0.04013503375843961 0.043
0 0.2595648912228057 0.28425 0.03900975243810953 0.0425
0 0.23724681170292572 0.2485 0.037134283570892726 0.044
0 0.259377344336084 0.21025 0.04088522130532633 0.0455
0 0.28244561140285074 0.24575 0.037509377344336084 0.0455
0 0.28094523630907725 0.172 0.03675918979744936 0.045
0 0.322768192048012 0.1865 0.03338334583645911 0.043
0 0.3100150037509377 0.2325 0.030382595648912228 0.043
0 0.35577644411102777 0.25 0.032633158289572396 0.042
0 0.3471492873218305 0.28925 0.034133533383345835 0.0445
0 0.38484621155288823 0.31 0.035258814703675916 0.043
0 0.3840960240060015 0.262 0.03375843960990248 0.045
0 0.37809452363090773 0.2 0.03975993998499625 0.046
0 0.35502625656414105 0.1565 0.041635408852213056 0.041
0 0.41841710427606904 0.221 0.034133533383345835 0.046
0 0.4578019504876219 0.22775 0.03788447111777944 0.0465
0 0.4292948237059265 0.276 0.03938484621155289 0.043
0 0.46399099774943736 0.2865 0.035258814703675916 0.042
0 0.48518379594898725 0.307 0.038634658664666165 0.047
0 0.5097524381095274 0.27375 0.03900975243810953 0.0475
0 0.42104276069017255 0.3215 0.03338334583645911 0.043
0 0.4521755438859715 0.33075 0.037134283570892726 0.0425
0 0.48499624906226557 0.353 0.03900975243810953 0.045
0 0.52344336084021 0.3475 0.03788447111777944 0.045
0 0.4221680420105026 0.37675 0.03113278319579895 0.0455
0 0.4566766691672918 0.3855 0.03338334583645911 0.043
0 0.49006001500375096 0.40375 0.037134283570892726 0.0395
0 0.5048762190547637 0.44225 0.03675918979744936 0.0495
0 0.4645536384096024 0.42825 0.038634658664666165 0.0485
0 0.4264816204051013 0.42375 0.03600900225056264 0.0495
0 0.40378844711177797 0.4545 0.037134283570892726 0.046
0 0.4298574643660915 0.4875 0.033008252063015754 0.047
0 0.42460615153788445 0.5295 0.035258814703675916 0.045
0 0.45255063765941483 0.511 0.03563390847711928 0.045
0 0.450112528132033 0.5575 0.037509377344336084 0.049
0 0.4122280570142536 0.57325 0.0345086271567892 0.0435
0 0.43885971492873216 0.61075 0.03825956489122281 0.0505
0 0.4705551387846962 0.63375 0.03113278319579895 0.0565
0 0.4382970742685671 0.65875 0.037134283570892726 0.0495
0 0.4943735933983496 0.67175 0.0345086271567892 0.0515
0 0.4503000750187547 0.7195 0.037134283570892726 0.056
0 0.4930607651912978 0.7315 0.04013503375843961 0.055
0 0.5301950487621906 0.73825 0.032633158289572396 0.0525
0 0.5330082520630157 0.68675 0.035258814703675916 0.0525
0 0.5155663915978995 0.635 0.03788447111777944 0.048
0 0.4908102025506377 0.582 0.038634658664666165 0.049
0 0.49381095273818454 0.53325 0.036384096024006 0.0495
0 0.4932483120780195 0.482 0.03900975243810953 0.045
0 0.5202550637659414 0.5075 0.03675918979744936 0.043
0 0.5352588147036759 0.557 0.035258814703675916 0.052
0 0.5466991747936985 0.60225 0.037134283570892726 0.0465
0 0.5575768942235559 0.647 0.04088522130532633 0.055
0 0.6089647411852963 0.72 0.050637659414853715 0.064
0 0.5958364591147787 0.67 0.036384096024006 0.045
0 0.6309077269317329 0.64625 0.03675918979744936 0.0455
0 0.6627906976744186 0.68525 0.03975993998499625 0.0515
0 0.590960240060015 0.615 0.03488372093023256 0.05
0 0.5723930982745686 0.5745 0.03675918979744936 0.052
0 0.6063390847711928 0.57975 0.03488372093023256 0.0425
0 0.6459114778694673 0.5955 0.04126031507876969 0.046
0 0.6016504126031508 0.52025 0.03900975243810953 0.0485
0 0.5572018004501126 0.51525 0.036384096024006 0.0495
0 0.5708927231807952 0.47275 0.033008252063015754 0.0455
0 0.5388222055513878 0.45775 0.034133533383345835 0.0455
0 0.5602025506376594 0.42025 0.03563390847711928 0.0495
0 0.5264441110277569 0.4035 0.03338334583645911 0.045
0 0.5577644411102776 0.38525 0.0345086271567892 0.0385
0 0.5941485371342836 0.39925 0.03825956489122281 0.0465
0 0.5783945986496624 0.3175 0.03975993998499625 0.051
0 0.5963990997749438 0.35525 0.03375843960990248 0.0485
0 0.6280945236309077 0.34025 0.03788447111777944 0.0395
0 0.6196549137284321 0.2905 0.0345086271567892 0.041
0 0.6541635408852213 0.2935 0.03825956489122281 0.041
0 0.6781695423855963 0.25775 0.03150787696924231 0.0435
0 0.7012378094523631 0.288 0.03563390847711928 0.042
0 0.6579144786196549 0.37075 0.03900975243810953 0.0395
0 0.6716054013503376 0.40125 0.03563390847711928 0.0525
0 0.6256564141035259 0.39875 0.03375843960990248 0.0415
0 0.6256564141035259 0.43625 0.04051012753188297 0.0515
0 0.6534133533383346 0.447 0.037509377344336084 0.052
0 0.632033008252063 0.487 0.037509377344336084 0.048
0 0.6669167291822956 0.49975 0.03675918979744936 0.0475
0 0.6881095273818455 0.46275 0.034133533383345835 0.0455
0 0.7018004501125281 0.505 0.0345086271567892 0.046
0 0.6669167291822956 0.5665 0.03825956489122281 0.047
0 0.6918604651162791 0.55775 0.034133533383345835 0.0395
0 0.7327456864216054 0.5395 0.038634658664666165 0.049
0 0.7409977494373593 0.5925 0.036384096024006 0.049
0 0.7338709677419355 0.473 0.036384096024006 0.042
0 0.7087396849212303 0.39725 0.038634658664666165 0.0445
0 0.7316204051012754 0.427 0.029632408102025505 0.049
0 0.7591897974493623 0.43925 0.03375843960990248 0.0485
0 0.7284321080270068 0.384 0.03150787696924231 0.041
0 0.7560015003750937 0.39475 0.03563390847711928 0.0455
0 0.7740060015003751 0.3685 0.032633158289572396 0.037
0 0.694298574643661 0.35225 0.03900975243810953 0.0485
0 0.7220555138784697 0.33475 0.035258814703675916 0.0465
0 0.7396849212303076 0.2925 0.03600900225056264 0.047
0 0.7657539384846211 0.3175 0.03938484621155289 0.049
0 0.7721305326331583 0.284 0.029632408102025505 0.042
0 0.7160540135033758 0.24525 0.033008252063015754 0.0475
0 0.7571267816954238 0.233 0.034133533383345835 0.042
0 0.7732558139534884 0.22775 0.02738184546136534 0.0435
0 0.8027006751687922 0.20925 0.030007501875468866 0.0395
0 0.8064516129032258 0.23975 0.03375843960990248 0.0395
0 0.8070142535633908 0.281 0.03488372093023256 0.045
0 0.822205551387847 0.318 0.03375843960990248 0.045
0 0.8358964741185296 0.33125 0.02288072018004501 0.0405
0 0.8660915228807202 0.3225 0.03225806451612903 0.044
0 0.8377719429857464 0.27925 0.03188297074268567 0.0435
0 0.8636534133533383 0.2625 0.034133533383345835 0.042
0 0.8448987246811703 0.22375 0.03113278319579895 0.0415
0 0.8291447861965492 0.1835 0.03488372093023256 0.036
0 0.8769692423105776 0.137 0.03225806451612903 0.039
0 0.9075393848462115 0.16325 0.028132033008252063 0.0375
0 0.8827831957989497 0.2045 0.03113278319579895 0.047
0 0.8827831957989497 0.185 0.034133533383345835 0.034
0 0.9152288072018004 0.203 0.028507126781695424 0.046
0 0.9604276069017255 0.155 0.02738184546136534 0.044
0 0.9403600900225056 0.12125 0.02625656414103526 0.0365
0 0.9750562640660165 0.19525 0.037134283570892726 0.0325
0 0.9487996999249813 0.22675 0.03338334583645911 0.0415
0 0.9634283570892723 0.2585 0.03113278319579895 0.039
0 0.9116654163540885 0.25175 0.032633158289572396 0.0425
0 0.8917854463615904 0.2805 0.03188297074268567 0.044
0 0.9259189797449362 0.2945 0.028882220555138786 0.039
0 0.9111027756939235 0.331 0.03225806451612903 0.043
0 0.9024756189047262 0.36525 0.03600900225056264 0.0415
0 0.9514253563390848 0.3895 0.034133533383345835 0.041
0 0.8501500375093773 0.36525 0.028882220555138786 0.0385
0 0.8520255063765941 0.4005 0.029632408102025505 0.044
0 0.8674043510877719 0.4375 0.034133533383345835 0.052
0 0.8747186796699175 0.39875 0.0277569392348087 0.0445
0 0.8248312078019505 0.3645 0.03375843960990248 0.046
0 0.8012003000750187 0.39425 0.033008252063015754 0.0505
0 0.8012003000750187 0.456 0.03375843960990248 0.036