0 0.18435858964741186 0.2395 0.04538634658664666 0.061
0 0.22749437359339836 0.19575 0.04913728432108027 0.0685
0 0.1445986496624156 0.31925 0.04538634658664666 0.0665
0 0.13953488372093023 0.387 0.05101275318829707 0.058
0 0.1618529632408102 0.44325 0.056639159789947484 0.0605
0 0.19786196549137283 0.503 0.04913728432108027 0.061
0 0.22693173293323332 0.42975 0.05326331582895724 0.0585
0 0.22093023255813954 0.378 0.05326331582895724 0.064
0 0.21961740435108776 0.30275 0.04838709677419355 0.0655
0 0.23874718679669918 0.25325 0.0536384096024006 0.0705
0 0.30007501875468867 0.193 0.046511627906976744 0.063
0 0.2846961740435109 0.2485 0.04801200300075019 0.068
0 0.26294073518379596 0.31875 0.042010502625656414 0.0665
0 0.2991372843210803 0.3295 0.0536384096024006 0.072
0 0.28019504876219054 0.378 0.05026256564141035 0.068
0 0.2785071267816954 0.44075 0.050637659414853715 0.0595
0 0.2565641410352588 0.48075 0.05026256564141035 0.0595
0 0.23930982745686422 0.5525 0.04426106526631658 0.058
0 0.2738184546136534 0.603 0.04951237809452363 0.047
0 0.31451612903225806 0.603 0.04388597149287322 0.056
0 0.313390847711928 0.66275 0.04838709677419355 0.0555
0 0.34733683420855216 0.6915 0.0450112528132033 0.047
0 0.3835333833458365 0.71025 0.04013503375843961 0.0475
0 0.3899099774943736 0.67925 0.04238559639909977 0.0515
0 0.3649662415603901 0.63 0.04351087771942986 0.055
0 0.413728432108027 0.65325 0.04351087771942986 0.0525
0 0.28319579894973745 0.53075 0.03825956489122281 0.0605
0 0.32126781695423856 0.54775 0.03938484621155289 0.0635
0 0.3008252063015754 0.48875 0.046511627906976744 0.0585
0 0.32970742685671417 0.442 0.04576144036009002 0.061
0 0.3659039759939985 0.4605 0.04688672168042011 0.063
0 0.3524006001500375 0.5035 0.04238559639909977 0.057
0 0.35502625656414105 0.57675 0.04538634658664666 0.0555
0 0.327456864216054 0.37925 0.04876219054763691 0.0605
0 0.3900975243810953 0.5375 0.04426106526631658 0.062
0 0.399662415603901 0.58425 0.04013503375843961 0.0535
0 0.4347336834208552 0.6005 0.04876219054763691 0.06
0 0.42873218304576144 0.68425 0.035258814703675916 0.0355
0 0.4503000750187547 0.67525 0.04238559639909977 0.0535
0 0.42685671417854465 0.75675 0.04351087771942986 0.0495
0 0.44692423105776447 0.7625 0.02738184546136534 0.041
0 0.46755438859714926 0.708 0.04238559639909977 0.049
0 0.4891222805701425 0.71675 0.02700675168792198 0.0435
0 0.4876219054763691 0.80775 0.04126031507876969 0.0515
0 0.5245686421605401 0.779 0.032633158289572396 0.046
0 0.5566391597899475 0.8175 0.0345086271567892 0.046
0 0.5585146286571643 0.7765 0.03600900225056264 0.048
0 0.5247561890472618 0.72775 0.037509377344336084 0.0475
0 0.5607651912978244 0.73425 0.03975993998499625 0.0465
0 0.486496624156039 0.6475 0.028507126781695424 0.038
0 0.47186796699174793 0.61375 0.04276069017254314 0.0465
0 0.5080645161290323 0.63625 0.04388597149287322 0.0555
0 0.508252063015754 0.67475 0.024006001500375095 0.0385
0 0.5249437359339835 0.66675 0.034133533383345835 0.0445
0 0.5491372843210802 0.693 0.03225806451612903 0.043
0 0.5714553638409603 0.68875 0.04913728432108027 0.0445
0 0.5930232558139535 0.6965 0.035258814703675916 0.039
0 0.6084021005251313 0.737 0.03900975243810953 0.045
0 0.609152288072018 0.7945 0.04351087771942986 0.041
0 0.354463615903976 0.264 0.04576144036009002 0.065
0 0.3801575393848462 0.19975 0.04838709677419355 0.0635
0 0.4032258064516129 0.25575 0.04276069017254314 0.0625
0 0.3876594148537134 0.3065 0.047636909227306824 0.062
0 0.3745311327831958 0.387 0.04688672168042011 0.064
0 0.4197299324831208 0.36175 0.05401350337584396 0.0645
0 0.4069767441860465 0.49475 0.04276069017254314 0.0545
0 0.43904726181545384 0.52475 0.04013503375843961 0.0515
0 0.4257314328582146 0.43975 0.04576144036009002 0.0605
0 0.45723930982745686 0.48775 0.047261815453863466 0.0575
0 0.48537134283570893 0.53975 0.03975993998499625 0.0505
0 0.5174418604651163 0.56575 0.04538634658664666 0.0525
0 0.5564516129032258 0.60925 0.038634658664666165 0.0515
0 0.59152288072018 0.624 0.04051012753188297 0.054
0 0.6018379594898725 0.65425 0.04013503375843961 0.0385
0 0.6241560390097525 0.66475 0.03225806451612903 0.0455
0 0.6474118529632408 0.69875 0.037509377344336084 0.0475
0 0.6507876969242311 0.74075 0.03600900225056264 0.0485
0 0.59152288072018 0.81575 0.035258814703675916 0.0425
0 0.6162790697674418 0.82325 0.021005251312828207 0.0345
0 0.6346586646661665 0.82075 0.03900975243810953 0.0445
0 0.6504126031507877 0.8475 0.04126031507876969 0.036
0 0.667291822955739 0.80275 0.04126031507876969 0.0535
0 0.6967366841710427 0.83525 0.03563390847711928 0.0425
0 0.7216804201050263 0.8175 0.03375843960990248 0.043
0 0.7438109527381845 0.8045 0.03150787696924231 0.035
0 0.7336834208552138 0.78075 0.042010502625656414 0.0395
0 0.6944861215303826 0.763 0.036384096024006 0.032
0 0.695986496624156 0.74425 0.041635408852213056 0.0485
0 0.7243060765191298 0.74175 0.03825956489122281 0.0465
0 0.7520630157539385 0.74125 0.03225806451612903 0.0465
0 0.7638784696174044 0.769 0.03563390847711928 0.04
0 0.7860090022505627 0.806 0.032633158289572396 0.047
0 0.854463615903976 0.80525 0.03825956489122281 0.0465
0 0.7976369092273068 0.754 0.04388597149287322 0.044
0 0.7798199549887472 0.7205 0.03675918979744936 0.045
0 0.736496624156039 0.7035 0.03788447111777944 0.046
0 0.6924231057764441 0.68775 0.03975993998499625 0.0475
0 0.6659789947486872 0.66575 0.04013503375843961 0.0495
0 0.6404726181545386 0.62925 0.046136534133533386 0.0425
0 0.5963990997749438 0.57625 0.0450112528132033 0.0645
0 0.6249062265566392 0.59575 0.035258814703675916 0.0475
0 0.5570142535633908 0.54125 0.04351087771942986 0.0495
0 0.5045011252813203 0.48475 0.04126031507876969 0.0495
0 0.5365716429107277 0.5025 0.04238559639909977 0.047
0 0.48593398349587397 0.43825 0.04838709677419355 0.0535
0 0.4602400600150037 0.3865 0.047261815453863466 0.06
0 0.4559264816204051 0.331 0.04238559639909977 0.057
0 0.4992498124531133 0.35825 0.042010502625656414 0.0575
0 0.536384096024006 0.393 0.0450112528132033 0.061
0 0.5373218304576144 0.4465 0.04238559639909977 0.067
0 0.572205551387847 0.437 0.04088522130532633 0.052
0 0.5830832708177044 0.51525 0.04388597149287322 0.0585
0 0.45255063765941483 0.157 0.04538634658664666 0.061
0 0.42779444861215304 0.208 0.04688672168042011 0.062
0 0.4519879969992498 0.25175 0.05101275318829707 0.0665
0 0.4964366091522881 0.24625 0.04388597149287322 0.0595
0 0.5418229557389347 0.1215 0.043135783945986494 0.064
0 0.5232558139534884 0.20575 0.0450112528132033 0.0605
0 0.5352588147036759 0.27075 0.047261815453863466 0.0705
0 0.4971867966991748 0.3045 0.04538634658664666 0.059
0 0.5367591897974494 0.33175 0.04426106526631658 0.0555
0 0.5761440360090022 0.18125 0.0450112528132033 0.0615
0 0.5695798949737434 0.2415 0.04463615903975994 0.06
0 0.5712678169542386 0.29575 0.0450112528132033 0.0495
0 0.5723930982745686 0.35275 0.04276069017254314 0.0565
0 0.6115903975993998 0.16125 0.04238559639909977 0.0625
0 0.6029632408102026 0.217 0.03938484621155289 0.056
0 0.6099024756189048 0.26875 0.04426106526631658 0.0595
0 0.6031507876969242 0.3245 0.042010502625656414 0.052
0 0.6057764441110277 0.38375 0.04276069017254314 0.0685
0 0.614403600900225 0.448 0.03675918979744936 0.058
0 0.6412228057014253 0.44675 0.034133533383345835 0.0575
0 0.623218304576144 0.5085 0.04088522130532633 0.056
0 0.6331582895723931 0.55625 0.04876219054763691 0.0585
0 0.6616654163540885 0.5165 0.0450112528132033 0.064
0 0.6642910727681921 0.5915 0.03975993998499625 0.053
0 0.6836084021005251 0.5635 0.04463615903975994 0.042
0 0.6927981995498874 0.60825 0.03675918979744936 0.0475
0 0.6978619654913728 0.645 0.037134283570892726 0.044
0 0.8205176294073518 0.724 0.03788447111777944 0.044
0 0.8554013503375844 0.713 0.036384096024006 0.042
0 0.7406226556639159 0.65025 0.04013503375843961 0.0435
0 0.7755063765941486 0.67725 0.04838709677419355 0.0495
0 0.8081395348837209 0.67675 0.03563390847711928 0.0465
0 0.8542760690172543 0.6835 0.041635408852213056 0.047
0 0.7297449362340586 0.614 0.04388597149287322 0.053
0 0.7668792198049512 0.61875 0.03788447111777944 0.0495
0 0.8102025506376594 0.63125 0.0450112528132033 0.0575
0 0.8482745686421606 0.62125 0.041635408852213056 0.0485
0 0.705926481620405 0.564 0.03075768942235559 0.058
0 0.7389347336834209 0.5685 0.03975993998499625 0.049
0 0.7773818454613654 0.5795 0.038634658664666165 0.053
0 0.8165791447861965 0.57675 0.0450112528132033 0.0485
0 0.8587771942985747 0.5755 0.04388597149287322 0.048
0 0.6890472618154538 0.49425 0.046511627906976744 0.0585
0 0.7168042010502625 0.51725 0.03825956489122281 0.0485
0 0.7569392348087022 0.52425 0.03825956489122281 0.0535
0 0.7929482370592649 0.5335 0.04426106526631658 0.048
0 0.8372093023255814 0.53875 0.05101275318829707 0.0585
0 0.6507876969242311 0.22225 0.047261815453863466 0.0625
0 0.6466616654163541 0.272 0.0450112528132033 0.058
0 0.6935483870967742 0.2365 0.0450112528132033 0.063
0 0.695986496624156 0.29425 0.0536384096024006 0.0545
0 0.6586646661665416 0.3295 0.04576144036009002 0.06
0 0.6470367591897974 0.3875 0.04426106526631658 0.058
0 0.6939234808702176 0.38125 0.04576144036009002 0.0545
0 0.6794823705926482 0.42925 0.04388597149287322 0.0515
0 0.7213053263315828 0.45525 0.04351087771942986 0.0565
0 0.7424981245311327 0.48575 0.04463615903975994 0.0535
0 0.7408102025506377 0.256 0.04951237809452363 0.055
0 0.7528132033008252 0.29525 0.04876219054763691 0.0605
0 0.7214928732183046 0.33975 0.04913728432108027 0.0595
0 0.7809452363090773 0.32575 0.03675918979744936 0.0585
0 0.7591897974493623 0.36025 0.04426106526631658 0.0575
0 0.7841335333833458 0.387 0.038634658664666165 0.054
0 0.7513128282070518 0.41575 0.04051012753188297 0.0555
0 0.7740060015003751 0.44525 0.04463615903975994 0.0545
0 0.8118904726181545 0.4375 0.043135783945986494 0.048
0 0.7966991747936985 0.48725 0.04351087771942986 0.0505
0 0.8336459114778695 0.478 0.04238559639909977 0.046