0 0.3255 0.8107651912978244 0.081 0.06339084771192798
0 0.39525 0.831582895723931 0.0655 0.0555138784696174
0 0.47125 0.8563390847711928 0.0755 0.06676669167291822
0 0.56625 0.767066766691673 0.0735 0.0622655663915979
0 0.59775 0.8017629407351838 0.0695 0.061890472618154536
0 0.6805 0.8068267066766691 0.083 0.05401350337584396
0 0.74625 0.7627531882970743 0.0665 0.055138784696174045
0 0.69525 0.7333083270817704 0.0775 0.06976744186046512
0 0.62525 0.7342460615153789 0.0705 0.055138784696174045
0 0.58325 0.6920480120030007 0.0685 0.06001500375093773
0 0.51625 0.6967366841710427 0.0745 0.05588897224306077
0 0.452 0.7310577644411103 0.077 0.056264066016504126
0 0.38925 0.7441860465116279 0.0665 0.06151537884471118
0 0.38825 0.6676669167291823 0.0685 0.06001500375093773
0 0.456 0.6626031507876969 0.069 0.05138784696174044
0 0.51725 0.6393473368342085 0.0755 0.05138784696174044
0 0.599 0.6376594148537135 0.075 0.05101275318829707
0 0.6665 0.6522880720180045 0.076 0.05401350337584396
0 0.75775 0.7074268567141786 0.0715 0.0555138784696174
0 0.76125 0.6507876969242311 0.0835 0.051762940735183796
0 0.6955 0.6042760690172543 0.083 0.05776444111027757
0 0.6105 0.572768192048012 0.073 0.051762940735183796
0 0.542 0.5868342085521381 0.07 0.0536384096024006
0 0.46625 0.6130907726931732 0.0665 0.056639159789947484
0 0.3905 0.6151537884471118 0.075 0.04876219054763691
0 0.35775 0.5594523630907727 0.0645 0.04913728432108027
0 0.4355 0.5624531132783196 0.074 0.04838709677419355
0 0.48175 0.5414478619654913 0.0695 0.05438859714928732
0 0.55 0.5315078769692423 0.062 0.056264066016504126
0 0.63375 0.52344336084021 0.0675 0.05438859714928732
0 0.6965 0.5530757689422355 0.068 0.05588897224306077
0 0.7595 0.5602025506376594 0.07 0.05738934733683421
0 0.82825 0.5834583645911477 0.0765 0.05438859714928732
0 0.84325 0.5313203300825207 0.0755 0.04913728432108027
0 0.736 0.5075018754688673 0.067 0.0555138784696174
0 0.65525 0.48124531132783194 0.0665 0.05251312828207052
0 0.564 0.48255813953488375 0.07 0.04988747186796699
0 0.4645 0.4846211552888222 0.067 0.05251312828207052
0 0.3835 0.5073143285821455 0.068 0.0536384096024006
0 0.3165 0.5011252813203301 0.073 0.05326331582895724
0 0.2375 0.42085521380345087 0.075 0.056264066016504126
0 0.363 0.46511627906976744 0.057 0.04276069017254314
0 0.401 0.4347336834208552 0.091 0.060765191297824456
0 0.3165 0.3859714928732183 0.082 0.05926481620405101
0 0.2415 0.3448987246811703 0.067 0.0536384096024006
0 0.2485 0.38147036759189795 0.073 0.04351087771942986
0 0.3035 0.34583645911477867 0.074 0.04801200300075019
0 0.23075 0.291072768192048 0.0615 0.04876219054763691
0 0.164 0.2526256564141035 0.069 0.04538634658664666
0 0.3615 0.31564141035258814 0.067 0.052138034508627154
0 0.39225 0.3563390847711928 0.0795 0.05401350337584396
0 0.4535 0.3915978994748687 0.079 0.0555138784696174
0 0.52425 0.4045386346586647 0.0785 0.0603900975243811
0 0.607 0.4253563390847712 0.07 0.05026256564141035
0 0.674 0.4062265566391598 0.073 0.051762940735183796
0 0.7145 0.38747186796699173 0.075 0.05401350337584396
0 0.75775 0.4474868717179295 0.0805 0.05926481620405101
0 0.8215 0.48012003000750186 0.081 0.056264066016504126
0 0.847 0.4382970742685671 0.081 0.05288822205551388
0 0.7835 0.4051012753188297 0.08 0.04801200300075019
0 0.569 0.37209302325581395 0.062 0.05251312828207052
0 0.54025 0.3300825206301575 0.0645 0.04801200300075019
0 0.61 0.3343960990247562 0.07 0.05588897224306077
0 0.716 0.3313953488372093 0.064 0.04988747186796699
0 0.7955 0.3100150037509377 0.065 0.05438859714928732
0 0.735 0.28600900225056264 0.072 0.050637659414853715
0 0.683 0.2548762190547637 0.078 0.046136534133533386
0 0.65425 0.2920105026256564 0.0725 0.04688672168042011
0 0.5855 0.27813203300825207 0.068 0.04838709677419355
0 0.5445 0.25900225056264065 0.061 0.04838709677419355
0 0.5945 0.22186796699174793 0.072 0.04538634658664666
0 0.618 0.18060765191297826 0.067 0.04838709677419355
0 0.56525 0.14516129032258066 0.0745 0.03975993998499625
0 0.51225 0.2010502625656414 0.0715 0.05101275318829707
0 0.474 0.23874718679669918 0.08 0.0603900975243811
0 0.449 0.1935483870967742 0.07 0.04426106526631658
0 0.43325 0.2355588897224306 0.0515 0.04801200300075019
0 0.42275 0.28188297074268565 0.0825 0.0641410352588147
0 0.4615 0.326894223555889 0.084 0.056639159789947484
0 0.346 0.2668792198049512 0.077 0.05288822205551388
0 0.373 0.23612153038259565 0.071 0.04538634658664666
0 0.38825 0.18829707426856715 0.0615 0.05701425356339085
0 0.3335 0.15641410352588148 0.064 0.0450112528132033
0 0.3035 0.19692423105776444 0.063 0.05401350337584396
0 0.252 0.22786946736684172 0.066 0.04388597149287322
0 0.20725 0.2203675918979745 0.0665 0.050637659414853715
0 0.219 0.16541635408852212 0.059 0.047261815453863466
0 0.26725 0.1837959489872468 0.0605 0.05101275318829707
0 0.2765 0.14159789947486873 0.065 0.04538634658664666
0 0.18725 0.11252813203300825 0.0675 0.0450112528132033
0 0.2375 0.07651912978244561 0.065 0.05251312828207052
0 0.323 0.07708177044261065 0.068 0.04913728432108027
0 0.289 0.03469617404351088 0.062 0.05138784696174044
0 0.359 0.03244561140285071 0.061 0.05138784696174044
0 0.4275 0.0823330832708177 0.046 0.04838709677419355
0 0.46925 0.09489872468117029 0.0785 0.05326331582895724
0 0.5025 0.07820705176294074 0.071 0.05288822205551388
0 0.4235 0.14009752438109527 0.063 0.04838709677419355