0 0.05832708177044261 0.573 0.04913728432108027 0.067
0 0.1072768192048012 0.5795 0.046511627906976744 0.072
0 0.11309077269317329 0.5195 0.04988747186796699 0.069
0 0.14122280570142537 0.4355 0.056639159789947484 0.063
0 0.15678919729932483 0.39625 0.05476369092273068 0.0775
0 0.18042010502625658 0.478 0.05401350337584396 0.069
0 0.23068267066766693 0.4115 0.05476369092273068 0.072
0 0.23255813953488372 0.4795 0.0450112528132033 0.068
0 0.27419354838709675 0.51575 0.05476369092273068 0.0745
0 0.2693173293323331 0.3555 0.05251312828207052 0.077
0 0.22543135783945986 0.55975 0.051762940735183796 0.0695
0 0.18042010502625658 0.57075 0.04801200300075019 0.0715
0 0.15847711927981994 0.6185 0.04463615903975994 0.064
0 0.08814703675918979 0.64775 0.056264066016504126 0.0585
0 0.14684921230307577 0.66475 0.05138784696174044 0.0525
0 0.18510877719429858 0.70325 0.04688672168042011 0.0645
0 0.20648912228057015 0.6755 0.047636909227306824 0.071
0 0.23912228057014254 0.71325 0.04988747186796699 0.0615
0 0.26762940735183793 0.64775 0.04913728432108027 0.0645
0 0.2897599399849963 0.70625 0.04988747186796699 0.0665
0 0.3353338334583646 0.6935 0.05476369092273068 0.063
0 0.3413353338334584 0.62125 0.0450112528132033 0.0655
0 0.28338334583645913 0.5995 0.061140285071267814 0.076
0 0.32801950487621906 0.56 0.05813953488372093 0.063
0 0.3192048012003001 0.46125 0.04876219054763691 0.0695
0 0.3666541635408852 0.5265 0.05438859714928732 0.076
0 0.37865716429107277 0.5755 0.047636909227306824 0.063
0 0.3582145536384096 0.426 0.04951237809452363 0.072
0 0.40397599399849965 0.48075 0.05476369092273068 0.0645
0 0.445423855963991 0.51025 0.0536384096024006 0.0725
0 0.34039759939985 0.345 0.05588897224306077 0.071
0 0.37378094523630906 0.29875 0.052138034508627154 0.0695
0 0.40922730682670666 0.35575 0.05701425356339085 0.0715
0 0.43548387096774194 0.413 0.056264066016504126 0.075
0 0.47505626406601653 0.4585 0.047636909227306824 0.083
0 0.404351087771943 0.2495 0.05476369092273068 0.083
0 0.46980495123780946 0.3025 0.05438859714928732 0.078
0 0.4881845461365341 0.3715 0.05813953488372093 0.078
0 0.43210802700675166 0.57975 0.051762940735183796 0.0665
0 0.4848087021755439 0.56725 0.05138784696174044 0.0615
0 0.43267066766691675 0.6575 0.04838709677419355 0.068
0 0.39891222805701426 0.6755 0.04838709677419355 0.068
0 0.42610652663165793 0.7415 0.05401350337584396 0.071
0 0.4720555138784696 0.7155 0.04988747186796699 0.072
0 0.513503375843961 0.73775 0.04576144036009002 0.0645
0 0.5185671417854464 0.657 0.04913728432108027 0.064
0 0.5313203300825207 0.59475 0.050637659414853715 0.0555
0 0.5333833458364591 0.546 0.051762940735183796 0.069
0 0.5264441110277569 0.47575 0.04988747186796699 0.0695
0 0.530570142535634 0.41675 0.05138784696174044 0.0605
0 0.5075018754688673 0.20125 0.0555138784696174 0.0835
0 0.5271942985746436 0.2725 0.061140285071267814 0.071
0 0.5448237059264817 0.33825 0.05588897224306077 0.0645
0 0.5853338334583645 0.38175 0.05813953488372093 0.0745
0 0.6237809452363091 0.43 0.05401350337584396 0.068
0 0.5932108027006752 0.2665 0.05438859714928732 0.083
0 0.6205926481620405 0.3375 0.055138784696174045 0.08
0 0.6597899474868717 0.36725 0.05251312828207052 0.0725
0 0.6762940735183796 0.4405 0.04876219054763691 0.077
0 0.6624156039009752 0.28 0.046511627906976744 0.086
0 0.6918604651162791 0.31775 0.04238559639909977 0.0665
0 0.5798949737434359 0.477 0.04951237809452363 0.071
0 0.6269692423105776 0.498 0.05138784696174044 0.066
0 0.6926106526631658 0.508 0.04913728432108027 0.066
0 0.5842085521380345 0.53525 0.047636909227306824 0.0615
0 0.5793323330832708 0.59775 0.04913728432108027 0.0665
0 0.5828957239309828 0.6705 0.04351087771942986 0.067
0 0.6395348837209303 0.57075 0.04576144036009002 0.0715
0 0.6792948237059265 0.5955 0.05026256564141035 0.07
0 0.6432858214553638 0.6415 0.05701425356339085 0.062
0 0.6729182295573893 0.69975 0.04951237809452363 0.0745
0 0.6260315078769693 0.71825 0.04801200300075019 0.0605
0 0.581582895723931 0.7745 0.05138784696174044 0.065
0 0.6329707426856714 0.76825 0.04913728432108027 0.0565
0 0.6380345086271568 0.8135 0.046511627906976744 0.053
0 0.6781695423855963 0.85 0.05101275318829707 0.063
0 0.6751687921980495 0.76075 0.04576144036009002 0.0625
0 0.72768192048012 0.81975 0.04876219054763691 0.0545
0 0.7747561890472618 0.83025 0.04538634658664666 0.0535
0 0.7762565641410353 0.78025 0.04913728432108027 0.0575
0 0.8143285821455364 0.80625 0.04876219054763691 0.0585
0 0.7237434358589647 0.7705 0.04688672168042011 0.062
0 0.7108027006751688 0.71075 0.04876219054763691 0.0585
0 0.7233683420855214 0.65525 0.05588897224306077 0.0565
0 0.7674418604651163 0.7115 0.051762940735183796 0.065
0 0.7513128282070518 0.5905 0.05776444111027757 0.066
0 0.7612528132033008 0.63175 0.04988747186796699 0.0565
0 0.8156414103525882 0.661 0.04913728432108027 0.067
0 0.826331582895724 0.7285 0.0450112528132033 0.059
0 0.8702175543885972 0.78 0.04951237809452363 0.064
0 0.8870967741935484 0.731 0.046511627906976744 0.046
0 0.9028507126781695 0.70475 0.05101275318829707 0.0575
0 0.8604651162790697 0.68125 0.04876219054763691 0.0575
0 0.9056639159789948 0.652 0.0536384096024006 0.054
0 0.8651537884471118 0.60925 0.05588897224306077 0.0645
0 0.8223930982745686 0.5855 0.04988747186796699 0.067
0 0.7841335333833458 0.556 0.047636909227306824 0.068
0 0.9317329332333083 0.58975 0.04876219054763691 0.0675
0 0.7338709677419355 0.45625 0.055138784696174045 0.0695
0 0.759939984996249 0.4925 0.06376594148537135 0.066
0 0.8205176294073518 0.51525 0.05138784696174044 0.0735
0 0.8709677419354839 0.5335 0.056264066016504126 0.066
0 0.8932858214553638 0.47 0.04913728432108027 0.068
0 0.8454613653413353 0.42025 0.051762940735183796 0.0605
0 0.7901350337584396 0.43625 0.052138034508627154 0.0735
0 0.7449362340585146 0.384 0.051762940735183796 0.074
0 0.7558139534883721 0.31075 0.05251312828207052 0.0725
0 0.7867591897974494 0.35875 0.04688672168042011 0.0695
0 0.8587771942985747 0.3525 0.056639159789947484 0.073
0 0.8516504126031508 0.281 0.061140285071267814 0.079
0 0.7983870967741935 0.23575 0.05813953488372093 0.0825
0 0.7108027006751688 0.18575 0.056264066016504126 0.0885
0 0.741185296324081 0.19625 0.046511627906976744 0.0815