0 0.4210624766180322 0.10125 0.03928170594837262 0.0535
0 0.4674523007856341 0.06675 0.037037037037037035 0.0555
0 0.5001870557426114 0.0465 0.04339693228582117 0.049
0 0.5024317246539469 0.093 0.04264870931537598 0.057
0 0.5473251028806584 0.08725 0.03965581743359521 0.0605
0 0.5679012345679012 0.1125 0.04339693228582117 0.063
0 0.6069958847736625 0.10275 0.04302282080059858 0.0545
0 0.6064347175458287 0.1455 0.04564160119715675 0.05
0 0.6647961092405537 0.152 0.04489337822671156 0.052
0 0.6245791245791246 0.1975 0.04152637485970819 0.063
0 0.6170968948746727 0.256 0.04377104377104377 0.051
0 0.6578750467639356 0.242 0.04152637485970819 0.047
0 0.5806210250654695 0.2445 0.03591470258136925 0.044
0 0.560231949120838 0.1715 0.03853348297792742 0.061
0 0.5450804339693228 0.24075 0.041900486344930786 0.0545
0 0.5153385708941265 0.2105 0.040029928918817806 0.062
0 0.5009352787130565 0.14275 0.04564160119715675 0.0615
0 0.46333707444818556 0.136 0.040029928918817806 0.049
0 0.4369622147399925 0.17375 0.04713804713804714 0.0565
0 0.4044145155256266 0.2205 0.04564160119715675 0.059
0 0.45417134306023194 0.219 0.03890759446315002 0.056
0 0.49345304900860454 0.2655 0.04264870931537598 0.057
0 0.5735129068462402 0.27525 0.04339693228582117 0.0645
0 0.6498316498316499 0.3055 0.0411522633744856 0.06
0 0.6552562663673774 0.389 0.04152637485970819 0.058
0 0.601010101010101 0.34125 0.040029928918817806 0.0545
0 0.4878413767302656 0.31925 0.04264870931537598 0.0545
0 0.4489337822671156 0.2825 0.04040404040404041 0.056
0 0.4102132435465769 0.3225 0.04227459783015339 0.058
0 0.365132809577254 0.3225 0.04414515525626637 0.056
0 0.36419753086419754 0.38625 0.04302282080059858 0.0635
0 0.41414141414141414 0.3885 0.041900486344930786 0.054
0 0.45379723157500934 0.35275 0.03890759446315002 0.0505
0 0.48597081930415265 0.401 0.041900486344930786 0.061
0 0.5233819678264122 0.3505 0.04564160119715675 0.058
0 0.5654695099139544 0.37175 0.04152637485970819 0.0575
0 0.6083052749719416 0.39375 0.04713804713804714 0.0605
0 0.6528245417134306 0.448 0.04414515525626637 0.053
0 0.5901608679386458 0.4445 0.040778151889263 0.054
0 0.5433969322858212 0.41425 0.04377104377104377 0.0595
0 0.4377104377104377 0.44825 0.04264870931537598 0.0565
0 0.39094650205761317 0.4315 0.041900486344930786 0.061
0 0.3441825664047886 0.50675 0.0411522633744856 0.0665
0 0.33052749719416386 0.43625 0.04302282080059858 0.0645
0 0.38533482977927425 0.49625 0.04414515525626637 0.0615
0 0.4373363262252151 0.49775 0.04040404040404041 0.0545
0 0.48054620276842497 0.5 0.040029928918817806 0.052
0 0.5048634493078937 0.46075 0.04451926674148896 0.0595
0 0.5222596333707444 0.51375 0.04339693228582117 0.0635
0 0.5624766180321736 0.5085 0.04227459783015339 0.064
0 0.6219603441825664 0.48475 0.04227459783015339 0.0605
0 0.6006359895248784 0.54825 0.040778151889263 0.0635
0 0.599139543583988 0.60775 0.04451926674148896 0.0585
0 0.5469509913954358 0.57025 0.04339693228582117 0.0575
0 0.3671904227459783 0.601 0.04526748971193416 0.062
0 0.4079685746352413 0.64275 0.04451926674148896 0.0535
0 0.5173961840628507 0.60925 0.04040404040404041 0.0575
0 0.5598578376356154 0.64325 0.04302282080059858 0.0635
0 0.6161616161616161 0.677 0.04489337822671156 0.06
0 0.5740740740740741 0.70325 0.04227459783015339 0.0655
0 0.5289936401047513 0.68475 0.04713804713804714 0.0655
0 0.48166853722409275 0.67675 0.04152637485970819 0.0675
0 0.4386457164234942 0.69 0.04227459783015339 0.067
0 0.38421249532360646 0.701 0.04938271604938271 0.058
0 0.3447437336326225 0.6865 0.04601571268237935 0.058
0 0.2966704077815189 0.71 0.04489337822671156 0.061
0 0.3374485596707819 0.74875 0.04638982416760194 0.0625
0 0.3179947624392069 0.8025 0.041900486344930786 0.062
0 0.469884025439581 0.73825 0.04938271604938271 0.0585
0 0.5420875420875421 0.74225 0.04713804713804714 0.0595
0 0.6015712682379349 0.7545 0.03890759446315002 0.06
0 0.6445940890385334 0.72525 0.04264870931537598 0.0575
0 0.6283202394313505 0.824 0.04227459783015339 0.067
0 0.557052001496446 0.79825 0.04638982416760194 0.0635
0 0.5061728395061729 0.803 0.0508791619902731 0.065
0 0.4489337822671156 0.82975 0.04788627010849233 0.0665
0 0.5826786382341937 0.84925 0.04451926674148896 0.0615
0 0.5353535353535354 0.8425 0.04638982416760194 0.058
0 0.4906472128694351 0.8585 0.04826038159371493 0.065
0 0.44332210998877664 0.88775 0.04564160119715675 0.0635
0 0.3829031051253273 0.88975 0.04826038159371493 0.0695
0 0.3367003367003367 0.87225 0.04713804713804714 0.0665
0 0.5553684998129442 0.89925 0.04377104377104377 0.0555
0 0.5937149270482603 0.92225 0.04414515525626637 0.0645
0 0.6320613542835765 0.932 0.040778151889263 0.054
0 0.6730265619154508 0.9545 0.04339693228582117 0.06
0 0.6069958847736625 0.88275 0.04152637485970819 0.0555
0 0.6661054994388328 0.89825 0.04227459783015339 0.0565
0 0.7098765432098766 0.9175 0.04526748971193416 0.06
0 0.7592592592592593 0.89075 0.04302282080059858 0.0565
0 0.7149270482603816 0.8485 0.04339693228582117 0.059
0 0.6732136176580621 0.84325 0.04826038159371493 0.0575
0 0.6584362139917695 0.7825 0.04564160119715675 0.05
0 0.7242798353909465 0.78125 0.041900486344930786 0.0585
0 0.7519640852974186 0.815 0.04414515525626637 0.057
0 0.7740366629255518 0.85775 0.03666292555181444 0.0505
0 0.7708567153011597 0.76 0.04377104377104377 0.061
0 0.7768424990647212 0.702 0.04377104377104377 0.055
0 0.7377478488589599 0.72025 0.041900486344930786 0.0565
0 0.6919191919191919 0.726 0.04302282080059858 0.056
0 0.6640478862701085 0.67175 0.03890759446315002 0.0555
0 0.700710811821923 0.662 0.03890759446315002 0.056
0 0.757201646090535 0.64775 0.0411522633744856 0.0585
0 0.8013468013468014 0.66225 0.038159371492704826 0.0605
0 0.7828282828282829 0.606 0.04451926674148896 0.056
0 0.6868686868686869 0.60775 0.04713804713804714 0.0515
0 0.6328095772540216 0.62575 0.037037037037037035 0.0535
0 0.6402918069584737 0.5665 0.04227459783015339 0.054
0 0.709502431724654 0.56575 0.04601571268237935 0.0585
0 0.7471006359895249 0.564 0.04040404040404041 0.049
0 0.7878787878787878 0.53725 0.03741114852225964 0.0485
0 0.8101384212495324 0.487 0.03853348297792742 0.052
0 0.7551440329218106 0.5095 0.04302282080059858 0.056
0 0.7059483726150393 0.5015 0.041900486344930786 0.058
0 0.6642349420127198 0.51375 0.04227459783015339 0.0615
0 0.7375607931163487 0.4565 0.04526748971193416 0.05
0 0.7929292929292929 0.442 0.04227459783015339 0.051
0 0.8120089786756454 0.379 0.04227459783015339 0.062
0 0.7538346427235316 0.39675 0.041900486344930786 0.0545
0 0.7031425364758698 0.409 0.04152637485970819 0.058
0 0.6831275720164609 0.34425 0.04638982416760194 0.0645
0 0.7237186681631126 0.35625 0.04152637485970819 0.0585
0 0.7721661054994389 0.3565 0.03292181069958848 0.039
0 0.7560793116348672 0.31025 0.04264870931537598 0.0535
0 0.6984661429105874 0.2725 0.04264870931537598 0.062
0 0.6848110736999626 0.19675 0.04227459783015339 0.0605
0 0.6786382341937898 0.0995 0.03965581743359521 0.061