0 0.056490834268612046 0.30575 0.048634493078937524 0.0465
0 0.09876543209876543 0.28275 0.05312383090160868 0.0555
0 0.14927048260381592 0.28275 0.04489337822671156 0.0575
0 0.1730265619154508 0.2545 0.049756827534605315 0.058
0 0.18855218855218855 0.181 0.052375607931163484 0.062
0 0.23101384212495324 0.227 0.03778526000748223 0.066
0 0.2364384586606809 0.172 0.04564160119715675 0.054
0 0.2783389450056117 0.226 0.05611672278338945 0.072
0 0.0611672278338945 0.36375 0.04826038159371493 0.0565
0 0.10362888140665918 0.4025 0.04788627010849233 0.05
0 0.11859334081556304 0.361 0.04713804713804714 0.05
0 0.17695473251028807 0.341 0.038159371492704826 0.055
0 0.21791994014216237 0.3375 0.04227459783015339 0.056
0 0.18106995884773663 0.3895 0.04638982416760194 0.04
0 0.1644219977553311 0.43375 0.04302282080059858 0.0525
0 0.12401795735129069 0.46375 0.040778151889263 0.0515
0 0.0806210250654695 0.45075 0.04377104377104377 0.0445
0 0.1520763187429854 0.48525 0.04751215862326973 0.0405
0 0.12701084923307146 0.52525 0.03928170594837262 0.0515
0 0.1644219977553311 0.54175 0.04302282080059858 0.0375
0 0.21174710063598953 0.54025 0.04339693228582117 0.0435
0 0.26318742985409654 0.56775 0.03778526000748223 0.0545
0 0.24953236064347176 0.5185 0.04489337822671156 0.045
0 0.20183314627759072 0.48975 0.04152637485970819 0.0425
0 0.21118593340815564 0.44025 0.04227459783015339 0.0475
0 0.2355031799476244 0.4785 0.04152637485970819 0.047
0 0.23681257014590348 0.39525 0.04564160119715675 0.0545
0 0.25177702955480735 0.43775 0.041900486344930786 0.0445
0 0.2762813318368874 0.409 0.04377104377104377 0.049
0 0.29068462401795736 0.453 0.04788627010849233 0.05
0 0.2774036662925552 0.492 0.040029928918817806 0.048
0 0.2931163486719042 0.529 0.037037037037037035 0.052
0 0.3153759820426487 0.56475 0.04264870931537598 0.0445
0 0.3348297792742237 0.53225 0.03890759446315002 0.0475
0 0.32098765432098764 0.492 0.03890759446315002 0.041
0 0.35372240927796483 0.58025 0.03778526000748223 0.0535
0 0.38514777403666295 0.55775 0.03853348297792742 0.0465
0 0.3885147774036663 0.58875 0.03778526000748223 0.0455
0 0.4214365881032548 0.56875 0.03554059109614665 0.0485
0 0.43135054246165355 0.60975 0.03591470258136925 0.0455
0 0.36943509165731386 0.5115 0.03853348297792742 0.044
0 0.40235690235690236 0.49325 0.04152637485970819 0.0455
0 0.4186307519640853 0.51925 0.03591470258136925 0.0555
0 0.3290310512532735 0.44225 0.04152637485970819 0.0455
0 0.35839880284324727 0.471 0.04040404040404041 0.048
0 0.3445566778900112 0.4125 0.04489337822671156 0.057
0 0.3832772166105499 0.43925 0.03778526000748223 0.0515
0 0.400860456416012 0.3945 0.04601571268237935 0.05
0 0.4227459783015339 0.439 0.03666292555181444 0.055
0 0.4388327721661055 0.4015 0.04339693228582117 0.056
0 0.4481855592966704 0.4855 0.038159371492704826 0.041
0 0.45192667414889637 0.5295 0.03741114852225964 0.051
0 0.45398428731762064 0.58025 0.03853348297792742 0.0365
0 0.46352413019079686 0.61325 0.034418256640478866 0.0395
0 0.2667414889637112 0.35275 0.03890759446315002 0.0545
0 0.3071455293677516 0.36975 0.041900486344930786 0.0515
0 0.3181818181818182 0.3245 0.04601571268237935 0.054
0 0.26973438084549195 0.30275 0.04564160119715675 0.0545
0 0.3380097268986158 0.2255 0.046763935652824544 0.061
0 0.34100261878039656 0.1605 0.046763935652824544 0.067
0 0.3866442199775533 0.21725 0.049756827534605315 0.0645
0 0.4094650205761317 0.1605 0.050505050505050504 0.065
0 0.4334081556303779 0.227 0.04751215862326973 0.061
0 0.4070332959221848 0.271 0.04339693228582117 0.06
0 0.3569023569023569 0.29475 0.04564160119715675 0.0495
0 0.3606434717545829 0.34375 0.04489337822671156 0.0515
0 0.39711934156378603 0.33675 0.04451926674148896 0.0575
0 0.4369622147399925 0.351 0.03666292555181444 0.061
0 0.4481855592966704 0.29375 0.04339693228582117 0.0505
0 0.4713804713804714 0.194 0.04638982416760194 0.057
0 0.4773662551440329 0.251 0.04564160119715675 0.054
0 0.5185185185185185 0.22375 0.04788627010849233 0.0615
0 0.5153385708941265 0.2805 0.04377104377104377 0.055
0 0.5531238309016087 0.26775 0.049756827534605315 0.0615
0 0.5149644594089039 0.33575 0.040029928918817806 0.0575
0 0.47512158623269735 0.34925 0.04414515525626637 0.0605
0 0.48428731762065097 0.3975 0.04377104377104377 0.046
0 0.5280583613916947 0.38775 0.04152637485970819 0.0485
0 0.5099139543583988 0.4335 0.03965581743359521 0.049
0 0.47399925177702956 0.45475 0.03666292555181444 0.0505
0 0.5057987280209503 0.48375 0.03591470258136925 0.0545
0 0.4841002618780397 0.51725 0.03965581743359521 0.0555
0 0.48484848484848486 0.552 0.0411522633744856 0.046
0 0.4887766554433221 0.5825 0.03479236812570146 0.038
0 0.5011223344556678 0.627 0.040778151889263 0.033
0 0.5239431350542462 0.64875 0.027310138421249533 0.0395
0 0.5288065843621399 0.59825 0.037037037037037035 0.0485
0 0.5202020202020202 0.56525 0.040029928918817806 0.0365
0 0.5258136924803591 0.515 0.03479236812570146 0.043
0 0.5534979423868313 0.5435 0.037037037037037035 0.042
0 0.5592966704077815 0.5775 0.03666292555181444 0.034
0 0.5615413393191171 0.62875 0.038159371492704826 0.0525
0 0.5925925925925926 0.645 0.03367003367003367 0.043
0 0.5953984287317621 0.60725 0.03853348297792742 0.0285
0 0.5935278713056491 0.5735 0.030303030303030304 0.044
0 0.5925925925925926 0.52575 0.03741114852225964 0.0315
0 0.5433969322858212 0.47275 0.03853348297792742 0.0535
0 0.5576131687242798 0.49675 0.03853348297792742 0.0405
0 0.5924055368499813 0.4905 0.03928170594837262 0.043
0 0.5828656939768051 0.446 0.04264870931537598 0.049
0 0.5598578376356154 0.4045 0.040029928918817806 0.042
0 0.5740740740740741 0.3705 0.04451926674148896 0.055
0 0.6019453797231575 0.40675 0.03965581743359521 0.0505
0 0.6356154133931912 0.43175 0.03741114852225964 0.0555
0 0.6309390198279087 0.50775 0.040778151889263 0.0385
0 0.6290684624017957 0.5545 0.040029928918817806 0.044
0 0.5555555555555556 0.327 0.03965581743359521 0.057
0 0.6038159371492705 0.268 0.041900486344930786 0.063
0 0.6011971567527123 0.3295 0.04564160119715675 0.06
0 0.6430976430976431 0.3035 0.04489337822671156 0.057
0 0.68443696221474 0.2815 0.03778526000748223 0.056
0 0.668724279835391 0.34025 0.04227459783015339 0.0525
0 0.6313131313131313 0.359 0.04377104377104377 0.056
0 0.6552562663673774 0.3885 0.04377104377104377 0.054
0 0.6836887392442949 0.42125 0.03778526000748223 0.0605
0 0.7023943135054246 0.3565 0.03853348297792742 0.055
0 0.6636737747848859 0.4705 0.04264870931537598 0.052
0 0.6964085297418631 0.47325 0.03479236812570146 0.0485
0 0.6647961092405537 0.51 0.03666292555181444 0.041
0 0.6655443322109988 0.547 0.04040404040404041 0.042
0 0.7025813692480359 0.5245 0.038159371492704826 0.05
0 0.679386457164235 0.576 0.03965581743359521 0.041
0 0.6421623643845866 0.5915 0.040778151889263 0.04
0 0.6301907968574635 0.62225 0.04227459783015339 0.0315
0 0.6318742985409652 0.66475 0.035166479610924055 0.0455
0 0.6717171717171717 0.68175 0.03479236812570146 0.0365
0 0.6689113355780022 0.64175 0.035166479610924055 0.0295
0 0.6722783389450057 0.61275 0.03741114852225964 0.0385
0 0.7164234942012719 0.674 0.034418256640478866 0.04
0 0.7106247661803218 0.6415 0.037037037037037035 0.036
0 0.7480359147025814 0.65475 0.033295922184811075 0.0395
0 0.745230078563412 0.6205 0.03666292555181444 0.044
0 0.7753460531238309 0.624 0.03179947624392069 0.037
0 0.7106247661803218 0.6005 0.03479236812570146 0.043
0 0.7162364384586607 0.5605 0.03554059109614665 0.044
0 0.7491582491582491 0.57875 0.03554059109614665 0.0315
0 0.7856341189674523 0.58825 0.034418256640478866 0.0395
0 0.812383090160868 0.611 0.037037037037037035 0.044
0 0.831275720164609 0.5705 0.04339693228582117 0.034
0 0.7755331088664422 0.55225 0.03666292555181444 0.0435
0 0.7420501309390198 0.5285 0.03853348297792742 0.04
0 0.7343808454919566 0.4925 0.041900486344930786 0.039
0 0.7736625514403292 0.5095 0.038159371492704826 0.045
0 0.734006734006734 0.443 0.03890759446315002 0.048
0 0.767863823419379 0.4645 0.03778526000748223 0.048
0 0.7227833894500562 0.39725 0.03666292555181444 0.0475
0 0.7487841376730265 0.3355 0.046763935652824544 0.064
0 0.774784885895997 0.39025 0.04264870931537598 0.0535
0 0.7671156004489338 0.41875 0.03778526000748223 0.0385
0 0.8071455293677516 0.38575 0.034044145155256264 0.0545
0 0.8032173587729143 0.43625 0.041900486344930786 0.0535
0 0.8092031425364759 0.4895 0.03292181069958848 0.051
0 0.8148148148148148 0.52575 0.034418256640478866 0.0475
0 0.8453049008604564 0.53025 0.03479236812570146 0.0505
0 0.8492330714552937 0.48775 0.03890759446315002 0.0385
0 0.8488589599700711 0.45525 0.041900486344930786 0.0485