0 0.2059264816204051 0.35025 0.04276069017254314 0.0695
0 0.2068642160540135 0.3925 0.04238559639909977 0.053
0 0.23630907726931732 0.45275 0.03975993998499625 0.0605
0 0.20273818454613654 0.505 0.03563390847711928 0.057
0 0.23424606151537886 0.518 0.046136534133533386 0.057
0 0.26125281320330085 0.566 0.04238559639909977 0.053
0 0.25825206301575393 0.6115 0.03563390847711928 0.057
0 0.2636909227306827 0.66625 0.04351087771942986 0.0605
0 0.2948237059264816 0.7265 0.03075768942235559 0.058
0 0.313390847711928 0.74575 0.038634658664666165 0.0575
0 0.31957989497374345 0.65725 0.03900975243810953 0.0535
0 0.35090022505626406 0.6505 0.047636909227306824 0.056
0 0.3833458364591148 0.7185 0.03825956489122281 0.074
0 0.39497374343585895 0.66075 0.042010502625656414 0.0545
0 0.43042010502625655 0.6255 0.046136534133533386 0.057
0 0.4397974493623406 0.6895 0.04463615903975994 0.062
0 0.4619279819954989 0.675 0.04388597149287322 0.062
0 0.47843210802700675 0.6275 0.04913728432108027 0.064
0 0.3975993998499625 0.59175 0.04276069017254314 0.0585
0 0.345648912228057 0.57825 0.041635408852213056 0.0565
0 0.3167666916729182 0.543 0.04088522130532633 0.055
0 0.32295573893473367 0.58775 0.033008252063015754 0.0465
0 0.36459114778694673 0.539 0.04276069017254314 0.048
0 0.4054763690922731 0.5355 0.03975993998499625 0.062
0 0.43960990247561893 0.5425 0.042010502625656414 0.064
0 0.4062265566391598 0.49075 0.04051012753188297 0.0605
0 0.34846211552888223 0.49675 0.046511627906976744 0.0655
0 0.30982745686421603 0.4635 0.037509377344336084 0.066
0 0.27906976744186046 0.491 0.04126031507876969 0.066
0 0.2760690172543136 0.42025 0.04051012753188297 0.0585
0 0.29369842460615153 0.3965 0.04126031507876969 0.065
0 0.26294073518379596 0.3585 0.04576144036009002 0.065
0 0.23593398349587397 0.29275 0.04351087771942986 0.0715
0 0.26575393848462114 0.263 0.04538634658664666 0.074
0 0.31639159789947485 0.32475 0.04538634658664666 0.0685
0 0.3516504126031508 0.37075 0.04088522130532633 0.0635
0 0.3715303825956489 0.4245 0.03488372093023256 0.069
0 0.41616654163540884 0.40575 0.04463615903975994 0.0705
0 0.4424231057764441 0.46925 0.047636909227306824 0.0785
0 0.4748687171792948 0.41375 0.04801200300075019 0.0805
0 0.4199174793698425 0.344 0.056639159789947484 0.067
0 0.38072018004501124 0.32675 0.04051012753188297 0.0795
0 0.34921230307576895 0.3 0.042010502625656414 0.066
0 0.3319579894973743 0.22825 0.0450112528132033 0.0735
0 0.3842835708927232 0.21775 0.04388597149287322 0.0725
0 0.423105776444111 0.25625 0.0555138784696174 0.0705
0 0.3512753188297074 0.15225 0.04988747186796699 0.0775
0 0.2815078769692423 0.163 0.046136534133533386 0.083
0 0.36946736684171044 0.07 0.051762940735183796 0.081
0 0.4156039009752438 0.12525 0.047261815453863466 0.0855
0 0.45723930982745686 0.1895 0.04351087771942986 0.078
0 0.4703675918979745 0.11875 0.0555138784696174 0.0765
0 0.4992498124531133 0.17325 0.05251312828207052 0.0815
0 0.5165041260315079 0.06875 0.04876219054763691 0.0855
0 0.5585146286571643 0.094 0.06001500375093773 0.08
0 0.550450112528132 0.18175 0.05813953488372093 0.0855
0 0.48930982745686424 0.2405 0.047636909227306824 0.077
0 0.4908102025506377 0.32275 0.04988747186796699 0.0785
0 0.5465116279069767 0.299 0.06376594148537135 0.084
0 0.5641410352588146 0.35875 0.056264066016504126 0.0735
0 0.5341335333833458 0.4125 0.056264066016504126 0.061
0 0.5885221305326331 0.4355 0.05776444111027757 0.077
0 0.5007501875468867 0.48725 0.051762940735183796 0.0655
0 0.4846211552888222 0.5185 0.0450112528132033 0.056
0 0.535821455363841 0.5375 0.050637659414853715 0.059
0 0.5517629407351838 0.49575 0.05701425356339085 0.0715
0 0.6003375843960991 0.53475 0.05288822205551388 0.0745
0 0.5247561890472618 0.6675 0.0450112528132033 0.065
0 0.5273818454613654 0.5795 0.0450112528132033 0.072
0 0.5767066766691673 0.64875 0.050637659414853715 0.0705
0 0.6119654913728432 0.59575 0.05138784696174044 0.0635
0 0.6040885221305327 0.69175 0.04238559639909977 0.0605
0 0.5489497374343586 0.72075 0.046136534133533386 0.0615
0 0.5118154538634658 0.72675 0.041635408852213056 0.0715
0 0.5498874718679669 0.78 0.04801200300075019 0.064
0 0.6054013503375844 0.75475 0.051762940735183796 0.0625
0 0.6451612903225806 0.69675 0.05701425356339085 0.0645
0 0.7029257314328582 0.71575 0.05926481620405101 0.0685
0 0.7235558889722431 0.759 0.05701425356339085 0.06
0 0.7651912978244562 0.71025 0.06301575393848462 0.0835
0 0.8195798949737434 0.67775 0.05026256564141035 0.0655
0 0.753563390847712 0.594 0.06451612903225806 0.075
0 0.6941110277569392 0.6285 0.056639159789947484 0.068
0 0.8133908477119279 0.619 0.061890472618154536 0.082
0 0.6577269317329333 0.4545 0.05288822205551388 0.073
0 0.7031132783195799 0.4725 0.06489122280570142 0.079
0 0.771755438859715 0.48925 0.07239309827456865 0.0725
0 0.8143285821455364 0.5425 0.06301575393848462 0.073
0 0.6207801950487621 0.07175 0.06601650412603151 0.0925
0 0.6057764441110277 0.158 0.06376594148537135 0.091
0 0.677794448612153 0.123 0.06451612903225806 0.089
0 0.7235558889722431 0.1785 0.06826706676669167 0.102
0 0.6629782445611403 0.209 0.0671417854463616 0.085
0 0.6007126781695424 0.24075 0.05888972243060765 0.0795
0 0.6485371342835708 0.289 0.060765191297824456 0.079
0 0.7068642160540135 0.2685 0.059639909977494375 0.092
0 0.8058889722430608 0.151 0.08289572393098274 0.107
0 0.7764441110277569 0.2655 0.07126781695423856 0.09
0 0.8377719429857464 0.308 0.08139534883720931 0.094
0 0.7796324081020255 0.358 0.06939234808702176 0.084
0 0.6974868717179294 0.38075 0.061890472618154536 0.0835
0 0.6219054763690923 0.365 0.05926481620405101 0.078
0 0.7545011252813203 0.41925 0.07164291072768192 0.0745
0 0.8295198799699925 0.42275 0.07689422355588897 0.0885
0 0.873218304576144 0.6755 0.07051762940735183 0.084
0 0.8788447111777945 0.5635 0.07576894223555888 0.073
0 0.8653413353338335 0.511 0.07801950487621906 0.084
0 0.9294823705926482 0.495 0.06751687921980495 0.081
0 0.8891597899474869 0.3605 0.07614403600900226 0.092