0 0.17966991747936983 0.64625 0.03675918979744936 0.0635
0 0.15547636909227308 0.57225 0.036384096024006 0.0545
0 0.22824456114028507 0.5935 0.036384096024006 0.048
0 0.26069017254313576 0.6255 0.03975993998499625 0.065
0 0.2653788447111778 0.658 0.036384096024006 0.029
0 0.30420105026256566 0.64925 0.0277569392348087 0.0465
0 0.30101275318829707 0.71975 0.043135783945986494 0.0565
0 0.34508627156789196 0.753 0.0450112528132033 0.056
0 0.36834208552138037 0.75775 0.025506376594148537 0.0395
0 0.38840960240060013 0.77425 0.03938484621155289 0.0575
0 0.41504126031507876 0.7525 0.03938484621155289 0.06
0 0.42760690172543137 0.806 0.03375843960990248 0.057
0 0.3522130532633158 0.6905 0.03900975243810953 0.05
0 0.3859714928732183 0.71475 0.042010502625656414 0.0535
0 0.32914478619654913 0.64 0.04088522130532633 0.049
0 0.30195048762190546 0.60225 0.04126031507876969 0.0585
0 0.11796699174793698 0.489 0.032633158289572396 0.056
0 0.16054013503375844 0.503 0.03375843960990248 0.049
0 0.18942235558889722 0.524 0.03375843960990248 0.052
0 0.23068267066766693 0.5445 0.0345086271567892 0.063
0 0.28769692423105775 0.55475 0.03375843960990248 0.0525
0 0.07464366091522881 0.41075 0.029257314328582147 0.0535
0 0.0977119279819955 0.371 0.03488372093023256 0.052
0 0.11421605401350338 0.29125 0.03563390847711928 0.0565
0 0.15078769692423105 0.34275 0.0345086271567892 0.0495
0 0.12678169542385595 0.3915 0.03675918979744936 0.055
0 0.1235933983495874 0.44425 0.041635408852213056 0.0435
0 0.1697299324831208 0.46125 0.03938484621155289 0.0495
0 0.18473368342085522 0.4065 0.03788447111777944 0.047
0 0.16991747936984247 0.26725 0.037509377344336084 0.0535
0 0.1972993248312078 0.23625 0.03600900225056264 0.0515
0 0.20123780945236308 0.1845 0.03563390847711928 0.052
0 0.25787696924231057 0.198 0.032633158289572396 0.05
0 0.2507501875468867 0.241 0.03563390847711928 0.055
0 0.22693173293323332 0.31 0.0345086271567892 0.048
0 0.2469992498124531 0.2945 0.04013503375843961 0.047
0 0.2250562640660165 0.35825 0.037509377344336084 0.0475
0 0.25900225056264065 0.3545 0.03338334583645911 0.057
0 0.23068267066766693 0.40175 0.04351087771942986 0.0545
0 0.24981245311327832 0.44975 0.0450112528132033 0.0535
0 0.2601275318829707 0.4985 0.03113278319579895 0.055
0 0.29276069017254314 0.511 0.04013503375843961 0.057
0 0.34321080270067517 0.5625 0.04126031507876969 0.052
0 0.3336459114778695 0.514 0.04463615903975994 0.057
0 0.37715678919729934 0.52275 0.043135783945986494 0.0555
0 0.29257314328582146 0.45275 0.04051012753188297 0.0605
0 0.27831957989497375 0.3965 0.035258814703675916 0.054
0 0.3167666916729182 0.40625 0.037134283570892726 0.0585
0 0.2950112528132033 0.3415 0.04463615903975994 0.057
0 0.28844711177794446 0.295 0.03675918979744936 0.051
0 0.2835708927231808 0.24625 0.03825956489122281 0.0535
0 0.28694673668417103 0.1865 0.04276069017254314 0.061
0 0.33158289572393096 0.1835 0.04051012753188297 0.062
0 0.3177044261065266 0.24225 0.03900975243810953 0.0585
0 0.3208927231807952 0.308 0.04013503375843961 0.059
0 0.3420855213803451 0.33975 0.03675918979744936 0.0615
0 0.36534133533383345 0.29325 0.042010502625656414 0.0545
0 0.35408852213053266 0.224 0.04276069017254314 0.061
0 0.36609152288072017 0.17075 0.0345086271567892 0.0575
0 0.3987246811702926 0.20675 0.04126031507876969 0.0635
0 0.3936609152288072 0.26275 0.038634658664666165 0.0615
0 0.4156039009752438 0.293 0.04051012753188297 0.057
0 0.3745311327831958 0.364 0.038634658664666165 0.061
0 0.359714928732183 0.4125 0.03600900225056264 0.054
0 0.377344336084021 0.429 0.04276069017254314 0.058
0 0.3304576144036009 0.458 0.0345086271567892 0.056
0 0.36609152288072017 0.47 0.03675918979744936 0.054
0 0.41260315078769694 0.4895 0.03825956489122281 0.057
0 0.3810952738184546 0.60475 0.03675918979744936 0.0545
0 0.3825956489122281 0.6605 0.037509377344336084 0.06
0 0.41691672918229555 0.60025 0.03938484621155289 0.0585
0 0.42104276069017255 0.6545 0.03938484621155289 0.057
0 0.42873218304576144 0.70725 0.04126031507876969 0.0585
0 0.45817704426106526 0.7545 0.043135783945986494 0.06
0 0.46136534133533386 0.81325 0.037509377344336084 0.0585
0 0.4891222805701425 0.78925 0.03900975243810953 0.0615
0 0.5148162040510128 0.8515 0.041635408852213056 0.061
0 0.4540510127531883 0.6185 0.04463615903975994 0.065
0 0.41166541635408854 0.54775 0.04388597149287322 0.0555
0 0.45367591897974496 0.5645 0.04538634658664666 0.059
0 0.4855588897224306 0.648 0.04238559639909977 0.057
0 0.48237059264816207 0.71025 0.042010502625656414 0.0645
0 0.5255063765941486 0.6975 0.03900975243810953 0.058
0 0.52344336084021 0.749 0.03563390847711928 0.058
0 0.5345086271567892 0.80875 0.042010502625656414 0.0605
0 0.5196924231057765 0.624 0.046136534133533386 0.056
0 0.49624906226556637 0.57975 0.042010502625656414 0.0625
0 0.44036009002250565 0.5065 0.03600900225056264 0.061
0 0.42273068267066766 0.40825 0.03900975243810953 0.0545
0 0.4172918229557389 0.355 0.041635408852213056 0.061
0 0.43360840210052515 0.24275 0.04126031507876969 0.0535
0 0.4491747936984246 0.1835 0.038634658664666165 0.052
0 0.4748687171792948 0.14975 0.042010502625656414 0.0625
0 0.4761815453863466 0.22475 0.03938484621155289 0.0495
0 0.45348837209302323 0.26875 0.04126031507876969 0.0555
0 0.46417854463615904 0.331 0.041635408852213056 0.055
0 0.47505626406601653 0.41725 0.046136534133533386 0.0595
0 0.48518379594898725 0.47025 0.04088522130532633 0.0725
0 0.5174418604651163 0.517 0.05138784696174044 0.064
0 0.5598274568642161 0.865 0.03938484621155289 0.058
0 0.5905851462865717 0.90075 0.04688672168042011 0.0645
0 0.5984621155288822 0.848 0.04238559639909977 0.059
0 0.6359714928732183 0.884 0.046136534133533386 0.06
0 0.6560390097524381 0.8445 0.046511627906976744 0.062
0 0.6911102775693924 0.87925 0.047636909227306824 0.0625
0 0.731245311327832 0.874 0.04688672168042011 0.063
0 0.7730682670667667 0.85425 0.05326331582895724 0.0635
0 0.5759564891222806 0.78575 0.04688672168042011 0.0575
0 0.6187171792948237 0.79925 0.04838709677419355 0.0565
0 0.6519129782445612 0.7625 0.046511627906976744 0.053
0 0.6937359339834959 0.7945 0.04913728432108027 0.064
0 0.7383720930232558 0.79275 0.05138784696174044 0.0595
0 0.713053263315829 0.7455 0.05026256564141035 0.072
0 0.7590022505626407 0.76425 0.04688672168042011 0.0615
0 0.5652663165791448 0.72925 0.0450112528132033 0.0565
0 0.567516879219805 0.6725 0.03900975243810953 0.056
0 0.599774943735934 0.70175 0.042010502625656414 0.0615
0 0.6442235558889723 0.70775 0.04688672168042011 0.0575
0 0.6886721680420105 0.6945 0.04426106526631658 0.067
0 0.7494373593398349 0.70125 0.047261815453863466 0.0645
0 0.7959489872468117 0.717 0.04951237809452363 0.065
0 0.5380720180045011 0.57225 0.041635408852213056 0.0625
0 0.5673293323330832 0.6155 0.047636909227306824 0.054
0 0.6025881470367592 0.6455 0.046136534133533386 0.067
0 0.6496624156039009 0.64975 0.04276069017254314 0.0665
0 0.6095273818454614 0.5915 0.0450112528132033 0.057
0 0.6521005251312828 0.59 0.047636909227306824 0.064
0 0.6911102775693924 0.6225 0.04688672168042011 0.063
0 0.7355588897224306 0.64775 0.04951237809452363 0.0555
0 0.7263690922730682 0.59325 0.04688672168042011 0.0595
0 0.7713803450862715 0.59775 0.04688672168042011 0.0565
0 0.7886346586646662 0.659 0.043135783945986494 0.061
0 0.5789572393098275 0.5515 0.04913728432108027 0.06
0 0.5286946736684172 0.454 0.046136534133533386 0.058
0 0.5588897224306076 0.496 0.04426106526631658 0.056
0 0.6005251312828207 0.4915 0.04576144036009002 0.056
0 0.6275318829707427 0.53825 0.04351087771942986 0.0605
0 0.6764816204051013 0.5445 0.047636909227306824 0.063
0 0.7269317329332333 0.53825 0.05326331582895724 0.0555
0 0.6522880720180045 0.48575 0.04951237809452363 0.0575
0 0.7061140285071268 0.48625 0.05288822205551388 0.0585
0 0.5178169542385597 0.401 0.038634658664666165 0.056
0 0.5003750937734434 0.34825 0.04351087771942986 0.0575
0 0.4960615153788447 0.28025 0.04463615903975994 0.0625
0 0.5093773443360841 0.2385 0.0450112528132033 0.054
0 0.5243810952738185 0.18 0.04126031507876969 0.049
0 0.5633908477119279 0.1655 0.04276069017254314 0.062
0 0.5519504876219055 0.2285 0.04088522130532633 0.059
0 0.5474493623405852 0.28275 0.043135783945986494 0.0625
0 0.5420105026256564 0.3415 0.04426106526631658 0.058
0 0.554013503375844 0.39375 0.0450112528132033 0.0595
0 0.5813953488372093 0.43475 0.04576144036009002 0.0625
0 0.6249062265566392 0.4425 0.04276069017254314 0.06
0 0.6055888972243061 0.3875 0.043135783945986494 0.066
0 0.645536384096024 0.39325 0.03675918979744936 0.0635
0 0.5941485371342836 0.22475 0.0450112528132033 0.0615
0 0.5943360840210052 0.296 0.043135783945986494 0.058
0 0.6245311327831958 0.3345 0.04801200300075019 0.056
0 0.6340960240060015 0.17275 0.04388597149287322 0.0585
0 0.6376594148537135 0.2425 0.04426106526631658 0.063
0 0.6624156039009752 0.285 0.05026256564141035 0.058
0 0.6702925731432858 0.34075 0.04576144036009002 0.0585
0 0.7036759189797449 0.3775 0.05401350337584396 0.065
0 0.68192048012003 0.43875 0.04426106526631658 0.0605
0 0.7308702175543886 0.434 0.04388597149287322 0.061
0 0.7651912978244562 0.48575 0.04801200300075019 0.0625
0 0.7848837209302325 0.53825 0.043135783945986494 0.0625
0 0.8428357089272318 0.684 0.05326331582895724 0.059
0 0.8308327081770442 0.62925 0.05251312828207052 0.0615
0 0.8396474118529632 0.561 0.05438859714928732 0.068
0 0.817516879219805 0.491 0.05138784696174044 0.07
0 0.7854463615903976 0.435 0.04801200300075019 0.06
0 0.6817329332333083 0.19575 0.04538634658664666 0.0615
0 0.7102400600150037 0.24775 0.050637659414853715 0.0615
0 0.714178544636159 0.30525 0.04876219054763691 0.0615
0 0.7518754688672168 0.331 0.04538634658664666 0.072
0 0.7644411102775694 0.262 0.04876219054763691 0.067
0 0.8030757689422355 0.309 0.051762940735183796 0.069
0 0.8055138784696174 0.37775 0.046136534133533386 0.0625
0 0.8516504126031508 0.39825 0.04838709677419355 0.0595