0 0.1380345086271568 0.27575 0.03075768942235559 0.0435
0 0.17254313578394598 0.29075 0.025506376594148537 0.0475
0 0.1963615903975994 0.29525 0.02663165791447862 0.0415
0 0.19692423105776444 0.2565 0.03075768942235559 0.041
0 0.19767441860465115 0.334 0.029257314328582147 0.035
0 0.20555138784696175 0.35575 0.030007501875468866 0.0375
0 0.16035258814703676 0.37875 0.03563390847711928 0.0365
0 0.20386346586646661 0.391 0.03338334583645911 0.036
0 0.19411102775693923 0.425 0.028132033008252063 0.04
0 0.23255813953488372 0.416 0.025506376594148537 0.042
0 0.24887471867966993 0.432 0.028882220555138786 0.043
0 0.23518379594898725 0.3785 0.024006001500375095 0.046
0 0.2556264066016504 0.376 0.02738184546136534 0.04
0 0.2873218304576144 0.3815 0.03075768942235559 0.039
0 0.26406601650412603 0.3415 0.025506376594148537 0.046
0 0.23912228057014254 0.3335 0.028882220555138786 0.043
0 0.2736309077269317 0.29675 0.029632408102025505 0.0435
0 0.30513878469617406 0.33425 0.03188297074268567 0.0405
0 0.3210802700675169 0.3765 0.0277569392348087 0.037
0 0.2921980495123781 0.42975 0.029257314328582147 0.0425
0 0.3085146286571643 0.461 0.03188297074268567 0.04
0 0.3218304576144036 0.42925 0.029257314328582147 0.0425
0 0.25300075018754686 0.47375 0.028882220555138786 0.0355
0 0.2683795948987247 0.5025 0.029632408102025505 0.05
0 0.2087396849212303 0.488 0.028882220555138786 0.039
0 0.2040510127531883 0.54825 0.03150787696924231 0.0375
0 0.2203675918979745 0.58925 0.028132033008252063 0.0395
0 0.25900225056264065 0.6165 0.025131282820705175 0.04
0 0.2753188297074269 0.65575 0.023255813953488372 0.0405
0 0.29857464366091524 0.66625 0.028507126781695424 0.0335
0 0.322768192048012 0.65 0.028882220555138786 0.041
0 0.304576144036009 0.598 0.030007501875468866 0.035
0 0.30513878469617406 0.57075 0.03113278319579895 0.0345
0 0.29182295573893474 0.53875 0.029257314328582147 0.0375
0 0.26294073518379596 0.5435 0.025506376594148537 0.039
0 0.24268567141785446 0.528 0.025506376594148537 0.045
0 0.30420105026256566 0.50725 0.03375843960990248 0.0375
0 0.3448987246811703 0.5945 0.03188297074268567 0.036
0 0.3471492873218305 0.557 0.03113278319579895 0.037
0 0.3287696924231058 0.5265 0.030382595648912228 0.037
0 0.3319579894973743 0.4995 0.028507126781695424 0.045
0 0.36515378844711177 0.52725 0.02663165791447862 0.0385
0 0.3876594148537134 0.551 0.030382595648912228 0.039
0 0.3859714928732183 0.5175 0.033008252063015754 0.034
0 0.37303075768942234 0.5985 0.029632408102025505 0.039
0 0.38540885221305327 0.6305 0.028882220555138786 0.039
0 0.3717179294823706 0.668 0.03225806451612903 0.052
0 0.3899099774943736 0.72125 0.034133533383345835 0.0375
0 0.41691672918229555 0.73125 0.02738184546136534 0.0485
0 0.4206676669167292 0.68925 0.02738184546136534 0.0365
0 0.44317329332333083 0.6845 0.028882220555138786 0.041
0 0.4559264816204051 0.7115 0.02663165791447862 0.041
0 0.4519879969992498 0.75275 0.028507126781695424 0.0465
0 0.40922730682670666 0.6525 0.029257314328582147 0.036
0 0.436046511627907 0.65275 0.028882220555138786 0.0375
0 0.41429107276819205 0.6115 0.029632408102025505 0.039
0 0.4289197299324831 0.5545 0.03113278319579895 0.041
0 0.45648912228057015 0.55375 0.030007501875468866 0.0515
0 0.4512378094523631 0.5995 0.0277569392348087 0.044
0 0.4232933233308327 0.50325 0.032633158289572396 0.0405
0 0.440735183795949 0.48075 0.0345086271567892 0.0425
0 0.4579894973743436 0.51 0.03075768942235559 0.046
0 0.4006001500375094 0.464 0.029257314328582147 0.038
0 0.3777194298574644 0.45825 0.024756189047261814 0.0445
0 0.34508627156789196 0.45875 0.029257314328582147 0.0385
0 0.3524006001500375 0.41475 0.02663165791447862 0.0395
0 0.37809452363090773 0.41075 0.030007501875468866 0.0385
0 0.40772693173293323 0.4235 0.03225806451612903 0.039
0 0.4351087771942986 0.4445 0.03150787696924231 0.033
0 0.367966991747937 0.375 0.0345086271567892 0.037
0 0.40772693173293323 0.377 0.029257314328582147 0.042
0 0.4358589647411853 0.36675 0.03375843960990248 0.0345
0 0.4474868717179295 0.402 0.03600900225056264 0.038
0 0.3343960990247562 0.3465 0.029632408102025505 0.038
0 0.3675918979744936 0.32725 0.03375843960990248 0.0395
0 0.3353338334583646 0.3 0.03075768942235559 0.041
0 0.3090772693173293 0.2965 0.02700675168792198 0.035
0 0.31039009752438107 0.2625 0.03113278319579895 0.04
0 0.291072768192048 0.2655 0.024756189047261814 0.032
0 0.2798199549887472 0.25525 0.02625656414103526 0.0345
0 0.3025131282820705 0.2325 0.03488372093023256 0.039
0 0.3302700675168792 0.207 0.03188297074268567 0.043
0 0.3477119279819955 0.17475 0.030007501875468866 0.0355
0 0.3563390847711928 0.21525 0.029257314328582147 0.0445
0 0.37471867966991745 0.25275 0.028507126781695424 0.0425
0 0.3690922730682671 0.28675 0.024756189047261814 0.0445
0 0.3852213053263316 0.30025 0.023255813953488372 0.0505
0 0.4064141035258815 0.3365 0.032633158289572396 0.041
0 0.4187921980495124 0.31475 0.029632408102025505 0.0435
0 0.44898724681170293 0.33575 0.03375843960990248 0.0455
0 0.4315453863465866 0.2825 0.028132033008252063 0.047
0 0.40416354088522133 0.2645 0.029632408102025505 0.04
0 0.4139159789947487 0.2145 0.032633158289572396 0.035
0 0.44392348087021755 0.22875 0.028132033008252063 0.0455
0 0.4484246061515379 0.192 0.028132033008252063 0.045
0 0.4064141035258815 0.171 0.028882220555138786 0.05
0 0.3850337584396099 0.19475 0.028882220555138786 0.0425
0 0.3794073518379595 0.1745 0.02288072018004501 0.03
0 0.38728432108027006 0.12675 0.03188297074268567 0.0395
0 0.33177044261065264 0.14875 0.03488372093023256 0.0355
0 0.31639159789947485 0.10925 0.034133533383345835 0.0435
0 0.47561890472618157 0.1585 0.03075768942235559 0.044
0 0.4808702175543886 0.21025 0.03225806451612903 0.0445
0 0.5101275318829708 0.22075 0.029257314328582147 0.0475
0 0.5348837209302325 0.17825 0.03225806451612903 0.0405
0 0.5365716429107277 0.227 0.02738184546136534 0.045
0 0.5215678919729932 0.259 0.03338334583645911 0.041
0 0.49174793698424607 0.2645 0.03375843960990248 0.046
0 0.5078769692423106 0.2935 0.030007501875468866 0.042
0 0.472993248312078 0.29475 0.030007501875468866 0.0425
0 0.5746436609152288 0.194 0.03150787696924231 0.052
0 0.5547636909227307 0.2595 0.03150787696924231 0.046
0 0.5483870967741935 0.30475 0.033008252063015754 0.0425
0 0.5215678919729932 0.3285 0.030382595648912228 0.044
0 0.49099774943735935 0.34975 0.03075768942235559 0.0405
0 0.5193173293323331 0.36325 0.028882220555138786 0.0405
0 0.4722430607651913 0.36475 0.028507126781695424 0.0425
0 0.4973743435858965 0.384 0.030007501875468866 0.039
0 0.541072768192048 0.39175 0.030382595648912228 0.0355
0 0.5566391597899475 0.3535 0.03075768942235559 0.042
0 0.5155663915978995 0.4215 0.03488372093023256 0.033
0 0.4836834208552138 0.43425 0.03188297074268567 0.0435
0 0.472993248312078 0.478 0.035258814703675916 0.037
0 0.5022505626406601 0.486 0.02250562640660165 0.042
0 0.5343210802700675 0.46825 0.03113278319579895 0.0385
0 0.5624531132783196 0.47775 0.030382595648912228 0.0355
0 0.5648912228057015 0.4285 0.03075768942235559 0.037
0 0.5330082520630157 0.51025 0.037509377344336084 0.0325
0 0.5590772693173294 0.52725 0.02738184546136534 0.0405
0 0.5001875468867217 0.5155 0.03113278319579895 0.029
0 0.4814328582145536 0.56325 0.032633158289572396 0.0365
0 0.4788072018004501 0.60675 0.032633158289572396 0.0405
0 0.4653038259564891 0.6415 0.03188297074268567 0.033
0 0.49849962490622657 0.67275 0.03075768942235559 0.0415
0 0.5086271567891973 0.6005 0.02625656414103526 0.038
0 0.5172543135783946 0.6295 0.03225806451612903 0.04
0 0.5279444861215303 0.6715 0.029632408102025505 0.036
0 0.5506376594148538 0.65375 0.030007501875468866 0.0435
0 0.5513878469617405 0.6885 0.030007501875468866 0.039
0 0.5740810202550638 0.66425 0.02663165791447862 0.0445
0 0.5665791447861965 0.6125 0.028882220555138786 0.043
0 0.5240060015003751 0.564 0.03225806451612903 0.044
0 0.5423855963990998 0.57125 0.02625656414103526 0.0395
0 0.48237059264816207 0.707 0.03075768942235559 0.038
0 0.477119279819955 0.74625 0.03150787696924231 0.0345
0 0.4971867966991748 0.791 0.03338334583645911 0.037
0 0.5476369092273068 0.8075 0.02625656414103526 0.044
0 0.559264816204051 0.772 0.03075768942235559 0.033
0 0.5095648912228057 0.74075 0.029632408102025505 0.0395
0 0.5309452363090773 0.7575 0.029632408102025505 0.032
0 0.536946736684171 0.7285 0.029632408102025505 0.037
0 0.5770817704426107 0.72625 0.032633158289572396 0.0395
0 0.589834958739685 0.73825 0.023630907726931733 0.0305
0 0.6074643660915229 0.75175 0.02663165791447862 0.0335
0 0.5851462865716429 0.782 0.03075768942235559 0.03
0 0.5660165041260315 0.79275 0.02250562640660165 0.0285
0 0.6567891972993248 0.7525 0.0277569392348087 0.036
0 0.6423480870217554 0.72025 0.030382595648912228 0.0355
0 0.5978994748687172 0.707 0.025506376594148537 0.038
0 0.6155288822205551 0.709 0.018754688672168042 0.033
0 0.6642910727681921 0.69775 0.02700675168792198 0.0345
0 0.640285071267817 0.66825 0.033008252063015754 0.0345
0 0.6010877719429858 0.6615 0.028882220555138786 0.034
0 0.6082145536384096 0.63125 0.03113278319579895 0.0325
0 0.6299699924981246 0.6435 0.029632408102025505 0.036
0 0.6354088522130532 0.614 0.03150787696924231 0.036
0 0.6671042760690172 0.65525 0.03113278319579895 0.0365
0 0.6849212303075769 0.67375 0.030007501875468866 0.0335
0 0.5804576144036009 0.5505 0.03113278319579895 0.039
0 0.6095273818454614 0.55825 0.030007501875468866 0.0405
0 0.5887096774193549 0.51725 0.03188297074268567 0.0355
0 0.6249062265566392 0.52 0.03225806451612903 0.04
0 0.6445986496624156 0.547 0.028882220555138786 0.036
0 0.6691672918229558 0.5325 0.03150787696924231 0.041
0 0.5885221305326331 0.45825 0.033008252063015754 0.0385
0 0.6160915228807202 0.474 0.030382595648912228 0.045
0 0.6447861965491373 0.47675 0.02700675168792198 0.0425
0 0.6798574643660915 0.4955 0.03113278319579895 0.045
0 0.677794448612153 0.45725 0.03225806451612903 0.0375
0 0.6522880720180045 0.431 0.033008252063015754 0.039
0 0.6235933983495874 0.4365 0.032633158289572396 0.043
0 0.5965866466616654 0.41775 0.032633158289572396 0.0395
0 0.5885221305326331 0.37625 0.033008252063015754 0.0395
0 0.6249062265566392 0.38675 0.033008252063015754 0.0405
0 0.6569767441860465 0.38675 0.030382595648912228 0.0415
0 0.6862340585146287 0.402 0.032633158289572396 0.039
0 0.6166541635408852 0.35075 0.033008252063015754 0.0405
0 0.5858964741185296 0.33875 0.03225806451612903 0.0385
0 0.5813953488372093 0.3025 0.03075768942235559 0.042
0 0.6100900225056264 0.31025 0.028882220555138786 0.0425
0 0.6370967741935484 0.30525 0.029632408102025505 0.0375
0 0.6507876969242311 0.339 0.03600900225056264 0.043
0 0.6749812453113279 0.3275 0.034133533383345835 0.045
0 0.6929857464366092 0.3605 0.036384096024006 0.04
0 0.6622280570142536 0.2895 0.03113278319579895 0.048
0 0.6140285071267817 0.2655 0.03075768942235559 0.047
0 0.5858964741185296 0.257 0.03150787696924231 0.046
0 0.6106526631657915 0.21925 0.033008252063015754 0.0435
0 0.6421605401350338 0.1955 0.03225806451612903 0.048
0 0.6506001500375094 0.23825 0.03488372093023256 0.0455
0 0.5894598649662416 0.16375 0.030382595648912228 0.0455
0 0.6168417104276069 0.16825 0.029632408102025505 0.0345
0 0.6453488372093024 0.1525 0.030382595648912228 0.045
0 0.6759189797449362 0.134 0.033008252063015754 0.051
0 0.6776069017254314 0.1825 0.03338334583645911 0.046
0 0.7211177794448612 0.18825 0.03563390847711928 0.0485
0 0.7471867966991748 0.1585 0.033008252063015754 0.045
0 0.7758814703675919 0.18875 0.037134283570892726 0.0425
0 0.7421230307576894 0.21475 0.032633158289572396 0.0405
0 0.786946736684171 0.22825 0.0345086271567892 0.0405
0 0.7876969242310577 0.27025 0.03375843960990248 0.0455
0 0.7106151537884471 0.22375 0.03338334583645911 0.0455
0 0.6858589647411854 0.247 0.034133533383345835 0.038
0 0.7076144036009002 0.2765 0.034133533383345835 0.048
0 0.7241185296324081 0.30425 0.04013503375843961 0.0425
0 0.7520630157539385 0.28625 0.033008252063015754 0.0415
0 0.7209302325581395 0.34 0.04051012753188297 0.04
0 0.7558139534883721 0.32325 0.028507126781695424 0.0425
0 0.7850712678169542 0.31775 0.03225806451612903 0.0455
0 0.7843210802700675 0.354 0.03150787696924231 0.04
0 0.7606901725431358 0.3655 0.0345086271567892 0.042
0 0.72768192048012 0.38225 0.03375843960990248 0.0455
0 0.7344336084021005 0.4305 0.03900975243810953 0.04
0 0.7674418604651163 0.4105 0.03975993998499625 0.034
0 0.7646286571642911 0.45325 0.03113278319579895 0.0405
0 0.7044261065266316 0.468 0.02700675168792198 0.037
0 0.7316204051012754 0.47075 0.030382595648912228 0.0375
0 0.7124906226556639 0.51 0.03113278319579895 0.043
0 0.7368717179294824 0.5165 0.028132033008252063 0.041
0 0.7627531882970743 0.502 0.034133533383345835 0.043
0 0.7854463615903976 0.5175 0.03150787696924231 0.042
0 0.7126781695423856 0.545 0.035258814703675916 0.036
0 0.731245311327832 0.56975 0.02213053263315829 0.0335
0 0.7162415603900976 0.5905 0.038634658664666165 0.039
0 0.6624156039009752 0.5875 0.03150787696924231 0.033
0 0.6792948237059265 0.6125 0.030007501875468866 0.034
0 0.7036759189797449 0.60475 0.02625656414103526 0.0305
0 0.708927231807952 0.65425 0.03225806451612903 0.0415
0 0.7368717179294824 0.633 0.028882220555138786 0.035
0 0.7605026256564141 0.636 0.025881470367591898 0.04
0 0.7663165791447862 0.59325 0.03225806451612903 0.0435
0 0.7773818454613654 0.61475 0.028132033008252063 0.0455
0 0.800450112528132 0.63825 0.024756189047261814 0.0475
0 0.7258064516129032 0.6885 0.028507126781695424 0.034
0 0.7406226556639159 0.67725 0.01687921980495124 0.0335
0 0.7888222055513878 0.55375 0.029257314328582147 0.0345
0 0.8154538634658665 0.57075 0.029257314328582147 0.0345
0 0.8272693173293323 0.52025 0.028882220555138786 0.0395
0 0.8572768192048013 0.52775 0.029632408102025505 0.0435
0 0.8713428357089272 0.492 0.0277569392348087 0.042
0 0.9064141035258815 0.48525 0.03113278319579895 0.0415
0 0.9180420105026257 0.51475 0.03488372093023256 0.0375
0 0.9208552138034508 0.458 0.03150787696924231 0.039
0 0.8713428357089272 0.43875 0.03600900225056264 0.0425
0 0.8347711927981996 0.45925 0.030382595648912228 0.0345
0 0.8079519879969993 0.479 0.03600900225056264 0.036
0 0.7995123780945236 0.44825 0.03188297074268567 0.0395
0 0.8201425356339085 0.42075 0.034133533383345835 0.0355
0 0.7989497374343586 0.39625 0.029257314328582147 0.0455
0 0.8385221305326331 0.39025 0.030382595648912228 0.0395
0 0.8687171792948237 0.39425 0.03075768942235559 0.0415
0 0.8882220555138785 0.422 0.02700675168792198 0.043
0 0.9202925731432858 0.4185 0.034133533383345835 0.039
0 0.8899099774943736 0.38225 0.025881470367591898 0.0405
0 0.9156039009752438 0.35775 0.033008252063015754 0.0415
0 0.8542760690172543 0.3355 0.034133533383345835 0.045
0 0.813953488372093 0.32425 0.0277569392348087 0.0465
0 0.8625281320330083 0.2975 0.037134283570892726 0.039
0 0.8794073518379595 0.32375 0.03188297074268567 0.0415
0 0.849774943735934 0.21525 0.03188297074268567 0.0465
0 0.8645911477869468 0.245 0.03075768942235559 0.043
0 0.8953488372093024 0.25475 0.03375843960990248 0.0455
0 0.24887471867966993 0.20525 0.024381095273818456 0.0455