0 0.19879969992498125 0.27325 0.06676669167291822 0.0825
0 0.2528132033008252 0.3145 0.05251312828207052 0.087
0 0.20555138784696175 0.36925 0.05776444111027757 0.0865
0 0.23780945236309078 0.413 0.06451612903225806 0.093
0 0.25206301575393847 0.50575 0.06151537884471118 0.1005
0 0.31057764441110275 0.5385 0.06301575393848462 0.09
0 0.30045011252813203 0.44625 0.06451612903225806 0.0895
0 0.2989497374343586 0.36125 0.06376594148537135 0.0905
0 0.22280570142535633 0.178 0.058514628657164294 0.077
0 0.24606151537884471 0.23275 0.0622655663915979 0.0755
0 0.2931357839459865 0.2655 0.06789197299324831 0.086
0 0.27494373593398347 0.1245 0.05401350337584396 0.081
0 0.30007501875468867 0.17175 0.05326331582895724 0.0825
0 0.3388972243060765 0.20675 0.059639909977494375 0.0905
0 0.34921230307576895 0.3025 0.05926481620405101 0.09
0 0.3283945986496624 0.1025 0.05738934733683421 0.075
0 0.36271567891972994 0.13875 0.06601650412603151 0.0725
0 0.396099024756189 0.08375 0.05476369092273068 0.0755
0 0.4418604651162791 0.158 0.060765191297824456 0.079
0 0.41166541635408854 0.25275 0.061890472618154536 0.0895
0 0.4337959489872468 0.32775 0.06264066016504126 0.0885
0 0.3668417104276069 0.38825 0.06826706676669167 0.0855
0 0.4204801200300075 0.41525 0.06601650412603151 0.0895
0 0.3690922730682671 0.479 0.06301575393848462 0.082
0 0.38897224306076517 0.577 0.06301575393848462 0.092
0 0.43042010502625655 0.523 0.06264066016504126 0.095
0 0.44711177794448614 0.612 0.072768192048012 0.088
0 0.4711177794448612 0.11175 0.04576144036009002 0.0735
0 0.5127531882970743 0.087 0.06526631657914479 0.076
0 0.49381095273818454 0.1935 0.0641410352588147 0.076
0 0.46680420105026255 0.25175 0.0671417854463616 0.0895
0 0.5328207051762941 0.266 0.06339084771192798 0.092
0 0.5009377344336085 0.35325 0.07164291072768192 0.0845
0 0.4930607651912978 0.4445 0.06939234808702176 0.087
0 0.5013128282070518 0.52725 0.07239309827456865 0.0905
0 0.5191297824456114 0.61825 0.07426856714178545 0.0935
0 0.5343210802700675 0.71975 0.07614403600900226 0.1045
0 0.6365341335333834 0.77275 0.06976744186046512 0.1195
0 0.5770817704426107 0.57075 0.06639159789947487 0.0985
0 0.6243435858964741 0.504 0.06864216054013503 0.095
0 0.5693923480870218 0.40875 0.07126781695423856 0.0825
0 0.589834958739685 0.32025 0.07389347336834208 0.0945
0 0.5708927231807952 0.19225 0.07051762940735183 0.0835
0 0.5877719429857464 0.109 0.06826706676669167 0.079
0 0.6633533383345837 0.14275 0.07164291072768192 0.0915
0 0.7252438109527382 0.21125 0.06939234808702176 0.0955
0 0.6387846961740435 0.23225 0.0795198799699925 0.0935
0 0.6695423855963991 0.3045 0.06826706676669167 0.1
0 0.7351837959489872 0.314 0.07576894223555888 0.103
0 0.6382220555138785 0.40575 0.07239309827456865 0.1025
0 0.7128657164291072 0.41625 0.07989497374343586 0.0945
0 0.7886346586646662 0.40075 0.0708927231807952 0.0875
0 0.6901725431357839 0.5215 0.08027006751687922 0.093
0 0.7584396099024756 0.48025 0.07651912978244561 0.0955
0 0.6530382595648913 0.598 0.07876969242310577 0.105
0 0.7351837959489872 0.584 0.08027006751687922 0.108
0 0.6858589647411854 0.68925 0.08439609902475619 0.0985
0 0.755251312828207 0.73225 0.08289572393098274 0.1145
0 0.7008627156789198 0.8365 0.08589647411852963 0.107
0 0.79576144036009 0.64275 0.08514628657164292 0.1005
0 0.827456864216054 0.55175 0.08027006751687922 0.0995
0 0.8323330832708177 0.46275 0.08177044261065267 0.0995