0 0.218304576144036 0.15 0.08552138034508627 0.116
0 0.29744936234058517 0.12825 0.08852213053263316 0.1105
0 0.38165791447861963 0.1335 0.08289572393098274 0.111
0 0.4482370592648162 0.20725 0.08702175543885972 0.1055
0 0.5249437359339835 0.2235 0.08364591147786947 0.102
0 0.26875468867216806 0.21825 0.08289572393098274 0.1085
0 0.34752438109527384 0.22425 0.0918979744936234 0.1185
0 0.41072768192048015 0.29025 0.08177044261065267 0.1045
0 0.4806826706676669 0.303 0.07914478619654913 0.102
0 0.5630157539384846 0.30875 0.07201800450112528 0.1085
0 0.3094523630907727 0.3045 0.08777194298574643 0.111
0 0.13334583645911477 0.25375 0.08814703675918979 0.1205
0 0.21774193548387097 0.30725 0.08214553638409602 0.1165
0 0.0986496624156039 0.39575 0.07726931732933233 0.1135
0 0.19111027756939236 0.41375 0.09564891222805702 0.0965
0 0.3244561140285071 0.41575 0.08102025506376594 0.1055
0 0.41616654163540884 0.4085 0.08739684921230308 0.103
0 0.4885596399099775 0.4035 0.0708927231807952 0.101
0 0.6312828207051763 0.3305 0.07576894223555888 0.097
0 0.5714553638409603 0.40775 0.07164291072768192 0.0965
0 0.694298574643661 0.3655 0.06376594148537135 0.101
0 0.650225056264066 0.44025 0.07164291072768192 0.1095
0 0.15735183795948987 0.5095 0.08439609902475619 0.105
0 0.26500375093773443 0.4835 0.08739684921230308 0.094
0 0.3360840210052513 0.526 0.0795198799699925 0.109
0 0.18248312078019505 0.59875 0.08289572393098274 0.0915
0 0.2603150787696924 0.58625 0.07351837959489872 0.0995
0 0.22768192048012004 0.67825 0.08027006751687922 0.0945
0 0.2959489872468117 0.722 0.0795198799699925 0.104
0 0.32820705176294074 0.61275 0.07351837959489872 0.0975
0 0.40735183795948987 0.68325 0.08327081770442611 0.1045
0 0.40753938484621155 0.5795 0.08589647411852963 0.103
0 0.48105776444111026 0.76625 0.08739684921230308 0.0935
0 0.45911477869467365 0.49575 0.08177044261065267 0.1035
0 0.49774943735933985 0.562 0.07876969242310577 0.105
0 0.522880720180045 0.655 0.07201800450112528 0.098
0 0.5496999249812453 0.73625 0.07014253563390847 0.0875
0 0.5361965491372843 0.4865 0.07539384846211553 0.098
0 0.5819579894973743 0.587 0.08289572393098274 0.1
0 0.608027006751688 0.69625 0.058514628657164294 0.0935
0 0.5971492873218305 0.80525 0.06976744186046512 0.0945
0 0.6609152288072018 0.794 0.07201800450112528 0.104
0 0.7119279819954989 0.87675 0.07876969242310577 0.0795
0 0.7897599399849963 0.87725 0.07014253563390847 0.0915
0 0.7378094523630908 0.8065 0.06526631657914479 0.096
0 0.6792948237059265 0.71525 0.06676669167291822 0.0945
0 0.655476369092273 0.62425 0.07014253563390847 0.1025
0 0.6294073518379595 0.53325 0.07051762940735183 0.0905
0 0.7025506376594148 0.454 0.07051762940735183 0.103
0 0.7876969242310577 0.4805 0.07501875468867217 0.101
0 0.7049887471867967 0.5575 0.06864216054013503 0.094
0 0.7483120780195048 0.55125 0.05776444111027757 0.0935
0 0.7256189047261815 0.648 0.07539384846211553 0.106
0 0.8246436609152288 0.55275 0.07314328582145536 0.0965
0 0.7995123780945236 0.64375 0.07389347336834208 0.0935
0 0.7666916729182296 0.72375 0.05926481620405101 0.0885
0 0.7980120030007501 0.768 0.07764441110277569 0.096
0 0.8325206301575394 0.82325 0.07164291072768192 0.0755
0 0.8760315078769693 0.72925 0.07839459864966242 0.0855
0 0.8705926481620405 0.63225 0.07126781695423856 0.0825
0 0.9358589647411854 0.67325 0.06601650412603151 0.0925