0 0.14159789947486873 0.80475 0.02288072018004501 0.0355
0 0.12978244561140284 0.7355 0.03675918979744936 0.045
0 0.16035258814703676 0.75675 0.028882220555138786 0.0365
0 0.17929482370592648 0.7835 0.03675918979744936 0.04
0 0.1993623405851463 0.812 0.036384096024006 0.041
0 0.13072018004501126 0.6955 0.037134283570892726 0.036
0 0.13840960240060016 0.6505 0.02700675168792198 0.043
0 0.14684921230307577 0.67075 0.03338334583645911 0.0475
0 0.16316579144786197 0.6985 0.033008252063015754 0.033
0 0.18435858964741186 0.68575 0.029632408102025505 0.0405
0 0.19392348087021755 0.728 0.0277569392348087 0.043
0 0.21717929482370593 0.751 0.033008252063015754 0.038
0 0.24006001500375093 0.764 0.030007501875468866 0.039
0 0.27550637659414856 0.77025 0.034133533383345835 0.0525
0 0.1262190547636909 0.611 0.029632408102025505 0.042
0 0.14834958739684923 0.616 0.02663165791447862 0.041
0 0.17498124531132783 0.634 0.028882220555138786 0.046
0 0.22261815453863465 0.67775 0.030382595648912228 0.0485
0 0.24006001500375093 0.704 0.03225806451612903 0.044
0 0.218304576144036 0.626 0.03075768942235559 0.045
0 0.24568642160540136 0.6675 0.03075768942235559 0.043
0 0.2758814703675919 0.67425 0.03338334583645911 0.0405
0 0.2843210802700675 0.713 0.0345086271567892 0.047
0 0.304576144036009 0.74775 0.035258814703675916 0.0565
0 0.3372093023255814 0.75725 0.03375843960990248 0.0465
0 0.3546511627906977 0.73075 0.037134283570892726 0.0455
0 0.313953488372093 0.6985 0.03675918979744936 0.046
0 0.3480870217554389 0.68425 0.03150787696924231 0.0475
0 0.24812453113278318 0.61275 0.028132033008252063 0.0445
0 0.272880720180045 0.629 0.030382595648912228 0.04
0 0.2996999249812453 0.618 0.033008252063015754 0.042
0 0.3152663165791448 0.646 0.03788447111777944 0.039
0 0.36046511627906974 0.63825 0.03225806451612903 0.0455
0 0.39047261815453865 0.74 0.03225806451612903 0.049
0 0.14966241560390098 0.56525 0.037509377344336084 0.0425
0 0.1301575393848462 0.5235 0.0345086271567892 0.037
0 0.1656039009752438 0.48975 0.03113278319579895 0.0345
0 0.19748687171792947 0.52025 0.03113278319579895 0.0465
0 0.236496624156039 0.54375 0.032633158289572396 0.0495
0 0.236496624156039 0.57425 0.02738184546136534 0.0475
0 0.26294073518379596 0.58175 0.02700675168792198 0.0455
0 0.2837584396099025 0.57225 0.029632408102025505 0.0445
0 0.3102025506376594 0.5715 0.03225806451612903 0.044
0 0.2711927981995499 0.535 0.0345086271567892 0.043
0 0.2297449362340585 0.48675 0.029632408102025505 0.0415
0 0.2550637659414854 0.477 0.03150787696924231 0.044
0 0.2948237059264816 0.489 0.0345086271567892 0.052
0 0.32989497374343585 0.49125 0.038634658664666165 0.0505
0 0.3141410352588147 0.5275 0.030382595648912228 0.043
0 0.35577644411102777 0.52025 0.03488372093023256 0.0595
0 0.376781695423856 0.5435 0.03938484621155289 0.045
0 0.1579144786196549 0.44225 0.037509377344336084 0.0455
0 0.17835708927231808 0.4025 0.028882220555138786 0.045
0 0.19617404351087772 0.438 0.03150787696924231 0.048
0 0.22918229557389347 0.448 0.03225806451612903 0.046
0 0.2614403600900225 0.4375 0.033008252063015754 0.049
0 0.2940735183795949 0.4315 0.033008252063015754 0.047
0 0.3235183795948987 0.41825 0.03488372093023256 0.0385
0 0.34077269317329334 0.449 0.03788447111777944 0.049
0 0.37115528882220555 0.4635 0.038634658664666165 0.052
0 0.3938484621155289 0.49675 0.0345086271567892 0.0435
0 0.20292573143285822 0.54 0.029257314328582147 0.029
0 0.19823705926481622 0.3875 0.034133533383345835 0.046
0 0.22993248312078018 0.4085 0.028507126781695424 0.041
0 0.25150037509377343 0.39 0.02663165791447862 0.046
0 0.29932483120780196 0.3935 0.03600900225056264 0.037
0 0.2826331582895724 0.3625 0.04088522130532633 0.047
0 0.21849212303075768 0.3195 0.03338334583645911 0.049
0 0.2524381095273818 0.332 0.033008252063015754 0.046
0 0.2625656414103526 0.29475 0.028507126781695424 0.0435
0 0.28019504876219054 0.31675 0.03375843960990248 0.0485
0 0.2726931732933233 0.24575 0.029257314328582147 0.0525
0 0.2989497374343586 0.27925 0.03225806451612903 0.0405
0 0.3351462865716429 0.26225 0.030382595648912228 0.0455
0 0.35858964741185295 0.2565 0.03375843960990248 0.041
0 0.3325206301575394 0.2355 0.03338334583645911 0.034
0 0.3158289572393098 0.347 0.03600900225056264 0.045
0 0.340960240060015 0.32825 0.028507126781695424 0.0565
0 0.3343960990247562 0.37825 0.034133533383345835 0.0455
0 0.36084021005251316 0.367 0.029257314328582147 0.051
0 0.36515378844711177 0.40925 0.02738184546136534 0.0465
0 0.3915978994748687 0.4255 0.03600900225056264 0.053
0 0.4206676669167292 0.446 0.032633158289572396 0.054
0 0.3919729932483121 0.37175 0.03675918979744936 0.0445
0 0.4214178544636159 0.3975 0.03788447111777944 0.047
0 0.4021005251312828 0.33175 0.03900975243810953 0.0455
0 0.43060765191297823 0.3525 0.04351087771942986 0.046
0 0.3899099774943736 0.28175 0.03338334583645911 0.0505
0 0.4180420105026257 0.268 0.03788447111777944 0.04
0 0.4264816204051013 0.3035 0.0345086271567892 0.043
0 0.3801575393848462 0.225 0.034133533383345835 0.048
0 0.38447111777944487 0.18075 0.03600900225056264 0.0485
0 0.4148537134283571 0.16025 0.035258814703675916 0.0455
0 0.4148537134283571 0.205 0.037509377344336084 0.039
0 0.4510502625656414 0.14 0.03563390847711928 0.047
0 0.458927231807952 0.1935 0.037134283570892726 0.041
0 0.4386721680420105 0.218 0.036384096024006 0.049
0 0.46230307576894225 0.281 0.038634658664666165 0.049
0 0.48780945236309076 0.2475 0.03563390847711928 0.046
0 0.4943735933983496 0.1455 0.03600900225056264 0.047
0 0.5084396099024756 0.104 0.03113278319579895 0.049
0 0.5395723930982745 0.10375 0.03338334583645911 0.0465
0 0.5345086271567892 0.14625 0.03150787696924231 0.0455
0 0.5510127531882971 0.16275 0.03675918979744936 0.0455
0 0.5761440360090022 0.14075 0.0345086271567892 0.0425
0 0.5236309077269318 0.18775 0.03225806451612903 0.0455
0 0.5455738934733684 0.21675 0.03788447111777944 0.0495
0 0.5842085521380345 0.18725 0.034133533383345835 0.0385
0 0.5819579894973743 0.21375 0.03563390847711928 0.0535
0 0.5290697674418605 0.259 0.03338334583645911 0.039
0 0.5260690172543135 0.298 0.03563390847711928 0.045
0 0.5617029257314329 0.2775 0.03788447111777944 0.047
0 0.5558889722430608 0.3195 0.04051012753188297 0.044
0 0.46755438859714926 0.3335 0.03338334583645911 0.038
0 0.48705926481620404 0.355 0.03788447111777944 0.052
0 0.45461365341335336 0.37625 0.0345086271567892 0.0515
0 0.5759564891222806 0.35075 0.03338334583645911 0.0515
0 0.5483870967741935 0.38625 0.029257314328582147 0.0485
0 0.5185671417854464 0.3975 0.034133533383345835 0.046
0 0.49287321830457614 0.42375 0.03600900225056264 0.0375
0 0.46830457614403603 0.44725 0.032633158289572396 0.0425
0 0.4317329332333083 0.48925 0.03225806451612903 0.0445
0 0.4647411852963241 0.49425 0.03600900225056264 0.0485
0 0.4172918229557389 0.534 0.037134283570892726 0.052
0 0.4493623405851463 0.52925 0.03375843960990248 0.0505
0 0.49287321830457614 0.51125 0.035258814703675916 0.0455
0 0.4913728432108027 0.54375 0.03225806451612903 0.0375
0 0.5226931732933233 0.551 0.036384096024006 0.051
0 0.5005626406601651 0.5875 0.032633158289572396 0.046
0 0.46924231057764443 0.59475 0.037509377344336084 0.0465
0 0.44036009002250565 0.5725 0.03600900225056264 0.046
0 0.4111027756939235 0.5765 0.033008252063015754 0.052
0 0.3831582895723931 0.6005 0.034133533383345835 0.05
0 0.40097524381095273 0.646 0.0345086271567892 0.05
0 0.4264816204051013 0.6135 0.03150787696924231 0.042
0 0.43698424606151537 0.651 0.037509377344336084 0.043
0 0.46999249812453114 0.63425 0.037509377344336084 0.0415
0 0.4028507126781695 0.694 0.03600900225056264 0.049
0 0.4264816204051013 0.71875 0.03675918979744936 0.0485
0 0.43360840210052515 0.77025 0.03900975243810953 0.0455
0 0.4602400600150037 0.7515 0.03825956489122281 0.036
0 0.4821830457614404 0.70525 0.03188297074268567 0.0495
0 0.49681170292573146 0.73475 0.038634658664666165 0.0445
0 0.4885596399099775 0.78375 0.03488372093023256 0.0455
0 0.450112528132033 0.8155 0.03225806451612903 0.054
0 0.47655663915978996 0.838 0.03488372093023256 0.056
0 0.5086271567891973 0.83525 0.03225806451612903 0.0465
0 0.5260690172543135 0.74725 0.03563390847711928 0.0475
0 0.5073143285821455 0.6525 0.03563390847711928 0.054
0 0.5159414853713429 0.68325 0.036384096024006 0.0425
0 0.541072768192048 0.717 0.03788447111777944 0.046
0 0.5371342835708928 0.66275 0.03600900225056264 0.0465
0 0.5294448612153039 0.6215 0.03938484621155289 0.059
0 0.549324831207802 0.5705 0.03188297074268567 0.055
0 0.5549512378094523 0.5295 0.036384096024006 0.053
0 0.5840210052513128 0.6075 0.03375843960990248 0.05
0 0.5737059264816204 0.71025 0.03788447111777944 0.0475
0 0.5932108027006752 0.679 0.04088522130532633 0.049
0 0.6166541635408852 0.64925 0.03600900225056264 0.0485
0 0.6136534133533383 0.70675 0.03075768942235559 0.0455
0 0.5930232558139535 0.7535 0.037509377344336084 0.052
0 0.5605776444111028 0.763 0.03563390847711928 0.059
0 0.5791447861965492 0.7955 0.03375843960990248 0.046
0 0.5502625656414104 0.8125 0.033008252063015754 0.044
0 0.5798949737434359 0.8345 0.03375843960990248 0.049
0 0.5570142535633908 0.863 0.03900975243810953 0.06
0 0.5924606151537885 0.88675 0.03788447111777944 0.0515
0 0.5873968492123031 0.9575 0.035258814703675916 0.049
0 0.6222805701425357 0.93225 0.03600900225056264 0.0475
0 0.6475993998499625 0.92275 0.028132033008252063 0.0485
0 0.6149662415603901 0.8415 0.03338334583645911 0.045
0 0.622093023255814 0.76725 0.029632408102025505 0.0595
0 0.6459114778694673 0.79425 0.028507126781695424 0.0445
0 0.5303825956489122 0.46875 0.03900975243810953 0.0505
0 0.5617029257314329 0.47425 0.037134283570892726 0.0465
0 0.5399474868717179 0.42775 0.037134283570892726 0.0385
0 0.5757689422355589 0.4345 0.03675918979744936 0.043
0 0.5892723180795199 0.4 0.04051012753188297 0.041
0 0.6196549137284321 0.4215 0.033008252063015754 0.049
0 0.5575768942235559 0.041 0.03338334583645911 0.046
0 0.5748312078019505 0.058 0.03938484621155289 0.053
0 0.6292198049512379 0.1205 0.03338334583645911 0.047
0 0.6346586646661665 0.19475 0.03900975243810953 0.0455
0 0.6140285071267817 0.22625 0.03825956489122281 0.0395
0 0.6012753188297074 0.2625 0.03600900225056264 0.048
0 0.622655663915979 0.289 0.037509377344336084 0.051
0 0.6365341335333834 0.25475 0.03150787696924231 0.0505
0 0.5977119279819955 0.32175 0.036384096024006 0.0475
0 0.618529632408102 0.36 0.03975993998499625 0.048
0 0.6395348837209303 0.39325 0.033008252063015754 0.0475
0 0.6438484621155289 0.44875 0.03563390847711928 0.0445
0 0.6224681170292573 0.48175 0.038634658664666165 0.0455
0 0.6005251312828207 0.52325 0.03225806451612903 0.0495
0 0.6072768192048013 0.5655 0.03375843960990248 0.044
0 0.6376594148537135 0.52425 0.04126031507876969 0.0485
0 0.6410352588147037 0.5645 0.033008252063015754 0.047
0 0.6391597899474869 0.60975 0.03375843960990248 0.0495
0 0.6395348837209303 0.6835 0.029257314328582147 0.046
0 0.6770442610652663 0.92075 0.03675918979744936 0.0505
0 0.7126781695423856 0.88475 0.03375843960990248 0.0395
0 0.6519129782445612 0.837 0.03675918979744936 0.048
0 0.6770442610652663 0.847 0.03150787696924231 0.044
0 0.6944861215303826 0.81825 0.03188297074268567 0.0475
0 0.7134283570892723 0.84325 0.03375843960990248 0.0495
0 0.741185296324081 0.8505 0.03225806451612903 0.046
0 0.7648162040510128 0.8315 0.03225806451612903 0.043
0 0.7753188297074268 0.8485 0.03825956489122281 0.039
0 0.7933233308327082 0.8245 0.03075768942235559 0.045
0 0.8195798949737434 0.806 0.033008252063015754 0.042
0 0.7833833458364591 0.7755 0.03338334583645911 0.048
0 0.7246811702925732 0.80175 0.03375843960990248 0.0435
0 0.654913728432108 0.748 0.03600900225056264 0.049
0 0.6708552138034508 0.77575 0.03563390847711928 0.0465
0 0.6776069017254314 0.725 0.032633158289572396 0.053
0 0.7018004501125281 0.7555 0.033008252063015754 0.045
0 0.677794448612153 0.6805 0.03675918979744936 0.045
0 0.70423855963991 0.665 0.036384096024006 0.051
0 0.7342460615153789 0.6595 0.03113278319579895 0.049
0 0.7087396849212303 0.71225 0.03488372093023256 0.0495
0 0.7389347336834209 0.71075 0.03150787696924231 0.0425
0 0.7451237809452363 0.75 0.032633158289572396 0.044
0 0.7841335333833458 0.73725 0.03338334583645911 0.0435
0 0.8207051762940735 0.752 0.03600900225056264 0.049
0 0.786946736684171 0.69575 0.035258814703675916 0.0485
0 0.707801950487622 0.612 0.03825956489122281 0.041
0 0.7580645161290323 0.646 0.03975993998499625 0.039
0 0.79576144036009 0.6265 0.03938484621155289 0.053
0 0.8148912228057015 0.66 0.036384096024006 0.044
0 0.8945986496624156 0.8505 0.03150787696924231 0.046
0 0.8338334583645911 0.719 0.03225806451612903 0.043
0 0.8904726181545386 0.745 0.033008252063015754 0.043
0 0.8692798199549887 0.70425 0.03938484621155289 0.0435
0 0.8417104276069017 0.68025 0.03225806451612903 0.0405
0 0.8700300075018754 0.66025 0.04238559639909977 0.0515
0 0.8552138034508627 0.6135 0.03600900225056264 0.052
0 0.8957239309827457 0.625 0.03825956489122281 0.048
0 0.8912228057014253 0.57125 0.03825956489122281 0.0495
0 0.9013503375843961 0.512 0.0450112528132033 0.058
0 0.8338334583645911 0.53 0.03975993998499625 0.051
0 0.8552138034508627 0.5515 0.04276069017254314 0.052
0 0.8387096774193549 0.48525 0.04426106526631658 0.0475
0 0.7843210802700675 0.55775 0.035258814703675916 0.0475
0 0.755251312828207 0.55925 0.032633158289572396 0.0445
0 0.7186796699174793 0.55925 0.035258814703675916 0.0475
0 0.6746061515378845 0.5525 0.03488372093023256 0.038
0 0.6993623405851462 0.52525 0.03338334583645911 0.0465
0 0.6667291822955739 0.5035 0.03788447111777944 0.048
0 0.7063015753938484 0.467 0.035258814703675916 0.047
0 0.7406226556639159 0.501 0.032633158289572396 0.051
0 0.7747561890472618 0.5265 0.03338334583645911 0.048
0 0.6708552138034508 0.43475 0.037134283570892726 0.0455
0 0.6961740435108777 0.41775 0.033008252063015754 0.0475
0 0.7650037509377344 0.4615 0.03788447111777944 0.048
0 0.7755063765941486 0.484 0.037134283570892726 0.04
0 0.782258064516129 0.4365 0.030382595648912228 0.05
0 0.7486871717929482 0.41675 0.04126031507876969 0.0415
0 0.7456864216054013 0.378 0.03825956489122281 0.05
0 0.6539759939984996 0.3065 0.036384096024006 0.05
0 0.6607276819204801 0.36 0.03788447111777944 0.044
0 0.6905476369092273 0.33375 0.03900975243810953 0.0535
0 0.6616654163540885 0.22575 0.03225806451612903 0.0505
0 0.6834208552138035 0.24175 0.03900975243810953 0.0565
0 0.7087396849212303 0.20375 0.038634658664666165 0.0555
0 0.7239309827456865 0.27675 0.035258814703675916 0.0405
0 0.7289947486871718 0.29825 0.03938484621155289 0.0535
0 0.8034508627156789 0.29575 0.04276069017254314 0.0565
0 0.7794448612153039 0.35075 0.03375843960990248 0.0495
0 0.8165791447861965 0.3645 0.03375843960990248 0.04
0 0.8098274568642161 0.392 0.04276069017254314 0.046
0 0.8471492873218305 0.4265 0.038634658664666165 0.051
0 0.8604651162790697 0.449 0.03825956489122281 0.05