0 0.05832708177044261 0.671 0.037134283570892726 0.036
0 0.06264066016504126 0.713 0.028507126781695424 0.04
0 0.07689422355588897 0.75025 0.024756189047261814 0.0415
0 0.07689422355588897 0.615 0.03150787696924231 0.038
0 0.08777194298574643 0.6455 0.033008252063015754 0.042
0 0.11759189797449363 0.67625 0.03188297074268567 0.0455
0 0.10146286571642911 0.68475 0.02138034508627157 0.0355
0 0.11646661665416354 0.7165 0.03188297074268567 0.042
0 0.14684921230307577 0.747 0.03338334583645911 0.042
0 0.1457239309827457 0.6975 0.03113278319579895 0.035
0 0.1532258064516129 0.6825 0.034133533383345835 0.043
0 0.12771942985746437 0.63 0.03113278319579895 0.044
0 0.11740435108777195 0.592 0.030007501875468866 0.033
0 0.14084771192798198 0.55475 0.03338334583645911 0.0455
0 0.14928732183045762 0.57575 0.03075768942235559 0.0275
0 0.15678919729932483 0.6055 0.0345086271567892 0.046
0 0.11121530382595649 0.49075 0.03488372093023256 0.0405
0 0.15735183795948987 0.522 0.03563390847711928 0.037
0 0.19092273068267065 0.4985 0.029257314328582147 0.041
0 0.20836459114778694 0.5345 0.03113278319579895 0.042
0 0.18604651162790697 0.57475 0.0345086271567892 0.0465
0 0.21774193548387097 0.5765 0.02663165791447862 0.041
0 0.23405851462865718 0.58625 0.0345086271567892 0.0405
0 0.1781695423855964 0.633 0.03075768942235559 0.042
0 0.20386346586646661 0.6225 0.032633158289572396 0.042
0 0.23630907726931732 0.62425 0.0345086271567892 0.0435
0 0.23068267066766693 0.663 0.03675918979744936 0.042
0 0.19092273068267065 0.6705 0.033008252063015754 0.044
0 0.1972993248312078 0.71475 0.03075768942235559 0.0385
0 0.22486871717929482 0.69625 0.030382595648912228 0.0385
0 0.23687171792948236 0.45425 0.037134283570892726 0.0555
0 0.22449362340585147 0.49625 0.03113278319579895 0.0465
0 0.2738184546136534 0.4635 0.03375843960990248 0.03
0 0.23443360840210054 0.54125 0.033008252063015754 0.0455
0 0.2644411102775694 0.5175 0.033008252063015754 0.049
0 0.2805701425356339 0.55175 0.03150787696924231 0.0365
0 0.3038259564891223 0.52925 0.033008252063015754 0.0445
0 0.30701425356339085 0.48675 0.03338334583645911 0.0455
0 0.33589647411852963 0.505 0.03188297074268567 0.048
0 0.33833458364591146 0.46025 0.03600900225056264 0.0455
0 0.35183795948987245 0.4015 0.03375843960990248 0.051
0 0.37490622655663913 0.43975 0.034133533383345835 0.0455
0 0.3784696174043511 0.482 0.03225806451612903 0.045
0 0.32989497374343585 0.546 0.032633158289572396 0.041
0 0.354463615903976 0.53825 0.03600900225056264 0.0435
0 0.2852588147036759 0.60125 0.038634658664666165 0.0435
0 0.2700675168792198 0.629 0.03075768942235559 0.043
0 0.25825206301575393 0.68525 0.028882220555138786 0.0445
0 0.2794448612153038 0.6815 0.03675918979744936 0.042
0 0.31976744186046513 0.68075 0.03188297074268567 0.0425
0 0.304013503375844 0.63125 0.034133533383345835 0.0425
0 0.3276444111027757 0.5955 0.034133533383345835 0.044
0 0.36046511627906974 0.58225 0.03675918979744936 0.0455
0 0.34433608402100524 0.641 0.033008252063015754 0.045
0 0.3574643660915229 0.6755 0.0345086271567892 0.043
0 0.38465866466616655 0.647 0.036384096024006 0.047
0 0.3934733683420855 0.5745 0.03600900225056264 0.042
0 0.39047261815453865 0.53975 0.03600900225056264 0.0525
0 0.35577644411102777 0.3515 0.03338334583645911 0.045
0 0.38803450862715677 0.39425 0.03338334583645911 0.0415
0 0.4382970742685671 0.28575 0.04013503375843961 0.0465
0 0.46230307576894225 0.3275 0.034133533383345835 0.048
0 0.4399849962490623 0.36975 0.03675918979744936 0.0485
0 0.41597899474868716 0.3925 0.03600900225056264 0.047
0 0.4713053263315829 0.3935 0.03488372093023256 0.044
0 0.4932483120780195 0.3665 0.03225806451612903 0.046
0 0.495873968492123 0.311 0.03375843960990248 0.045
0 0.4866841710427607 0.265 0.03338334583645911 0.047
0 0.5193173293323331 0.259 0.04238559639909977 0.062
0 0.5611402850712678 0.27075 0.03225806451612903 0.0475
0 0.5536384096024006 0.317 0.03375843960990248 0.049
0 0.5279444861215303 0.341 0.037134283570892726 0.054
0 0.5311327831957989 0.38675 0.033008252063015754 0.0455
0 0.5018754688672168 0.40925 0.035258814703675916 0.0515
0 0.5326331582895724 0.433 0.033008252063015754 0.049
0 0.508252063015754 0.46475 0.03225806451612903 0.0465
0 0.4684921230307577 0.45225 0.0345086271567892 0.0475
0 0.40566391597899476 0.454 0.03338334583645911 0.043
0 0.41354088522130533 0.50325 0.038634658664666165 0.0455
0 0.4356714178544636 0.4735 0.03563390847711928 0.047
0 0.43529632408102026 0.521 0.03788447111777944 0.048
0 0.42704426106526633 0.557 0.034133533383345835 0.041
0 0.4576144036009002 0.56125 0.03675918979744936 0.0445
0 0.41822955738934736 0.6105 0.0345086271567892 0.038
0 0.4167291822955739 0.6585 0.033008252063015754 0.042
0 0.4587396849212303 0.64525 0.0345086271567892 0.0445
0 0.4486121530382596 0.60225 0.028507126781695424 0.0465
0 0.48424606151537886 0.58425 0.035258814703675916 0.0415
0 0.4930607651912978 0.55125 0.03488372093023256 0.0475
0 0.517066766691673 0.5755 0.029632408102025505 0.041
0 0.5121905476369092 0.62875 0.032633158289572396 0.0445
0 0.514066016504126 0.70075 0.03488372093023256 0.0425
0 0.5446361590397599 0.67225 0.037509377344336084 0.0455
0 0.5579519879969993 0.69675 0.03188297074268567 0.0395
0 0.5603900975243811 0.75175 0.035258814703675916 0.0455
0 0.5933983495873969 0.7675 0.0277569392348087 0.045
0 0.5922730682670667 0.717 0.037509377344336084 0.041
0 0.6024006001500375 0.67775 0.033008252063015754 0.0425
0 0.5772693173293323 0.65775 0.035258814703675916 0.0415
0 0.5515753938484621 0.63 0.03563390847711928 0.041
0 0.5510127531882971 0.583 0.03225806451612903 0.037
0 0.5813953488372093 0.60875 0.03375843960990248 0.0445
0 0.6082145536384096 0.6265 0.03113278319579895 0.043
0 0.490622655663916 0.502 0.033008252063015754 0.047
0 0.5166916729182296 0.52325 0.03188297074268567 0.0455
0 0.5433233308327082 0.548 0.03488372093023256 0.043
0 0.5768942235558889 0.5655 0.0345086271567892 0.045
0 0.558702175543886 0.5105 0.03338334583645911 0.046
0 0.5386346586646662 0.4805 0.03375843960990248 0.038
0 0.5663915978994749 0.464 0.035258814703675916 0.044
0 0.6024006001500375 0.495 0.033008252063015754 0.043
0 0.578019504876219 0.419 0.035258814703675916 0.05
0 0.5635783945986497 0.366 0.03488372093023256 0.045
0 0.5879594898724682 0.336 0.034133533383345835 0.048
0 0.6020255063765941 0.37875 0.03225806451612903 0.0505
0 0.5992123030757689 0.2865 0.037134283570892726 0.051
0 0.636721680420105 0.304 0.03488372093023256 0.05
0 0.6350337584396099 0.36275 0.03675918979744936 0.0445
0 0.6742310577644411 0.3545 0.03938484621155289 0.05
0 0.714178544636159 0.3595 0.03225806451612903 0.049
0 0.7578769692423106 0.39275 0.04238559639909977 0.0515
0 0.7027381845461366 0.40375 0.028882220555138786 0.0465
0 0.6687921980495124 0.41325 0.03675918979744936 0.0395
0 0.6295948987246812 0.40675 0.036384096024006 0.0455
0 0.6125281320330083 0.451 0.03375843960990248 0.046
0 0.6475993998499625 0.4455 0.028132033008252063 0.042
0 0.6809827456864216 0.441 0.03188297074268567 0.042
0 0.7340585146286571 0.44125 0.03375843960990248 0.0505
0 0.7923855963990998 0.44025 0.03488372093023256 0.0495
0 0.768754688672168 0.4815 0.03788447111777944 0.042
0 0.7081770442610653 0.47875 0.035258814703675916 0.0455
0 0.7248687171792948 0.4995 0.03113278319579895 0.039
0 0.672543135783946 0.489 0.03375843960990248 0.046
0 0.6282820705176294 0.4845 0.03225806451612903 0.043
0 0.6142160540135033 0.52375 0.03488372093023256 0.0425
0 0.6342835708927231 0.55625 0.033008252063015754 0.0455
0 0.6552888222055514 0.5265 0.0345086271567892 0.042
0 0.709489872468117 0.5365 0.032633158289572396 0.055
0 0.6114028507126782 0.578 0.033008252063015754 0.045
0 0.6389722430607652 0.606 0.03488372093023256 0.042
0 0.6776069017254314 0.58425 0.034133533383345835 0.0445
0 0.7081770442610653 0.5765 0.03375843960990248 0.04
0 0.6768567141785446 0.62525 0.032633158289572396 0.0465
0 0.6451612903225806 0.65525 0.03150787696924231 0.0425
0 0.6350337584396099 0.69375 0.03225806451612903 0.0405
0 0.6290322580645161 0.73875 0.03075768942235559 0.0445
0 0.6526631657914479 0.75525 0.03150787696924231 0.0405
0 0.6265941485371342 0.79475 0.03563390847711928 0.0425
0 0.6434733683420856 0.84 0.037134283570892726 0.036
0 0.6751687921980495 0.823 0.03225806451612903 0.04
0 0.7134283570892723 0.84275 0.03600900225056264 0.0415
0 0.7381845461365342 0.812 0.03900975243810953 0.04
0 0.6920480120030007 0.78125 0.03075768942235559 0.0405
0 0.7220555138784697 0.77275 0.035258814703675916 0.0425
0 0.6665416354088523 0.72225 0.03150787696924231 0.0425
0 0.6742310577644411 0.679 0.036384096024006 0.042
0 0.7053638409602401 0.70925 0.037134283570892726 0.0425
0 0.728244561140285 0.68675 0.03338334583645911 0.0435
0 0.7064891222805701 0.648 0.03338334583645911 0.042
0 0.7250562640660165 0.61175 0.03375843960990248 0.0455
0 0.7854463615903976 0.52125 0.03375843960990248 0.0425
0 0.8122655663915979 0.53275 0.03113278319579895 0.0405
0 0.7522505626406601 0.54075 0.03113278319579895 0.0405
0 0.7935108777194299 0.566 0.02738184546136534 0.046
0 0.8117029257314329 0.58775 0.035258814703675916 0.0405
0 0.7530007501875469 0.59275 0.034133533383345835 0.0425
0 0.785821455363841 0.61625 0.03600900225056264 0.0415
0 0.7590022505626407 0.63675 0.037134283570892726 0.0445
0 0.7970742685671418 0.664 0.033008252063015754 0.045
0 0.7672543135783946 0.7055 0.036384096024006 0.041
0 0.818642160540135 0.70425 0.036384096024006 0.0435
0 0.7460615153788447 0.746 0.035258814703675916 0.042
0 0.7811327831957989 0.7415 0.03488372093023256 0.041
0 0.7597524381095274 0.783 0.032633158289572396 0.039
0 0.8959114778694673 0.743 0.03788447111777944 0.051
0 0.8899099774943736 0.57725 0.03563390847711928 0.0475
0 0.8775318829707427 0.5265 0.04463615903975994 0.055
0 0.8629032258064516 0.47825 0.03488372093023256 0.0345