0 0.08454919566030678 0.1105 0.052375607931163484 0.071
0 0.11335578002244669 0.06075 0.055368499812944255 0.0835
0 0.07351290684624018 0.1925 0.040029928918817806 0.072
0 0.030864197530864196 0.25225 0.0512532734754957 0.0685
0 0.0819304152637486 0.2855 0.048634493078937524 0.073
0 0.122334455667789 0.2865 0.048634493078937524 0.071
0 0.13711185933408154 0.166 0.04302282080059858 0.078
0 0.17789001122334455 0.1595 0.046763935652824544 0.085
0 0.14964459408903855 0.231 0.05013093901982791 0.068
0 0.20127197904975683 0.23475 0.03965581743359521 0.0735
0 0.24092779648335205 0.1715 0.05312383090160868 0.073
0 0.2826412270856715 0.22575 0.05200149644594089 0.0775
0 0.24317246539468762 0.26125 0.03965581743359521 0.0805
0 0.1836887392442948 0.303 0.041900486344930786 0.075
0 0.029367751589973814 0.31525 0.04601571268237935 0.0605
0 0.061541339319117094 0.353 0.04900860456416012 0.063
0 0.11335578002244669 0.3805 0.04339693228582117 0.068
0 0.06921062476618033 0.411 0.04638982416760194 0.055
0 0.10699588477366255 0.44425 0.04564160119715675 0.0545
0 0.15899738121960344 0.354 0.03591470258136925 0.067
0 0.19846614291058737 0.393 0.04302282080059858 0.071
0 0.17003367003367004 0.43225 0.04751215862326973 0.0685
0 0.2355031799476244 0.34975 0.05200149644594089 0.0695
0 0.2944257388701833 0.30575 0.05387205387205387 0.0685
0 0.34249906472128694 0.26875 0.049756827534605315 0.0785
0 0.3367003367003367 0.17825 0.048634493078937524 0.0805
0 0.3505424616535728 0.3535 0.052375607931163484 0.075
0 0.2938645716423494 0.3835 0.04302282080059858 0.071
0 0.25252525252525254 0.422 0.04040404040404041 0.072
0 0.21623643845866067 0.4655 0.03741114852225964 0.071
0 0.14983164983164984 0.49 0.04451926674148896 0.07
0 0.20033670033670034 0.5165 0.03853348297792742 0.066
0 0.06715301159745604 0.4855 0.04601571268237935 0.067
0 0.05218855218855219 0.53275 0.04451926674148896 0.0615
0 0.1120463898241676 0.51275 0.040029928918817806 0.0675
0 0.10063598952487841 0.57275 0.03890759446315002 0.0655
0 0.06247661803217359 0.59925 0.04489337822671156 0.0645
0 0.1421623643845866 0.6125 0.04713804713804714 0.06
0 0.1537598204264871 0.558 0.04339693228582117 0.061
0 0.2029554807332585 0.58275 0.04227459783015339 0.0635
0 0.2442947998503554 0.57225 0.03666292555181444 0.0625
0 0.2558922558922559 0.51375 0.0411522633744856 0.0685
0 0.2875046763935653 0.475 0.04751215862326973 0.066
0 0.3389450056116723 0.4945 0.04713804713804714 0.071
0 0.3043396932285821 0.59325 0.0512532734754957 0.0625
0 0.3439955106621773 0.55775 0.050505050505050504 0.0545
0 0.27478488589599703 0.6255 0.04900860456416012 0.06
0 0.2246539468761691 0.636 0.050505050505050504 0.067
0 0.18817807706696596 0.638 0.03890759446315002 0.061
0 0.1752712308267864 0.6905 0.04152637485970819 0.062
0 0.2166105499438833 0.691 0.05611672278338945 0.066
0 0.2738496071829405 0.68725 0.04489337822671156 0.0605
0 0.31032547699214363 0.7255 0.05574261129816686 0.061
0 0.3260381593714927 0.6595 0.04451926674148896 0.067
0 0.3673774784885896 0.70375 0.04638982416760194 0.0605
0 0.35110362888140667 0.63325 0.04227459783015339 0.0675
0 0.4053497942386831 0.6755 0.04900860456416012 0.07
0 0.38252899364010473 0.767 0.04377104377104377 0.059
0 0.43135054246165355 0.76125 0.05013093901982791 0.0655
0 0.4087167976056865 0.6055 0.04526748971193416 0.06
0 0.3877665544332211 0.54 0.049756827534605315 0.068
0 0.44182566404788626 0.537 0.04638982416760194 0.066
0 0.3999251777029555 0.4775 0.048634493078937524 0.065
0 0.3555929667040778 0.427 0.04227459783015339 0.068
0 0.39113355780022446 0.39825 0.04751215862326973 0.0775
0 0.4393939393939394 0.449 0.049756827534605315 0.081
0 0.34754956977179197 0.088 0.0508791619902731 0.069
0 0.43060231949120836 0.1305 0.05985783763561541 0.081
0 0.3954358398802843 0.18575 0.05387205387205387 0.0855
0 0.3961840628507295 0.26475 0.051627384960718295 0.0775
0 0.42050130939019825 0.333 0.0508791619902731 0.079
0 0.455480733258511 0.21375 0.05424616535727647 0.0855
0 0.46950991395435837 0.2935 0.05611672278338945 0.085
0 0.4792368125701459 0.36875 0.05387205387205387 0.0685
0 0.4992517770295548 0.43775 0.050505050505050504 0.0755
0 0.5361017583239805 0.49925 0.04638982416760194 0.0745
0 0.522633744855967 0.569 0.05387205387205387 0.071
0 0.48428731762065097 0.5855 0.04751215862326973 0.068
0 0.45791245791245794 0.648 0.052375607931163484 0.069
0 0.4988776655443322 0.68725 0.05200149644594089 0.0615
0 0.45379723157500934 0.71875 0.0508791619902731 0.0725
0 0.5359147025813692 0.631 0.0512532734754957 0.059
0 0.5611672278338945 0.69875 0.05013093901982791 0.0705
0 0.5265619154508043 0.73575 0.04751215862326973 0.0645
0 0.4783015338570894 0.80675 0.04751215862326973 0.0655
0 0.5254395809951365 0.807 0.04751215862326973 0.054
0 0.5774410774410774 0.833 0.05424616535727647 0.064
0 0.5869809203142536 0.779 0.05985783763561541 0.065
0 0.6365506921062477 0.82475 0.05499438832772166 0.0615
0 0.6696595585484474 0.792 0.051627384960718295 0.074
0 0.6941638608305275 0.86225 0.06247661803217359 0.0625
0 0.6298166853722409 0.71375 0.05798728020950243 0.0575
0 0.6004489337822672 0.64675 0.054620276842499066 0.0665
0 0.581556303778526 0.57625 0.053497942386831275 0.0705
0 0.49176954732510286 0.15625 0.053497942386831275 0.0995
0 0.5447063224841002 0.10925 0.06509539842873176 0.0755
0 0.6225215114104004 0.14125 0.06359895248784138 0.0925
0 0.6868686868686869 0.173 0.0613542835765058 0.091
0 0.5703329592218481 0.2015 0.06472128694350916 0.082
0 0.5089786756453423 0.23825 0.05948372615039282 0.0785
0 0.5344182566404788 0.31125 0.050505050505050504 0.0745
0 0.5993265993265994 0.31875 0.05611672278338945 0.0785
0 0.6264496820052375 0.2425 0.056490834268612046 0.089
0 0.6799476243920688 0.30425 0.06322484100261878 0.0775
0 0.6365506921062477 0.37675 0.056490834268612046 0.0755
0 0.5609801720912833 0.39925 0.05873550317994763 0.0775
0 0.5778151889263 0.4755 0.056490834268612046 0.073
0 0.620463898241676 0.52175 0.06397306397306397 0.0715
0 0.6490834268612047 0.45325 0.054620276842499066 0.0705
0 0.6964085297418631 0.39025 0.0609801720912832 0.0695
0 0.7285821174710063 0.4535 0.053497942386831275 0.083
0 0.6891133557800224 0.51925 0.06210250654695099 0.0805
0 0.658062102506547 0.594 0.05985783763561541 0.074
0 0.7212869435091658 0.56725 0.06060606060606061 0.0735
0 0.7695473251028807 0.52025 0.055368499812944255 0.0785
0 0.6556303778526 0.66 0.06023194912083801 0.06
0 0.700149644594089 0.72125 0.056490834268612046 0.0755
0 0.7147399925177703 0.64875 0.05948372615039282 0.0775
0 0.7583239805462028 0.70675 0.06434717545828657 0.0665
0 0.7908716797605686 0.7715 0.05686494575383464 0.072
0 0.7272727272727273 0.80025 0.05985783763561541 0.0715
0 0.7745978301533857 0.82075 0.0609801720912832 0.0565
0 0.8417508417508418 0.80875 0.05985783763561541 0.0695
0 0.8503554059109615 0.74425 0.06734006734006734 0.0805
0 0.7893752338196782 0.6485 0.05611672278338945 0.08
0 0.833707444818556 0.5885 0.06247661803217359 0.079
0 0.8548447437336326 0.65 0.06659184436962215 0.069
0 0.8913206135428358 0.5895 0.06023194912083801 0.076
0 0.8314627759072204 0.497 0.05798728020950243 0.072
0 0.9001122334455668 0.508 0.06584362139917696 0.075
0 0.7934904601571269 0.4405 0.06584362139917696 0.079
0 0.7603815937149271 0.3725 0.0714552936775159 0.082
0 0.7263374485596708 0.23075 0.06472128694350916 0.0815
0 0.7846988402543958 0.28825 0.05948372615039282 0.0925
0 0.7994762439206884 0.2005 0.0710811821922933 0.09
0 0.8683127572016461 0.28125 0.07332585110362888 0.0915
0 0.8297792742237187 0.3615 0.07033295922184811 0.077
0 0.8660680882903106 0.4285 0.07407407407407407 0.082
0 0.9122708567153012 0.35175 0.06846240179573512 0.0945
0 0.9261129816685372 0.43075 0.0609801720912832 0.0895