0 0.3148148148148148 0.1675 0.03778526000748223 0.044
0 0.3574635241301908 0.12375 0.033295922184811075 0.0425
0 0.3458660680882903 0.15325 0.03179947624392069 0.0465
0 0.3557800224466891 0.1955 0.03741114852225964 0.045
0 0.30172091283202396 0.229 0.03778526000748223 0.046
0 0.34249906472128694 0.2405 0.03254769921436588 0.047
0 0.3787878787878788 0.24775 0.040778151889263 0.0475
0 0.3787878787878788 0.17875 0.03928170594837262 0.0425
0 0.3988028432472877 0.136 0.034418256640478866 0.047
0 0.4285447063224841 0.1075 0.04152637485970819 0.039
0 0.4655817433595211 0.111 0.03554059109614665 0.04
0 0.49625888514777405 0.13425 0.02656191545080434 0.0465
0 0.47512158623269735 0.1555 0.0306771417882529 0.04
0 0.44725028058361394 0.16425 0.031051253273475497 0.0445
0 0.4175084175084175 0.17975 0.03292181069958848 0.0495
0 0.3978675645342312 0.21625 0.03554059109614665 0.0475
0 0.439768050879162 0.226 0.031051253273475497 0.049
0 0.4285447063224841 0.2515 0.03254769921436588 0.048
0 0.4728769173213618 0.197 0.03367003367003367 0.045
0 0.5028058361391695 0.19 0.029180695847362513 0.039
0 0.5325476992143658 0.16525 0.033295922184811075 0.0415
0 0.5465768799102132 0.20875 0.029928918817807706 0.0405
0 0.5293677515899738 0.22375 0.031425364758698095 0.0345
0 0.4992517770295548 0.2325 0.02880658436213992 0.042
0 0.47362514029180697 0.2495 0.03367003367003367 0.041
0 0.5168350168350169 0.27125 0.033295922184811075 0.0415
0 0.5478862701084923 0.2625 0.027310138421249533 0.046
0 0.5727646838757949 0.2425 0.02843247287691732 0.038
0 0.5858585858585859 0.27875 0.026187803965581742 0.0415
0 0.4898989898989899 0.28775 0.030303030303030304 0.0455
0 0.5230078563411896 0.324 0.03367003367003367 0.042
0 0.5355405910961466 0.30525 0.028058361391694726 0.0435
0 0.5632248410026188 0.3215 0.02880658436213992 0.041
0 0.5937149270482603 0.322 0.027684249906472128 0.047
0 0.5437710437710438 0.34675 0.02955480733258511 0.0415
0 0.5828656939768051 0.35075 0.027684249906472128 0.0435
0 0.4558548447437336 0.28325 0.033295922184811075 0.0445
0 0.47399925177702956 0.3225 0.03292181069958848 0.046
0 0.498129442573887 0.3605 0.02880658436213992 0.045
0 0.5276842499064721 0.3765 0.030303030303030304 0.041
0 0.5542461653572764 0.39 0.02955480733258511 0.045
0 0.5905349794238683 0.39125 0.027310138421249533 0.0415
0 0.6049382716049383 0.36 0.02543958099513655 0.04
0 0.6182192293303405 0.4085 0.02880658436213992 0.039
0 0.6021324354657688 0.2835 0.01533857089412645 0.026
0 0.6090534979423868 0.31025 0.017209128320239433 0.0215
0 0.6243920688365133 0.33175 0.014964459408903853 0.0255
0 0.6286943509165731 0.35825 0.01833146277590722 0.0275
0 0.6290684624017957 0.386 0.016835016835016835 0.025
0 0.6301907968574635 0.44275 0.025065469509913955 0.0405
0 0.6451552562663674 0.48225 0.028058361391694726 0.0425
0 0.6262626262626263 0.46675 0.03292181069958848 0.0435
0 0.6784511784511784 0.54125 0.02955480733258511 0.0445
0 0.6401047512158623 0.52075 0.024691358024691357 0.0485
0 0.6126075570520015 0.50475 0.031051253273475497 0.0445
0 0.5957725402169847 0.43925 0.025813692480359147 0.0415
0 0.5725776281331837 0.4335 0.031051253273475497 0.04
0 0.576505798728021 0.47325 0.029928918817807706 0.0385
0 0.5802469135802469 0.53625 0.031425364758698095 0.0485
0 0.6141040029928919 0.55725 0.030303030303030304 0.0455
0 0.6453423120089786 0.57125 0.0306771417882529 0.0415
0 0.6552562663673774 0.61575 0.02880658436213992 0.0435
0 0.6762065095398428 0.594 0.025065469509913955 0.05
0 0.6962214739992518 0.6435 0.027684249906472128 0.044
0 0.7242798353909465 0.64325 0.023943135054246164 0.0445
0 0.7239057239057239 0.68875 0.027684249906472128 0.0465
0 0.7338196782641228 0.7335 0.02356902356902357 0.04
0 0.7371866816311261 0.77575 0.02955480733258511 0.0455
0 0.7093153759820426 0.72 0.026936026936026935 0.04
0 0.6964085297418631 0.76875 0.030303030303030304 0.0395
0 0.6928544706322484 0.80525 0.029928918817807706 0.0505
0 0.7153011597456042 0.81475 0.0306771417882529 0.0485
0 0.7003367003367004 0.85275 0.026936026936026935 0.0455
0 0.6790123456790124 0.87775 0.02543958099513655 0.0515
0 0.6460905349794238 0.87475 0.0306771417882529 0.0375
0 0.6578750467639356 0.8275 0.02880658436213992 0.052
0 0.6288814066591845 0.909 0.031425364758698095 0.054
0 0.5993265993265994 0.92175 0.03367003367003367 0.0555
0 0.5682753460531238 0.91 0.029180695847362513 0.052
0 0.6165357276468387 0.85825 0.023943135054246164 0.0485
0 0.5924055368499813 0.86675 0.033295922184811075 0.0525
0 0.6275720164609053 0.80925 0.02955480733258511 0.0465
0 0.6632996632996633 0.78175 0.031425364758698095 0.0465
0 0.6763935652824542 0.73225 0.034418256640478866 0.0515
0 0.6818181818181818 0.6845 0.02955480733258511 0.045
0 0.6651702207257763 0.6565 0.029180695847362513 0.041
0 0.6386083052749719 0.663 0.0306771417882529 0.046
0 0.6307519640852974 0.605 0.02843247287691732 0.046
0 0.5918443696221474 0.59525 0.029180695847362513 0.0465
0 0.6064347175458287 0.63025 0.0306771417882529 0.0455
0 0.5843621399176955 0.64875 0.031425364758698095 0.0465
0 0.6077441077441077 0.6805 0.028058361391694726 0.053
0 0.6333707444818556 0.70375 0.026936026936026935 0.0495
0 0.6453423120089786 0.7415 0.0306771417882529 0.047
0 0.622895622895623 0.7605 0.02843247287691732 0.048
0 0.5980172091283202 0.809 0.028058361391694726 0.058
0 0.6045641601197157 0.7345 0.032173587729143284 0.052
0 0.5793116348671904 0.699 0.03853348297792742 0.053
0 0.5316124205013094 0.681 0.03741114852225964 0.047
0 0.5506921062476619 0.7215 0.026187803965581742 0.044
0 0.5499438832772167 0.67125 0.029928918817807706 0.0465
0 0.5566778900112234 0.62025 0.03666292555181444 0.0495
0 0.5534979423868313 0.575 0.034044145155256264 0.049
0 0.5179573512906847 0.54 0.034044145155256264 0.05
0 0.5501309390198279 0.52525 0.033295922184811075 0.0435
0 0.5454545454545454 0.486 0.03292181069958848 0.042
0 0.5405910961466517 0.44175 0.029928918817807706 0.0425
0 0.29723157500935277 0.297 0.04227459783015339 0.052
0 0.3400673400673401 0.29375 0.04040404040404041 0.0505
0 0.37411148522259635 0.29475 0.03890759446315002 0.0575
0 0.4044145155256266 0.2875 0.03666292555181444 0.045
0 0.4051627384960718 0.329 0.038159371492704826 0.049
0 0.37149270482603813 0.3465 0.03367003367003367 0.052
0 0.3389450056116723 0.3505 0.032173587729143284 0.049
0 0.3002244668911336 0.34 0.04152637485970819 0.05
0 0.29236812570145904 0.3885 0.03554059109614665 0.051
0 0.33576505798728024 0.4105 0.04152637485970819 0.045
0 0.3774784885895997 0.406 0.038159371492704826 0.047
0 0.4002992891881781 0.3775 0.03741114852225964 0.046
0 0.439768050879162 0.32975 0.03254769921436588 0.0475
0 0.44257388701833145 0.38275 0.03965581743359521 0.0445
0 0.4715675271230827 0.372 0.02955480733258511 0.048
0 0.4790497568275346 0.41675 0.030303030303030304 0.0465
0 0.5082304526748971 0.409 0.03179947624392069 0.043
0 0.5091657313879536 0.44975 0.03367003367003367 0.0395
0 0.42573887018331463 0.42775 0.03666292555181444 0.0425
0 0.4564160119715675 0.45 0.03292181069958848 0.049
0 0.48540965207631875 0.4925 0.03778526000748223 0.047
0 0.5160867938645717 0.49375 0.03179947624392069 0.0465
0 0.30882903105125326 0.447 0.03928170594837262 0.055
0 0.3606434717545829 0.446 0.034418256640478866 0.055
0 0.3956228956228956 0.45225 0.037037037037037035 0.0505
0 0.3374485596707819 0.4905 0.0411522633744856 0.048
0 0.37560793116348673 0.4915 0.03741114852225964 0.049
0 0.427235316124205 0.473 0.03666292555181444 0.044
0 0.4070332959221848 0.511 0.034418256640478866 0.051
0 0.36288814066591846 0.5415 0.035166479610924055 0.057
0 0.3875794986906098 0.57725 0.035166479610924055 0.0535
0 0.4178825289936401 0.581 0.031425364758698095 0.053
0 0.4178825289936401 0.6325 0.035166479610924055 0.056
0 0.45248784137673026 0.5725 0.03554059109614665 0.056
0 0.4487467265245043 0.52025 0.03778526000748223 0.0565
0 0.4788627010849233 0.533 0.029180695847362513 0.047
0 0.4983164983164983 0.56975 0.034418256640478866 0.0475
0 0.4710063598952488 0.61 0.034418256640478866 0.045
0 0.44219977553310885 0.65175 0.04040404040404041 0.0515
0 0.5057987280209503 0.6265 0.034418256640478866 0.052
0 0.5325476992143658 0.6365 0.03179947624392069 0.044
0 0.4943883277216611 0.675 0.033295922184811075 0.046
0 0.46352413019079686 0.69125 0.04489337822671156 0.0515
0 0.4287317620650954 0.6975 0.03591470258136925 0.054
0 0.46333707444818556 0.74125 0.03554059109614665 0.0475
0 0.4986906098017209 0.72825 0.03666292555181444 0.0485
0 0.5289936401047513 0.7275 0.0306771417882529 0.055
0 0.4833520389075945 0.786 0.03741114852225964 0.056
0 0.5067340067340067 0.77975 0.02955480733258511 0.0435
0 0.5462027684249906 0.766 0.03591470258136925 0.051
0 0.5770669659558548 0.76 0.030303030303030304 0.055
0 0.503741114852226 0.83575 0.02955480733258511 0.0625
0 0.5385334829779275 0.813 0.036288814066591846 0.053
0 0.5707070707070707 0.812 0.031051253273475497 0.058
0 0.5245043022820801 0.86825 0.029180695847362513 0.0545
0 0.5585484474373363 0.85875 0.03367003367003367 0.0525
0 0.531986531986532 0.58925 0.034418256640478866 0.0465
0 0.6601197156752713 0.69125 0.031051253273475497 0.0455