0 0.05120030007501875 0.626 0.04088522130532633 0.057
0 0.06207801950487622 0.58975 0.043135783945986494 0.0575
0 0.0669542385596399 0.50175 0.04238559639909977 0.0555
0 0.10258814703675918 0.5255 0.04388597149287322 0.056
0 0.10558889722430607 0.57075 0.043135783945986494 0.0505
0 0.10183795948987247 0.61375 0.04013503375843961 0.0515
0 0.0939609902475619 0.64925 0.03788447111777944 0.0555
0 0.11515378844711177 0.70275 0.04276069017254314 0.0585
0 0.15547636909227308 0.71425 0.038634658664666165 0.0535
0 0.12565641410352588 0.6565 0.03600900225056264 0.046
0 0.17891972993248312 0.6655 0.03375843960990248 0.056
0 0.2106151537884471 0.69025 0.03188297074268567 0.0485
0 0.23312078019504875 0.68925 0.03938484621155289 0.0525
0 0.20967741935483872 0.64725 0.0450112528132033 0.0555
0 0.18435858964741186 0.59625 0.037134283570892726 0.0455
0 0.21999249812453114 0.60175 0.037134283570892726 0.0545
0 0.2524381095273818 0.6385 0.04426106526631658 0.057
0 0.2693173293323331 0.68575 0.042010502625656414 0.0555
0 0.3038259564891223 0.67725 0.03900975243810953 0.0545
0 0.2897599399849963 0.6205 0.03938484621155289 0.053
0 0.2614403600900225 0.58775 0.04276069017254314 0.0515
0 0.23724681170292572 0.54175 0.041635408852213056 0.0535
0 0.19861215303825958 0.559 0.04538634658664666 0.056
0 0.16279069767441862 0.54625 0.03900975243810953 0.0565
0 0.1436609152288072 0.5625 0.033008252063015754 0.054
0 0.14084771192798198 0.506 0.04238559639909977 0.054
0 0.09039759939984997 0.46825 0.042010502625656414 0.0545
0 0.12959489872468116 0.4465 0.04088522130532633 0.057
0 0.10577644411102775 0.36375 0.03975993998499625 0.0605
0 0.14234808702175544 0.38825 0.038634658664666165 0.0605
0 0.13447111777944487 0.32375 0.043135783945986494 0.0655
0 0.17404351087771944 0.297 0.04351087771942986 0.06
0 0.22018004501125282 0.26025 0.047261815453863466 0.0685
0 0.2415603900975244 0.3145 0.04051012753188297 0.052
0 0.2691297824456114 0.33525 0.04538634658664666 0.0665
0 0.2882595648912228 0.28025 0.05288822205551388 0.0635
0 0.18642160540135033 0.35975 0.03825956489122281 0.0625
0 0.21699174793698425 0.38 0.04538634658664666 0.057
0 0.19992498124531133 0.42 0.047261815453863466 0.056
0 0.16654163540885222 0.437 0.037509377344336084 0.05
0 0.1753563390847712 0.485 0.04538634658664666 0.051
0 0.2098649662415604 0.47175 0.03938484621155289 0.0645
0 0.2678169542385596 0.5085 0.04276069017254314 0.061
0 0.2959489872468117 0.54625 0.04051012753188297 0.0595
0 0.32708177044261066 0.57575 0.035258814703675916 0.0555
0 0.3565266316579145 0.5695 0.03938484621155289 0.053
0 0.3418979744936234 0.635 0.038634658664666165 0.06
0 0.37190547636909227 0.6155 0.04088522130532633 0.056
0 0.4099774943735934 0.5665 0.035258814703675916 0.056
0 0.39122280570142537 0.52325 0.04576144036009002 0.0565
0 0.34902475618904727 0.5085 0.04463615903975994 0.054
0 0.304576144036009 0.49175 0.04351087771942986 0.0605
0 0.2700675168792198 0.451 0.03975993998499625 0.06
0 0.254126031507877 0.41825 0.030382595648912228 0.0525
0 0.27831957989497375 0.39 0.04126031507876969 0.063
0 0.3150787696924231 0.34625 0.04576144036009002 0.0665
0 0.34621155288822203 0.381 0.04351087771942986 0.059
0 0.32483120780195046 0.4215 0.03675918979744936 0.06
0 0.36271567891972994 0.45075 0.04576144036009002 0.0725
0 0.4030382595648912 0.47225 0.04463615903975994 0.0645
0 0.38540885221305327 0.41125 0.047636909227306824 0.0615
0 0.43023255813953487 0.4265 0.0450112528132033 0.063
0 0.445423855963991 0.48 0.04013503375843961 0.064
0 0.43548387096774194 0.5325 0.03975993998499625 0.06
0 0.4518004501125281 0.587 0.04088522130532633 0.058
0 0.47355588897224304 0.524 0.043135783945986494 0.058
0 0.5011252813203301 0.58 0.04276069017254314 0.061
0 0.486496624156039 0.64075 0.04576144036009002 0.0575
0 0.4831207801950488 0.44925 0.04576144036009002 0.0675
0 0.4349212303075769 0.37475 0.04688672168042011 0.0625
0 0.48424606151537886 0.37875 0.04801200300075019 0.0655
0 0.2933233308327082 0.203 0.04351087771942986 0.065
0 0.3313953488372093 0.1945 0.04538634658664666 0.064
0 0.3413353338334584 0.2665 0.04801200300075019 0.066
0 0.36346586646661666 0.32225 0.04876219054763691 0.0625
0 0.40097524381095273 0.34525 0.04801200300075019 0.0675
0 0.4382970742685671 0.317 0.052138034508627154 0.06
0 0.40078769692423105 0.2905 0.050637659414853715 0.06
0 0.37959489872468116 0.239 0.04351087771942986 0.069
0 0.4257314328582146 0.20775 0.04576144036009002 0.0665
0 0.4463615903975994 0.256 0.05101275318829707 0.07
0 0.48199549887471865 0.29825 0.0450112528132033 0.0685
0 0.5258814703675919 0.31175 0.04801200300075019 0.0685
0 0.5277569392348087 0.248 0.04801200300075019 0.061
0 0.5750187546886721 0.28625 0.04801200300075019 0.0725
0 0.6130907726931732 0.33975 0.050637659414853715 0.0655
0 0.6682295573893473 0.3285 0.05138784696174044 0.067
0 0.6536009002250562 0.38275 0.04988747186796699 0.0625
0 0.5431357839459865 0.37225 0.05401350337584396 0.0665
0 0.5928357089272318 0.391 0.050637659414853715 0.069
0 0.6181545386346586 0.4465 0.051762940735183796 0.068
0 0.5166916729182296 0.419 0.050637659414853715 0.058
0 0.5600150037509377 0.4345 0.05326331582895724 0.061
0 0.5294448612153039 0.47675 0.04988747186796699 0.0585
0 0.5768942235558889 0.486 0.05251312828207052 0.061
0 0.5806451612903226 0.54175 0.04801200300075019 0.0585
0 0.5436984246061516 0.513 0.038634658664666165 0.048
0 0.5521380345086272 0.57975 0.05101275318829707 0.0505
0 0.5755813953488372 0.6155 0.05588897224306077 0.06
0 0.5339459864966242 0.64 0.041635408852213056 0.07
0 0.6108402100525131 0.59125 0.04463615903975994 0.0565
0 0.6354088522130532 0.63425 0.04801200300075019 0.0725
0 0.6787321830457614 0.67225 0.05588897224306077 0.0635
0 0.713615903975994 0.6895 0.047636909227306824 0.062
0 0.7237434358589647 0.6465 0.04988747186796699 0.062
0 0.6770442610652663 0.62325 0.047261815453863466 0.0655
0 0.623218304576144 0.545 0.04838709677419355 0.064
0 0.668417104276069 0.55225 0.05101275318829707 0.0625
0 0.6430982745686422 0.49875 0.04838709677419355 0.0645
0 0.6723555888972244 0.44775 0.05438859714928732 0.0725
0 0.691297824456114 0.50325 0.047261815453863466 0.0625
0 0.7293698424606152 0.5415 0.047636909227306824 0.067
0 0.7372468117029257 0.48425 0.052138034508627154 0.0645
0 0.7762565641410353 0.5195 0.052138034508627154 0.061
0 0.7083645911477869 0.397 0.04988747186796699 0.073
0 0.7571267816954238 0.43575 0.05438859714928732 0.0665
0 0.7865716429107277 0.44525 0.03825956489122281 0.0615
0 0.8032633158289573 0.3855 0.052138034508627154 0.075
0 0.8317704426106527 0.42225 0.052138034508627154 0.0795
0 0.8689047261815454 0.47575 0.04913728432108027 0.0655
0 0.8317704426106527 0.497 0.05438859714928732 0.064
0 0.818642160540135 0.56625 0.05438859714928732 0.0595
0 0.768192048012003 0.58 0.05026256564141035 0.069
0 0.7169917479369843 0.586 0.04838709677419355 0.056
0 0.7678169542385597 0.6265 0.05026256564141035 0.057
0 0.7895723930982745 0.6485 0.04051012753188297 0.052
0 0.7689422355588897 0.7285 0.05026256564141035 0.055
0 0.8015753938484621 0.74825 0.04951237809452363 0.0525
0 0.844523630907727 0.79125 0.04838709677419355 0.0615
0 0.894973743435859 0.798 0.04951237809452363 0.058
0 0.8651537884471118 0.734 0.05288822205551388 0.052
0 0.8261440360090022 0.69925 0.050637659414853715 0.0565
0 0.813953488372093 0.625 0.04876219054763691 0.062
0 0.8424606151537885 0.6435 0.046511627906976744 0.062
0 0.8807201800450113 0.67025 0.04876219054763691 0.0525
0 0.8792198049512379 0.63075 0.051762940735183796 0.0635
0 0.8535258814703676 0.5845 0.05288822205551388 0.067
0 0.8947861965491373 0.54675 0.052138034508627154 0.0605
0 0.9307951987997 0.61025 0.0536384096024006 0.0555
0 0.9433608402100525 0.644 0.046511627906976744 0.061
0 0.9251687921980495 0.51125 0.04688672168042011 0.0645