0 0.13634658664666166 0.849 0.034133533383345835 0.043
0 0.12865716429107277 0.7725 0.04276069017254314 0.049
0 0.16222805701425355 0.79475 0.037134283570892726 0.0385
0 0.18979744936234058 0.8245 0.04351087771942986 0.04
0 0.22355588897224307 0.854 0.04126031507876969 0.049
0 0.13203300825206302 0.7245 0.03975993998499625 0.041
0 0.17029257314328583 0.7295 0.03975993998499625 0.033
0 0.2059264816204051 0.75775 0.035258814703675916 0.0475
0 0.23518379594898725 0.7835 0.037509377344336084 0.04
0 0.2668792198049512 0.7965 0.03488372093023256 0.044
0 0.3085146286571643 0.7975 0.037134283570892726 0.046
0 0.13822205551387848 0.67675 0.036384096024006 0.0475
0 0.16747936984246062 0.6985 0.03938484621155289 0.056
0 0.20086271567891972 0.708 0.03563390847711928 0.055
0 0.24118529632408103 0.70175 0.03675918979744936 0.0535
0 0.27156789197299325 0.7275 0.042010502625656414 0.05
0 0.32033008252063017 0.73875 0.03975993998499625 0.0495
0 0.3447111777944486 0.77725 0.037509377344336084 0.0495
0 0.3810952738184546 0.784 0.03975993998499625 0.046
0 0.12659414853713427 0.63 0.04013503375843961 0.045
0 0.1571642910727682 0.63525 0.033008252063015754 0.0455
0 0.19579894973743436 0.65375 0.029257314328582147 0.0525
0 0.2376219054763691 0.64675 0.036384096024006 0.0465
0 0.2704426106526632 0.631 0.03600900225056264 0.047
0 0.27644411102775696 0.68875 0.037509377344336084 0.0475
0 0.31470367591897974 0.696 0.03675918979744936 0.042
0 0.35352588147036756 0.7205 0.037134283570892726 0.051
0 0.3036384096024006 0.646 0.036384096024006 0.045
0 0.34077269317329334 0.63625 0.03938484621155289 0.0445
0 0.36440360090022506 0.66475 0.04463615903975994 0.0405
0 0.3919729932483121 0.7035 0.033008252063015754 0.05
0 0.40397599399849965 0.75225 0.037509377344336084 0.0515
0 0.15941485371342837 0.57775 0.0450112528132033 0.0485
0 0.13934733683420855 0.52975 0.041635408852213056 0.0445
0 0.1896099024756189 0.4915 0.03938484621155289 0.041
0 0.20555138784696175 0.5425 0.03225806451612903 0.045
0 0.2220555138784696 0.52725 0.035258814703675916 0.0495
0 0.17573143285821455 0.43825 0.04238559639909977 0.0495
0 0.19861215303825958 0.3955 0.03563390847711928 0.048
0 0.22149287321830458 0.437 0.036384096024006 0.054
0 0.2533758439609902 0.4925 0.036384096024006 0.046
0 0.26762940735183793 0.4485 0.04013503375843961 0.051
0 0.28750937734433607 0.48175 0.03788447111777944 0.0485
0 0.29838709677419356 0.4405 0.037134283570892726 0.054
0 0.25731432858214554 0.4065 0.03375843960990248 0.044
0 0.22618154538634658 0.38 0.03825956489122281 0.051
0 0.28675918979744935 0.38725 0.030382595648912228 0.0495
0 0.3332708177044261 0.43325 0.037134283570892726 0.0465
0 0.33645911477869467 0.49525 0.04126031507876969 0.0575
0 0.3477119279819955 0.54 0.03600900225056264 0.044
0 0.30532633158289574 0.54625 0.03900975243810953 0.0475
0 0.26744186046511625 0.554 0.03600900225056264 0.056
0 0.25825206301575393 0.589 0.03563390847711928 0.046
0 0.2940735183795949 0.596 0.03375843960990248 0.05
0 0.32333083270817703 0.5855 0.03075768942235559 0.047
0 0.3572768192048012 0.58675 0.036384096024006 0.0465
0 0.2524381095273818 0.30675 0.03825956489122281 0.0565
0 0.2880720180045011 0.32525 0.03825956489122281 0.0475
0 0.2912603150787697 0.2835 0.03788447111777944 0.047
0 0.32970742685671417 0.30925 0.042010502625656414 0.0525
0 0.32239309827456863 0.36025 0.043135783945986494 0.0515
0 0.3370217554388597 0.3935 0.038634658664666165 0.038
0 0.3675918979744936 0.42075 0.03975993998499625 0.0465
0 0.35877719429857463 0.3445 0.03488372093023256 0.05
0 0.3150787696924231 0.233 0.03225806451612903 0.05
0 0.34621155288822203 0.272 0.03675918979744936 0.041
0 0.3687171792948237 0.22875 0.037509377344336084 0.0405
0 0.3809077269317329 0.25825 0.034133533383345835 0.0495
0 0.3876594148537134 0.32725 0.034133533383345835 0.0585
0 0.37490622655663913 0.383 0.036384096024006 0.045
0 0.4069767441860465 0.37025 0.03075768942235559 0.0515
0 0.40472618154538637 0.4155 0.030007501875468866 0.044
0 0.38972243060765194 0.45625 0.04051012753188297 0.0505
0 0.3790322580645161 0.50025 0.046136534133533386 0.0535
0 0.40378844711177797 0.53275 0.038634658664666165 0.0625
0 0.43904726181545384 0.17975 0.038634658664666165 0.0485
0 0.46924231057764443 0.1635 0.0345086271567892 0.044
0 0.4679294823705927 0.2105 0.037134283570892726 0.038
0 0.43023255813953487 0.224 0.0345086271567892 0.051
0 0.4118529632408102 0.25475 0.03675918979744936 0.0415
0 0.44111027756939236 0.284 0.033008252063015754 0.051
0 0.4722430607651913 0.27325 0.03600900225056264 0.0465
0 0.4855588897224306 0.3105 0.03563390847711928 0.044
0 0.45461365341335336 0.33575 0.04276069017254314 0.0455
0 0.4465491372843211 0.37675 0.03938484621155289 0.0425
0 0.48124531132783194 0.36125 0.03900975243810953 0.0465
0 0.5073143285821455 0.3435 0.03188297074268567 0.04
0 0.5204426106526632 0.2905 0.03788447111777944 0.047
0 0.5073143285821455 0.384 0.03338334583645911 0.049
0 0.4741185296324081 0.40625 0.03600900225056264 0.0455
0 0.4435483870967742 0.433 0.038634658664666165 0.054
0 0.4223555888972243 0.4705 0.03900975243810953 0.054
0 0.4382970742685671 0.50975 0.03938484621155289 0.0435
0 0.48030757689422354 0.4995 0.034133533383345835 0.045
0 0.47280570142535633 0.45475 0.03563390847711928 0.0545
0 0.5150037509377344 0.4575 0.035258814703675916 0.045
0 0.5375093773443361 0.4355 0.0345086271567892 0.04
0 0.5155663915978995 0.50475 0.03488372093023256 0.0505
0 0.5009377344336085 0.541 0.03338334583645911 0.049
0 0.4686796699174794 0.545 0.034133533383345835 0.05
0 0.43042010502625655 0.556 0.038634658664666165 0.048
0 0.4619279819954989 0.58875 0.036384096024006 0.0545
0 0.43360840210052515 0.61575 0.03675918979744936 0.0505
0 0.4120405101275319 0.65425 0.03788447111777944 0.0485
0 0.4518004501125281 0.66625 0.036384096024006 0.0545
0 0.4696174043510878 0.62825 0.03375843960990248 0.0415
0 0.4769317329332333 0.66525 0.023630907726931733 0.0445
0 0.4521755438859715 0.7125 0.03788447111777944 0.05
0 0.4416729182295574 0.75825 0.03563390847711928 0.0505
0 0.47918229557389347 0.73675 0.03563390847711928 0.0475
0 0.486496624156039 0.78975 0.03975993998499625 0.0495
0 0.49118529632408103 0.83675 0.03563390847711928 0.0555
0 0.5258814703675919 0.85525 0.03225806451612903 0.0585
0 0.5534508627156789 0.852 0.029632408102025505 0.047
0 0.5386346586646662 0.8005 0.0345086271567892 0.045
0 0.5129407351837959 0.76575 0.03938484621155289 0.0395
0 0.5285071267816954 0.718 0.03600900225056264 0.052
0 0.5435108777194299 0.7495 0.03675918979744936 0.047
0 0.5705176294073518 0.76275 0.03225806451612903 0.0455
0 0.4915603900975244 0.58775 0.034133533383345835 0.0495
0 0.5196924231057765 0.60575 0.03563390847711928 0.0535
0 0.5142535633908477 0.64825 0.03600900225056264 0.0425
0 0.530570142535634 0.55525 0.03188297074268567 0.0405
0 0.5431357839459865 0.52375 0.035258814703675916 0.0445
0 0.5472618154538634 0.59925 0.03150787696924231 0.0535
0 0.5575768942235559 0.6675 0.038634658664666165 0.052
0 0.5566391597899475 0.69925 0.04051012753188297 0.0395
0 0.5045011252813203 0.1455 0.03375843960990248 0.048
0 0.5041260315078769 0.2265 0.03675918979744936 0.048
0 0.5208177044261065 0.2015 0.03938484621155289 0.038
0 0.5532633158289573 0.119 0.03075768942235559 0.049
0 0.5476369092273068 0.15875 0.033008252063015754 0.0425
0 0.5870217554388597 0.1215 0.03225806451612903 0.045
0 0.6168417104276069 0.06475 0.037134283570892726 0.0375
0 0.6494748687171793 0.083 0.036384096024006 0.048
0 0.6702925731432858 0.15125 0.0277569392348087 0.0435
0 0.5785821455363841 0.16325 0.029632408102025505 0.0425
0 0.6258439609902475 0.15825 0.030382595648912228 0.0355
0 0.6142160540135033 0.18225 0.03488372093023256 0.0395
0 0.5692048012003 0.20425 0.030382595648912228 0.0455
0 0.5969617404351087 0.23575 0.03488372093023256 0.0445
0 0.6265941485371342 0.21125 0.029632408102025505 0.0445
0 0.5361965491372843 0.25725 0.03563390847711928 0.0435
0 0.5733308327081771 0.2735 0.032633158289572396 0.038
0 0.6445986496624156 0.23325 0.03338334583645911 0.0575
0 0.6822955738934734 0.2215 0.0345086271567892 0.04
0 0.6612903225806451 0.25275 0.03375843960990248 0.0335
0 0.7061140285071268 0.25625 0.030382595648912228 0.0455
0 0.6753563390847712 0.27725 0.02663165791447862 0.0425
0 0.6485371342835708 0.285 0.03075768942235559 0.045
0 0.6112153038259565 0.29625 0.03563390847711928 0.0455
0 0.5761440360090022 0.30925 0.0345086271567892 0.0445
0 0.6029632408102026 0.33525 0.036384096024006 0.0405
0 0.6740435108777194 0.31275 0.03150787696924231 0.0455
0 0.6515378844711178 0.342 0.030007501875468866 0.043
0 0.6924231057764441 0.3325 0.029257314328582147 0.047
0 0.5420105026256564 0.36725 0.03675918979744936 0.0495
0 0.5618904726181545 0.4125 0.03375843960990248 0.043
0 0.5913353338334584 0.403 0.028132033008252063 0.047
0 0.6299699924981246 0.3685 0.03188297074268567 0.049
0 0.6702925731432858 0.38 0.0345086271567892 0.043
0 0.6944861215303826 0.383 0.028882220555138786 0.046
0 0.635596399099775 0.41775 0.037134283570892726 0.0365
0 0.6757314328582146 0.416 0.028132033008252063 0.04
0 0.6577269317329333 0.4385 0.028882220555138786 0.045
0 0.6339084771192798 0.45175 0.0345086271567892 0.0385
0 0.5881470367591898 0.444 0.03675918979744936 0.038
0 0.5750187546886721 0.48125 0.03825956489122281 0.0485
0 0.6149662415603901 0.48875 0.03188297074268567 0.0445
0 0.6014628657164292 0.54525 0.03338334583645911 0.0485
0 0.5740810202550638 0.565 0.03338334583645911 0.048
0 0.5963990997749438 0.589 0.03150787696924231 0.042
0 0.582145536384096 0.6365 0.03375843960990248 0.048
0 0.5836459114778695 0.67525 0.03225806451612903 0.0445
0 0.5881470367591898 0.73025 0.035258814703675916 0.0445
0 0.5913353338334584 0.8255 0.03188297074268567 0.037
0 0.6063390847711928 0.882 0.03188297074268567 0.044
0 0.6376594148537135 0.896 0.033008252063015754 0.044
0 0.6372843210802701 0.9625 0.03225806451612903 0.048
0 0.6723555888972244 0.9375 0.03113278319579895 0.049
0 0.7111777944486122 0.922 0.03150787696924231 0.045
0 0.6674793698424606 0.8485 0.028132033008252063 0.042
0 0.6196549137284321 0.8425 0.0277569392348087 0.051
0 0.6121530382595649 0.784 0.03225806451612903 0.05
0 0.6213428357089272 0.80725 0.025881470367591898 0.0405
0 0.6896099024756189 0.842 0.025131282820705175 0.045
0 0.6944861215303826 0.85425 0.023630907726931733 0.0305
0 0.7293698424606152 0.88275 0.02738184546136534 0.0355
0 0.6423480870217554 0.76325 0.028882220555138786 0.0495
0 0.660165041260315 0.777 0.024006001500375095 0.054
0 0.6766691672918229 0.799 0.023255813953488372 0.043
0 0.6189047261815454 0.7245 0.03225806451612903 0.045
0 0.6359714928732183 0.6905 0.038634658664666165 0.049
0 0.6479744936234059 0.71975 0.02738184546136534 0.0355
0 0.6926106526631658 0.7555 0.03113278319579895 0.047
0 0.7063015753938484 0.781 0.030007501875468866 0.042
0 0.7259939984996249 0.81875 0.025881470367591898 0.0465
0 0.7381845461365342 0.844 0.02625656414103526 0.043
0 0.7558139534883721 0.8495 0.02700675168792198 0.045
0 0.7573143285821455 0.275 0.033008252063015754 0.05
0 0.75 0.312 0.028882220555138786 0.031
0 0.7875093773443361 0.328 0.03188297074268567 0.05
0 0.8467741935483871 0.3345 0.03113278319579895 0.047
0 0.7408102025506377 0.36075 0.03150787696924231 0.0475
0 0.7968867216804201 0.38275 0.025131282820705175 0.0425
0 0.828019504876219 0.39425 0.024381095273818456 0.0275
0 0.7785071267816954 0.4055 0.030382595648912228 0.042
0 0.8405851462865717 0.4215 0.03075768942235559 0.042
0 0.771755438859715 0.4405 0.03188297074268567 0.033
0 0.7231807951987997 0.43975 0.02700675168792198 0.0425
0 0.7061140285071268 0.454 0.030382595648912228 0.042
0 0.6811702925731433 0.46725 0.03075768942235559 0.0405
0 0.6699174793698425 0.4985 0.0345086271567892 0.04
0 0.6440360090022506 0.539 0.028507126781695424 0.047
0 0.6489122280570142 0.5795 0.028507126781695424 0.042
0 0.6785446361590397 0.5795 0.030007501875468866 0.041
0 0.6271567891972993 0.62325 0.03375843960990248 0.0435
0 0.6781695423855963 0.62425 0.02700675168792198 0.0435
0 0.6579144786196549 0.66275 0.03225806451612903 0.0415
0 0.6759189797449362 0.6955 0.025506376594148537 0.042
0 0.7106151537884471 0.691 0.03338334583645911 0.041
0 0.713615903975994 0.73675 0.02738184546136534 0.0435
0 0.7473743435858965 0.80175 0.029632408102025505 0.0415
0 0.7824456114028507 0.8265 0.02625656414103526 0.039
0 0.7828207051762941 0.84775 0.029257314328582147 0.0305
0 0.8002625656414104 0.81875 0.025131282820705175 0.0425
0 0.8207051762940735 0.8015 0.024756189047261814 0.04
0 0.7938859714928732 0.77525 0.025881470367591898 0.0425
0 0.7338709677419355 0.7605 0.02738184546136534 0.04
0 0.7381845461365342 0.7205 0.03075768942235559 0.046
0 0.7580645161290323 0.75275 0.02625656414103526 0.0375
0 0.7578769692423106 0.7175 0.01837959489872468 0.037
0 0.7936984246061516 0.73825 0.02625656414103526 0.0395
0 0.8298949737434359 0.75125 0.030382595648912228 0.0445
0 0.7338709677419355 0.67575 0.032633158289572396 0.0415
0 0.7528132033008252 0.67 0.02625656414103526 0.041
0 0.8006376594148538 0.701 0.029632408102025505 0.044
0 0.8282070517629407 0.71675 0.024006001500375095 0.0295
0 0.7342460615153789 0.62325 0.03188297074268567 0.0375
0 0.7897599399849963 0.65275 0.04238559639909977 0.0415
0 0.6929857464366092 0.54025 0.03488372093023256 0.0435
0 0.7081770442610653 0.51875 0.03375843960990248 0.0415
0 0.722993248312078 0.54075 0.028882220555138786 0.0405
0 0.7108027006751688 0.5665 0.030007501875468866 0.036
0 0.7439984996249063 0.57425 0.030382595648912228 0.0425
0 0.7764441110277569 0.57525 0.0277569392348087 0.0415
0 0.8030757689422355 0.54325 0.029257314328582147 0.0435
0 0.8021380345086272 0.574 0.028132033008252063 0.037
0 0.7336834208552138 0.48675 0.03075768942235559 0.0455
0 0.7642535633908477 0.51925 0.02738184546136534 0.0455
0 0.7983870967741935 0.48225 0.03338334583645911 0.0445
0 0.8030757689422355 0.45725 0.024756189047261814 0.0395
0 0.785821455363841 0.51 0.024756189047261814 0.023
0 0.881470367591898 0.455 0.033008252063015754 0.047
0 0.8717179294823706 0.4835 0.0277569392348087 0.029
0 0.8561515378844711 0.50475 0.032633158289572396 0.0395
0 0.9281695423855963 0.53575 0.03563390847711928 0.0545
0 0.8749062265566392 0.54875 0.032633158289572396 0.0485
0 0.882033008252063 0.56875 0.03188297074268567 0.0455
0 0.9069767441860465 0.5855 0.03375843960990248 0.046
0 0.8947861965491373 0.62275 0.028882220555138786 0.0485
0 0.9041635408852213 0.6675 0.03113278319579895 0.048
0 0.8375843960990248 0.637 0.029257314328582147 0.046
0 0.8197674418604651 0.66775 0.02738184546136534 0.0365
0 0.8413353338334584 0.68675 0.028507126781695424 0.0395
0 0.8582145536384096 0.70675 0.029257314328582147 0.0365
0 0.877906976744186 0.74125 0.025881470367591898 0.0365