0 0.12246811702925732 0.15 0.06339084771192798 0.101
0 0.06657914478619655 0.25575 0.0603900975243811 0.0925
0 0.09883720930232558 0.3365 0.059639909977494375 0.083
0 0.13053263315828958 0.291 0.056264066016504126 0.092
0 0.19954988747186797 0.22375 0.05326331582895724 0.0725
0 0.2308702175543886 0.27975 0.061890472618154536 0.0925
0 0.2815078769692423 0.18525 0.06339084771192798 0.0915
0 0.3090772693173293 0.263 0.07126781695423856 0.091
0 0.2955738934733683 0.342 0.0622655663915979 0.08
0 0.3488372093023256 0.3685 0.06601650412603151 0.077
0 0.27738184546136535 0.42625 0.055138784696174045 0.0795
0 0.19129782445611404 0.35925 0.0622655663915979 0.0805
0 0.13634658664666166 0.404 0.06789197299324831 0.081
0 0.05776444111027757 0.41975 0.060765191297824456 0.0975
0 0.057576894223555886 0.49625 0.06264066016504126 0.0695
0 0.09433608402100525 0.55425 0.059639909977494375 0.0675
0 0.1359714928732183 0.48125 0.050637659414853715 0.0785
0 0.18023255813953487 0.47825 0.06864216054013503 0.0725
0 0.16429107276819205 0.5545 0.05701425356339085 0.076
0 0.15847711927981994 0.60475 0.06489122280570142 0.0625
0 0.23199549887471868 0.5955 0.055138784696174045 0.071
0 0.27550637659414856 0.65475 0.055138784696174045 0.0765
0 0.3325206301575394 0.6765 0.05888972243060765 0.064
0 0.36515378844711177 0.7295 0.0536384096024006 0.059
0 0.41522880720180044 0.74275 0.04876219054763691 0.0665
0 0.4298574643660915 0.7895 0.03975993998499625 0.066
0 0.47861965491372843 0.8295 0.056264066016504126 0.054
0 0.47505626406601653 0.77475 0.05438859714928732 0.0605
0 0.49624906226556637 0.70975 0.051762940735183796 0.0725
0 0.4529257314328582 0.654 0.05138784696174044 0.075
0 0.4013503375843961 0.659 0.04426106526631658 0.07
0 0.3420855213803451 0.612 0.06001500375093773 0.075
0 0.29426106526631657 0.56 0.05438859714928732 0.072
0 0.23687171792948236 0.521 0.056639159789947484 0.076
0 0.30982745686421603 0.5095 0.0622655663915979 0.077
0 0.336271567891973 0.463 0.05888972243060765 0.078
0 0.3859714928732183 0.42625 0.0555138784696174 0.0795
0 0.4122280570142536 0.4945 0.04801200300075019 0.078
0 0.4484246061515379 0.43975 0.06789197299324831 0.0845
0 0.4808702175543886 0.49675 0.05326331582895724 0.0735
0 0.41166541635408854 0.56975 0.05588897224306077 0.0625
0 0.4551762940735184 0.565 0.04913728432108027 0.082
0 0.5157539384846211 0.57575 0.06001500375093773 0.0795
0 0.5262565641410353 0.64025 0.0622655663915979 0.0735
0 0.554013503375844 0.69025 0.05701425356339085 0.0605
0 0.5708927231807952 0.74025 0.05776444111027757 0.0615
0 0.5309452363090773 0.77525 0.050637659414853715 0.0565
0 0.5193173293323331 0.81225 0.04013503375843961 0.0555
0 0.5690172543135784 0.82 0.04876219054763691 0.054
0 0.6084021005251313 0.925 0.051762940735183796 0.069
0 0.6258439609902475 0.853 0.055138784696174045 0.065
0 0.6682295573893473 0.86775 0.04238559639909977 0.0625
0 0.6627906976744186 0.80925 0.05326331582895724 0.0615
0 0.5958364591147787 0.7965 0.05888972243060765 0.065
0 0.6327831957989497 0.75075 0.05326331582895724 0.0675
0 0.6986121530382595 0.7235 0.059639909977494375 0.061
0 0.7023630907726932 0.758 0.055138784696174045 0.06
0 0.626781695423856 0.68625 0.056264066016504126 0.0665
0 0.5967741935483871 0.64675 0.05701425356339085 0.0675
0 0.6558514628657164 0.604 0.059639909977494375 0.071
0 0.6864216054013503 0.641 0.060765191297824456 0.07
0 0.7518754688672168 0.69025 0.050637659414853715 0.0725
0 0.5840210052513128 0.5835 0.058514628657164294 0.081
0 0.5519504876219055 0.518 0.05588897224306077 0.082
0 0.6340960240060015 0.53425 0.06339084771192798 0.0715
0 0.6622280570142536 0.458 0.06339084771192798 0.076
0 0.6869842460615154 0.49825 0.055138784696174045 0.0735
0 0.7424981245311327 0.55425 0.0641410352588147 0.0675
0 0.7471867966991748 0.457 0.0690172543135784 0.076
0 0.6048387096774194 0.41575 0.0641410352588147 0.0745
0 0.5500750187546887 0.442 0.06339084771192798 0.082
0 0.44298574643660915 0.3515 0.060765191297824456 0.082
0 0.3899099774943736 0.304 0.059639909977494375 0.078
0 0.36459114778694673 0.17325 0.06151537884471118 0.0965
0 0.43623405851462865 0.2285 0.07051762940735183 0.092
0 0.46586646661665415 0.14675 0.06676669167291822 0.0915
0 0.49962490622655664 0.19625 0.07051762940735183 0.0905
0 0.5532633158289573 0.26525 0.060765191297824456 0.0955
0 0.4795573893473368 0.2835 0.0671417854463616 0.081
0 0.52231807951988 0.33775 0.06789197299324831 0.0805
0 0.5840210052513128 0.3455 0.06451612903225806 0.094
0 0.5875843960990248 0.19 0.07689422355588897 0.092
0 0.6410352588147037 0.25075 0.07501875468867217 0.0955
0 0.6882970742685671 0.1905 0.06676669167291822 0.093
0 0.70423855963991 0.2815 0.06789197299324831 0.099
0 0.7156789197299325 0.357 0.0690172543135784 0.078
0 0.7906976744186046 0.27675 0.07576894223555888 0.0915
0 0.8987246811702926 0.31675 0.07876969242310577 0.0865
0 0.8711552888222055 0.39325 0.07239309827456865 0.0785
0 0.8675918979744937 0.46425 0.07201800450112528 0.0785
0 0.9073518379594899 0.52575 0.06001500375093773 0.0905
0 0.8336459114778695 0.53425 0.055138784696174045 0.0835
0 0.8282070517629407 0.61375 0.060765191297824456 0.0755
0 0.8285821455363841 0.67225 0.05401350337584396 0.0725
0 0.8917854463615904 0.61725 0.059639909977494375 0.0715
0 0.9009752438109527 0.67175 0.06151537884471118 0.0755
0 0.9343585896474118 0.60125 0.047261815453863466 0.0795