0 0.07220555138784696 0.59675 0.05288822205551388 0.0645
0 0.1359714928732183 0.61425 0.050637659414853715 0.0585
0 0.14684921230307577 0.67475 0.052138034508627154 0.0745
0 0.19036009002250562 0.6065 0.04838709677419355 0.068
0 0.19898724681170293 0.54225 0.04538634658664666 0.0655
0 0.1331582895723931 0.556 0.05326331582895724 0.064
0 0.10146286571642911 0.514 0.05288822205551388 0.061
0 0.10090022505626407 0.4455 0.05251312828207052 0.066
0 0.15435108777194298 0.4905 0.05438859714928732 0.061
0 0.16429107276819205 0.4305 0.051762940735183796 0.062
0 0.1963615903975994 0.41125 0.04838709677419355 0.0665
0 0.23630907726931732 0.4595 0.046511627906976744 0.078
0 0.20142535633908476 0.33625 0.0555138784696174 0.0595
0 0.23874718679669918 0.31925 0.05288822205551388 0.0685
0 0.2760690172543136 0.265 0.046511627906976744 0.055
0 0.3055138784696174 0.2045 0.0536384096024006 0.085
0 0.3623405851462866 0.20025 0.05251312828207052 0.0655
0 0.39647411852963244 0.29325 0.05101275318829707 0.0525
0 0.3167666916729182 0.31675 0.04988747186796699 0.0675
0 0.2700675168792198 0.377 0.05701425356339085 0.053
0 0.3505251312828207 0.3625 0.05288822205551388 0.054
0 0.40003750937734434 0.3335 0.0603900975243811 0.068
0 0.3825956489122281 0.43175 0.047261815453863466 0.0545
0 0.3192048012003001 0.42075 0.05101275318829707 0.0535
0 0.2882595648912228 0.47375 0.043135783945986494 0.0655
0 0.30888972243060764 0.455 0.05738934733683421 0.078
0 0.2605026256564141 0.552 0.04988747186796699 0.068
0 0.23912228057014254 0.6075 0.04463615903975994 0.065
0 0.26462865716429107 0.65225 0.052138034508627154 0.0735
0 0.25 0.722 0.041635408852213056 0.064
0 0.29351087771942985 0.7205 0.052138034508627154 0.069
0 0.3237059264816204 0.68875 0.042010502625656414 0.0695
0 0.2940735183795949 0.611 0.04276069017254314 0.066
0 0.29932483120780196 0.5475 0.04876219054763691 0.059
0 0.3319579894973743 0.616 0.04276069017254314 0.076
0 0.3589647411852963 0.72125 0.05101275318829707 0.0735
0 0.3614028507126782 0.54975 0.05288822205551388 0.0635
0 0.3970367591897975 0.5785 0.04988747186796699 0.066
0 0.40397599399849965 0.652 0.05101275318829707 0.065
0 0.4172918229557389 0.718 0.050637659414853715 0.064
0 0.4069767441860465 0.51475 0.04426106526631658 0.0585
0 0.4234808702175544 0.45325 0.051762940735183796 0.0615
0 0.4491747936984246 0.41025 0.050637659414853715 0.0595
0 0.4392348087021755 0.26825 0.05776444111027757 0.0645
0 0.4866841710427607 0.2625 0.04088522130532633 0.066
0 0.5491372843210802 0.23025 0.046511627906976744 0.0685
0 0.47336834208552137 0.34425 0.047261815453863466 0.0675
0 0.5061890472618155 0.4105 0.047636909227306824 0.072
0 0.4894973743435859 0.48375 0.04876219054763691 0.0625
0 0.4519879969992498 0.53625 0.05326331582895724 0.0685
0 0.4399849962490623 0.61325 0.05026256564141035 0.0665
0 0.47918229557389347 0.715 0.04538634658664666 0.06
0 0.4930607651912978 0.64525 0.04088522130532633 0.0665
0 0.5255063765941486 0.712 0.05701425356339085 0.073
0 0.5412603150787697 0.64775 0.04876219054763691 0.0725
0 0.5213803450862715 0.5855 0.05101275318829707 0.075
0 0.5268192048012003 0.521 0.04988747186796699 0.071
0 0.5393848462115529 0.35875 0.05026256564141035 0.0665
0 0.5637659414853713 0.31125 0.04876219054763691 0.0745
0 0.6025881470367592 0.25625 0.04538634658664666 0.0675
0 0.6196549137284321 0.31625 0.05401350337584396 0.0685
0 0.5618904726181545 0.3875 0.0622655663915979 0.077
0 0.5939609902475619 0.382 0.04838709677419355 0.073
0 0.5978994748687172 0.45525 0.04876219054763691 0.0715
0 0.6560390097524381 0.45375 0.046511627906976744 0.0685
0 0.572205551387847 0.54875 0.050637659414853715 0.0665
0 0.609152288072018 0.5265 0.05026256564141035 0.075
0 0.6084021005251313 0.59025 0.047261815453863466 0.0585
0 0.659039759939985 0.577 0.047261815453863466 0.069
0 0.5905851462865717 0.66425 0.04838709677419355 0.0735
0 0.5738934733683421 0.7385 0.04876219054763691 0.064
0 0.6087771942985747 0.78075 0.047261815453863466 0.0645
0 0.6275318829707427 0.718 0.04951237809452363 0.064
0 0.6629782445611403 0.78225 0.050637659414853715 0.0785
0 0.7139909977494373 0.77275 0.0536384096024006 0.0755
0 0.6851087771942985 0.70525 0.05288822205551388 0.0715
0 0.6841710427606902 0.6275 0.047261815453863466 0.062
0 0.6785446361590397 0.287 0.047261815453863466 0.07
0 0.753563390847712 0.24825 0.04876219054763691 0.0655
0 0.7353713428357089 0.30275 0.05288822205551388 0.0535
0 0.727119279819955 0.3485 0.061890472618154536 0.076
0 0.8000750187546887 0.3435 0.05026256564141035 0.056
0 0.7991372843210802 0.38825 0.05138784696174044 0.0665
0 0.7456864216054013 0.4315 0.05101275318829707 0.065
0 0.7203675918979745 0.45 0.0536384096024006 0.072
0 0.7725056264066017 0.49075 0.05138784696174044 0.0635
0 0.8244561140285072 0.46775 0.051762940735183796 0.0695
0 0.8672168042010503 0.455 0.05101275318829707 0.071
0 0.700675168792198 0.53075 0.05476369092273068 0.0595
0 0.7760690172543135 0.54775 0.051762940735183796 0.0555
0 0.8610277569392348 0.52575 0.055138784696174045 0.0675
0 0.8929107276819205 0.5045 0.047636909227306824 0.05
0 0.7168042010502625 0.591 0.05026256564141035 0.059
0 0.7942610652663166 0.619 0.05813953488372093 0.072
0 0.8567141785446362 0.59325 0.05476369092273068 0.0725
0 0.9242310577644411 0.567 0.058514628657164294 0.083
0 0.7402475618904726 0.64775 0.05288822205551388 0.0715
0 0.736496624156039 0.721 0.052138034508627154 0.062
0 0.7867591897974494 0.686 0.05588897224306077 0.075
0 0.8516504126031508 0.68125 0.05288822205551388 0.0755
0 0.9039759939984996 0.651 0.05401350337584396 0.072
0 0.9512378094523631 0.64075 0.04951237809452363 0.0675
0 0.9566766691672918 0.7025 0.0603900975243811 0.077
0 0.8531507876969242 0.7295 0.05138784696174044 0.049
0 0.9067891972993248 0.79925 0.05438859714928732 0.0795
0 0.8426481620405101 0.8015 0.050637659414853715 0.072
0 0.7766316579144786 0.776 0.05813953488372093 0.062