0 0.102880658436214 0.395 0.04414515525626637 0.043
0 0.10213243546576879 0.44375 0.04339693228582117 0.0515
0 0.13935652824541714 0.48 0.04302282080059858 0.044
0 0.15544332210998876 0.44325 0.04302282080059858 0.0425
0 0.14047886270108492 0.37325 0.04526748971193416 0.0455
0 0.18836513280957726 0.37425 0.04227459783015339 0.0475
0 0.2130564908342686 0.34925 0.04451926674148896 0.0475
0 0.21025065469509913 0.4255 0.03890759446315002 0.05
0 0.24878413767302657 0.423 0.04040404040404041 0.054
0 0.21212121212121213 0.46925 0.04040404040404041 0.0395
0 0.1937897493453049 0.50775 0.03591470258136925 0.0445
0 0.1530115974560419 0.53875 0.03965581743359521 0.0435
0 0.11354283576505798 0.52425 0.04152637485970819 0.0445
0 0.17695473251028807 0.557 0.038159371492704826 0.04
0 0.15432098765432098 0.5915 0.03778526000748223 0.046
0 0.186307519640853 0.609 0.03741114852225964 0.034
0 0.2336326225215114 0.608 0.03853348297792742 0.037
0 0.22371866816311262 0.56125 0.03890759446315002 0.0375
0 0.25794986906098016 0.55025 0.037037037037037035 0.0415
0 0.26861204638982417 0.587 0.04264870931537598 0.04
0 0.23774784885895997 0.516 0.04152637485970819 0.04
0 0.27441077441077444 0.5095 0.03778526000748223 0.036
0 0.26430976430976433 0.4745 0.040778151889263 0.046
0 0.2992891881780771 0.48875 0.04264870931537598 0.0455
0 0.30920314253647585 0.5255 0.04526748971193416 0.046
0 0.296109240553685 0.564 0.03778526000748223 0.041
0 0.30845491956603066 0.595 0.036288814066591846 0.047
0 0.3279087167976057 0.63125 0.03928170594837262 0.0375
0 0.3469884025439581 0.60275 0.03479236812570146 0.0375
0 0.33539094650205764 0.56525 0.03554059109614665 0.0395
0 0.29068462401795736 0.4355 0.03591470258136925 0.048
0 0.299850355405911 0.39375 0.040778151889263 0.0545
0 0.3164983164983165 0.32475 0.04788627010849233 0.0555
0 0.2740366629255518 0.28175 0.04377104377104377 0.0495
0 0.22989150766928546 0.28475 0.04451926674148896 0.0515
0 0.2669285447063225 0.32775 0.031051253273475497 0.0565
0 0.367003367003367 0.27625 0.04264870931537598 0.0575
0 0.3610175832398055 0.329 0.0411522633744856 0.051
0 0.40347923681257014 0.322 0.04302282080059858 0.053
0 0.4266741488963711 0.27425 0.040778151889263 0.0545
0 0.44556677890011226 0.33175 0.04339693228582117 0.0555
0 0.4799850355405911 0.30325 0.04040404040404041 0.0545
0 0.4837261503928171 0.35375 0.041900486344930786 0.0495
0 0.4210624766180322 0.368 0.03853348297792742 0.052
0 0.4562289562289562 0.3865 0.03853348297792742 0.048
0 0.37560793116348673 0.38975 0.04414515525626637 0.0505
0 0.3398802843247288 0.414 0.040029928918817806 0.046
0 0.375794986906098 0.43225 0.04152637485970819 0.0455
0 0.4105873550317995 0.42625 0.04227459783015339 0.0545
0 0.44556677890011226 0.43925 0.032173587729143284 0.0525
0 0.4794238683127572 0.4355 0.037037037037037035 0.055
0 0.48578376356154135 0.47675 0.036288814066591846 0.0415
0 0.32940516273849607 0.454 0.04227459783015339 0.043
0 0.3613916947250281 0.49275 0.04040404040404041 0.0515
0 0.3447437336326225 0.51725 0.03853348297792742 0.0415
0 0.36999625888514776 0.548 0.038159371492704826 0.04
0 0.3778526000748223 0.58025 0.03591470258136925 0.0405
0 0.39113355780022446 0.516 0.036288814066591846 0.039
0 0.4111485222596334 0.4755 0.03965581743359521 0.044
0 0.4450056116722783 0.4825 0.03853348297792742 0.045
0 0.4281705948372615 0.516 0.03254769921436588 0.048
0 0.4509913954358399 0.56175 0.03778526000748223 0.0405
0 0.4092779648335204 0.5645 0.03591470258136925 0.043
0 0.4221848110737 0.58625 0.031051253273475497 0.0485
0 0.39281705948372614 0.6255 0.0306771417882529 0.041
0 0.36195286195286197 0.64875 0.03479236812570146 0.0435
0 0.39281705948372614 0.65225 0.031425364758698095 0.0355
0 0.42349420127197906 0.63525 0.032173587729143284 0.0385
0 0.43004115226337447 0.67175 0.03254769921436588 0.0415
0 0.4616535727646839 0.676 0.032173587729143284 0.033
0 0.45379723157500934 0.64375 0.03666292555181444 0.0355
0 0.4511784511784512 0.601 0.034418256640478866 0.044
0 0.4837261503928171 0.586 0.034418256640478866 0.043
0 0.4822297044519267 0.619 0.03591470258136925 0.039
0 0.48466142910587356 0.646 0.030303030303030304 0.034
0 0.5147774036662925 0.62975 0.031425364758698095 0.0305
0 0.5203890759446315 0.66125 0.02843247287691732 0.0455
0 0.49607182940516276 0.68925 0.031425364758698095 0.0335
0 0.5188926300037411 0.71 0.027684249906472128 0.037
0 0.5220725776281332 0.584 0.02656191545080434 0.039
0 0.5013093901982791 0.5555 0.032173587729143284 0.047
0 0.47512158623269735 0.5295 0.03367003367003367 0.042
0 0.5072951739618407 0.512 0.034418256640478866 0.041
0 0.5488215488215489 0.6895 0.035166479610924055 0.044
0 0.5811821922933034 0.70625 0.028058361391694726 0.0405
0 0.5819304152637486 0.67 0.034044145155256264 0.027
0 0.5478862701084923 0.64275 0.03254769921436588 0.0315
0 0.543958099513655 0.611 0.029928918817807706 0.039
0 0.5372240927796483 0.54525 0.03367003367003367 0.0505
0 0.5488215488215489 0.567 0.03367003367003367 0.036
0 0.5804339693228582 0.5625 0.03479236812570146 0.04
0 0.5808080808080808 0.5935 0.03554059109614665 0.032
0 0.5806210250654695 0.63825 0.029928918817807706 0.0395
0 0.6126075570520015 0.62075 0.03179947624392069 0.0385
0 0.6247661803217359 0.65475 0.035166479610924055 0.0395
0 0.6129816685372241 0.68175 0.036288814066591846 0.0325
0 0.6150392817059483 0.72675 0.031425364758698095 0.0375
0 0.6496445940890385 0.74025 0.031051253273475497 0.0295
0 0.6457164234942012 0.70275 0.03292181069958848 0.0265
0 0.6503928170594837 0.6745 0.03254769921436588 0.036
0 0.6591844369622147 0.64425 0.031425364758698095 0.0355
0 0.6453423120089786 0.61475 0.03367003367003367 0.0345
0 0.6144781144781145 0.57875 0.033295922184811075 0.0315
0 0.644968200523756 0.5825 0.029928918817807706 0.041
0 0.6778900112233446 0.595 0.032173587729143284 0.045
0 0.690048634493079 0.6265 0.03254769921436588 0.042
0 0.6855592966704078 0.66225 0.030303030303030304 0.0395
0 0.6846240179573513 0.7015 0.034418256640478866 0.034
0 0.6907968574635241 0.73175 0.030303030303030304 0.0385
0 0.7186681631126075 0.71325 0.03367003367003367 0.0365
0 0.7156752712308267 0.681 0.031425364758698095 0.039
0 0.7435465768799102 0.68575 0.031051253273475497 0.0345
0 0.7194163860830527 0.64225 0.03367003367003367 0.0285
0 0.7141788252899364 0.59825 0.034418256640478866 0.0345
0 0.7429854096520763 0.619 0.03292181069958848 0.041
0 0.7523381967826412 0.65325 0.031425364758698095 0.0365
0 0.7398054620276843 0.58175 0.03254769921436588 0.0395
0 0.7068836513280957 0.565 0.03479236812570146 0.032
0 0.7351290684624018 0.5405 0.032173587729143284 0.042
0 0.6747100635989525 0.5485 0.028058361391694726 0.041
0 0.6442199775533108 0.55 0.03741114852225964 0.042
0 0.5198279087167976 0.33325 0.040778151889263 0.0555
0 0.5160867938645717 0.37725 0.03928170594837262 0.0495
0 0.5491956603067715 0.36925 0.038159371492704826 0.0495
0 0.5168350168350169 0.427 0.03853348297792742 0.052
0 0.5243172465394688 0.4695 0.03928170594837262 0.04
0 0.5518144407033296 0.48325 0.034418256640478866 0.0375
0 0.5506921062476619 0.418 0.03591470258136925 0.048
0 0.5667789001122334 0.45775 0.041900486344930786 0.0435
0 0.5907220351664796 0.42075 0.03965581743359521 0.0525
0 0.6161616161616161 0.4495 0.03741114852225964 0.042
0 0.5916573138795361 0.4885 0.03479236812570146 0.046
0 0.5755705200149644 0.5235 0.033295922184811075 0.042
0 0.6208380097268986 0.511 0.030303030303030304 0.043
0 0.5935278713056491 0.3695 0.040778151889263 0.052
0 0.6277590722035167 0.3985 0.04264870931537598 0.05
0 0.6612420501309391 0.3825 0.03554059109614665 0.046
0 0.6498316498316499 0.43225 0.034418256640478866 0.0435
0 0.6782641227085672 0.44775 0.03367003367003367 0.0455
0 0.7188552188552189 0.4285 0.040778151889263 0.055
0 0.6941638608305275 0.48275 0.036288814066591846 0.0415
0 0.6361765806210251 0.47325 0.036288814066591846 0.0445
0 0.6627384960718294 0.50225 0.03254769921436588 0.0495
0 0.7059483726150393 0.522 0.034418256640478866 0.043
0 0.7338196782641228 0.50175 0.031051253273475497 0.0345
0 0.7426112981668537 0.4795 0.03666292555181444 0.046
0 0.7693602693602694 0.47225 0.027310138421249533 0.0445
0 0.767863823419379 0.51975 0.03778526000748223 0.0465
0 0.7731013842124953 0.566 0.03179947624392069 0.043
0 0.8082678638234194 0.53525 0.036288814066591846 0.0405
0 0.8080808080808081 0.56725 0.035166479610924055 0.0355
0 0.7753460531238309 0.59825 0.03254769921436588 0.0415
0 0.8049008604564161 0.6015 0.031051253273475497 0.04
0 0.7916199027310138 0.635 0.03965581743359521 0.03
0 0.7764683875794987 0.67475 0.03554059109614665 0.0405