0 0.17029257314328583 0.764 0.06376594148537135 0.07
0 0.20236309077269318 0.845 0.07164291072768192 0.076
0 0.22093023255813954 0.7385 0.06676669167291822 0.086
0 0.2710052513128282 0.79275 0.06789197299324831 0.0815
0 0.33495873968492124 0.7825 0.06526631657914479 0.084
0 0.16897974493623405 0.68925 0.059639909977494375 0.0955
0 0.15528882220555137 0.58025 0.07051762940735183 0.0835
0 0.18810952738184547 0.4755 0.07464366091522881 0.077
0 0.24268567141785446 0.5625 0.06151537884471118 0.087
0 0.24062265566391597 0.66 0.07164291072768192 0.076
0 0.2835708927231808 0.71775 0.06451612903225806 0.0875
0 0.35352588147036756 0.71375 0.06864216054013503 0.0905
0 0.40266316579144784 0.751 0.06789197299324831 0.088
0 0.4628657164291073 0.77875 0.07126781695423856 0.0975
0 0.5309452363090773 0.75625 0.07464366091522881 0.0875
0 0.3049512378094524 0.621 0.06751687921980495 0.087
0 0.3790322580645161 0.60325 0.06864216054013503 0.0785
0 0.43267066766691675 0.653 0.07689422355588897 0.079
0 0.4934358589647412 0.64925 0.07389347336834208 0.0925
0 0.28844711177794446 0.47675 0.07201800450112528 0.0955
0 0.3507126781695424 0.535 0.07126781695423856 0.085
0 0.3561515378844711 0.4555 0.07164291072768192 0.082
0 0.4187921980495124 0.5145 0.07464366091522881 0.093
0 0.45311327831957987 0.57 0.07126781695423856 0.086
0 0.2987621905476369 0.39375 0.07614403600900226 0.0885
0 0.29744936234058517 0.30825 0.07651912978244561 0.0865
0 0.37040510127531884 0.3125 0.07539384846211553 0.09
0 0.41354088522130533 0.37625 0.06939234808702176 0.0935
0 0.46324081020255065 0.315 0.07351837959489872 0.096
0 0.4720555138784696 0.21725 0.07614403600900226 0.0965
0 0.5288822205551388 0.27075 0.06976744186046512 0.1035
0 0.463615903975994 0.43775 0.07801950487621906 0.0875
0 0.5350712678169542 0.45625 0.07164291072768192 0.0885
0 0.5245686421605401 0.55675 0.07764441110277569 0.0915
0 0.5710802700675168 0.64275 0.0708927231807952 0.1025
0 0.6084021005251313 0.7505 0.08177044261065267 0.082
0 0.6671042760690172 0.68175 0.07764441110277569 0.0855
0 0.7355588897224306 0.69725 0.07426856714178545 0.1005
0 0.8195798949737434 0.696 0.0795198799699925 0.098
0 0.5772693173293323 0.51725 0.08027006751687922 0.0875
0 0.6340960240060015 0.57925 0.08064516129032258 0.0885
0 0.713615903975994 0.6035 0.07614403600900226 0.092
0 0.777006751687922 0.613 0.07464366091522881 0.104
0 0.8418979744936234 0.61575 0.06339084771192798 0.0955
0 0.8687171792948237 0.53225 0.07651912978244561 0.0845
0 0.7955738934733684 0.51125 0.072768192048012 0.0955
0 0.7258064516129032 0.522 0.07651912978244561 0.097
0 0.6603525881470368 0.49275 0.07464366091522881 0.0965
0 0.6119654913728432 0.42175 0.07464366091522881 0.1015
0 0.5618904726181545 0.3605 0.07576894223555888 0.092
0 0.5872093023255814 0.224 0.07989497374343586 0.104
0 0.6327831957989497 0.2995 0.08252063015753938 0.096
0 0.6948612153038259 0.35425 0.06864216054013503 0.1025
0 0.7391222805701425 0.42825 0.07689422355588897 0.1035
0 0.8008252063015754 0.40325 0.07351837959489872 0.0985
0 0.8747186796699175 0.39725 0.072768192048012 0.1075
0 0.8752813203300825 0.3115 0.07389347336834208 0.099
0 0.7749437359339835 0.2955 0.07426856714178545 0.109
0 0.6507876969242311 0.17525 0.08177044261065267 0.0975
0 0.7008627156789198 0.2625 0.07314328582145536 0.11
0 0.7368717179294824 0.18025 0.08289572393098274 0.1035
0 0.8255813953488372 0.22075 0.0795198799699925 0.1025