0 0.13540885221305327 0.31575 0.0345086271567892 0.0575
0 0.13203300825206302 0.37275 0.035258814703675916 0.0545
0 0.13540885221305327 0.42125 0.03825956489122281 0.0525
0 0.13878469617404351 0.471 0.03225806451612903 0.053
0 0.16410352588147037 0.4765 0.038634658664666165 0.058
0 0.15153788447111777 0.52225 0.03675918979744936 0.0575
0 0.1849212303075769 0.56725 0.03825956489122281 0.0595
0 0.16785446361590398 0.60625 0.03788447111777944 0.0555
0 0.20761440360090022 0.6405 0.03938484621155289 0.053
0 0.25037509377344336 0.5985 0.04013503375843961 0.057
0 0.29669917479369845 0.6485 0.042010502625656414 0.059
0 0.3572768192048012 0.63625 0.03563390847711928 0.0595
0 0.3524006001500375 0.5755 0.043135783945986494 0.066
0 0.3265191297824456 0.537 0.04388597149287322 0.062
0 0.28075768942235557 0.5225 0.04088522130532633 0.059
0 0.25225056264066015 0.495 0.04088522130532633 0.052
0 0.218304576144036 0.49975 0.03975993998499625 0.0595
0 0.2241185296324081 0.55175 0.03938484621155289 0.0575
0 0.19111027756939236 0.425 0.036384096024006 0.058
0 0.21886721680420104 0.41025 0.038634658664666165 0.0545
0 0.25450112528132035 0.443 0.04013503375843961 0.06
0 0.2861965491372843 0.4645 0.04276069017254314 0.066
0 0.33177044261065264 0.46775 0.04238559639909977 0.0615
0 0.3160165041260315 0.41275 0.03938484621155289 0.0595
0 0.27738184546136535 0.3665 0.037134283570892726 0.059
0 0.24174793698424607 0.37025 0.038634658664666165 0.0565
0 0.20967741935483872 0.3455 0.03675918979744936 0.053
0 0.1704801200300075 0.36675 0.04538634658664666 0.0505
0 0.1879219804951238 0.316 0.03825956489122281 0.054
0 0.20630157539384847 0.2605 0.037509377344336084 0.062
0 0.23237059264816204 0.2885 0.03938484621155289 0.057
0 0.26762940735183793 0.26225 0.04388597149287322 0.0635
0 0.29613653413353336 0.277 0.038634658664666165 0.061
0 0.2871342835708927 0.22125 0.04388597149287322 0.0605
0 0.33664666166541635 0.213 0.036384096024006 0.057
0 0.36271567891972994 0.18375 0.04051012753188297 0.0535
0 0.3756564141035259 0.2355 0.037134283570892726 0.056
0 0.3319579894973743 0.27025 0.03825956489122281 0.0595
0 0.27344336084021004 0.32075 0.03900975243810953 0.0475
0 0.313390847711928 0.33125 0.04088522130532633 0.0545
0 0.36159039759939987 0.3235 0.03825956489122281 0.057
0 0.3430232558139535 0.377 0.04238559639909977 0.062
0 0.35765191297824456 0.43 0.04013503375843961 0.053
0 0.39122280570142537 0.5835 0.042010502625656414 0.06
0 0.43285821455363843 0.5985 0.03975993998499625 0.058
0 0.47505626406601653 0.613 0.04088522130532633 0.05
0 0.49624906226556637 0.597 0.04351087771942986 0.051
0 0.46136534133533386 0.57 0.04351087771942986 0.056
0 0.4180420105026257 0.544 0.046136534133533386 0.05
0 0.3657164291072768 0.53475 0.04051012753188297 0.0615
0 0.3822205551387847 0.47525 0.03975993998499625 0.0605
0 0.4105401350337584 0.488 0.04238559639909977 0.054
0 0.4508627156789197 0.502 0.04051012753188297 0.055
0 0.5033758439609902 0.53725 0.04801200300075019 0.0625
0 0.5346961740435109 0.55925 0.04463615903975994 0.0645
0 0.536946736684171 0.50375 0.04688672168042011 0.0615
0 0.5463240810202551 0.66575 0.04463615903975994 0.0595
0 0.5830832708177044 0.6435 0.04838709677419355 0.067
0 0.5860840210052514 0.57125 0.04913728432108027 0.0595
0 0.5806451612903226 0.51575 0.04876219054763691 0.0655
0 0.5056264066016504 0.469 0.04276069017254314 0.062
0 0.46586646661665415 0.455 0.03900975243810953 0.06
0 0.42704426106526633 0.4335 0.04088522130532633 0.059
0 0.4028507126781695 0.4075 0.04351087771942986 0.056
0 0.3915978994748687 0.3575 0.03900975243810953 0.049
0 0.39234808702175544 0.305 0.04051012753188297 0.058
0 0.4214178544636159 0.32925 0.043135783945986494 0.0545
0 0.43698424606151537 0.3815 0.03900975243810953 0.057
0 0.46755438859714926 0.37125 0.041635408852213056 0.0595
0 0.5003750937734434 0.404 0.04801200300075019 0.063
0 0.5384471117779445 0.43925 0.04688672168042011 0.0695
0 0.5678919729932483 0.378 0.04426106526631658 0.065
0 0.5258814703675919 0.363 0.04576144036009002 0.064
0 0.47336834208552137 0.31625 0.04351087771942986 0.0585
0 0.5249437359339835 0.30925 0.04388597149287322 0.0615
0 0.4204801200300075 0.2705 0.047261815453863466 0.063
0 0.42873218304576144 0.202 0.04351087771942986 0.063
0 0.45461365341335336 0.23875 0.04276069017254314 0.0605
0 0.4872468117029257 0.1985 0.042010502625656414 0.061
0 0.49699924981245314 0.2495 0.04576144036009002 0.062
0 0.5662040510127532 0.25325 0.04088522130532633 0.0585
0 0.568642160540135 0.3105 0.04351087771942986 0.06
0 0.6054013503375844 0.3465 0.04801200300075019 0.064
0 0.6093398349587397 0.287 0.04388597149287322 0.068
0 0.6172168042010503 0.2295 0.04463615903975994 0.061
0 0.6496624156039009 0.314 0.04426106526631658 0.061
0 0.6931732933233309 0.3 0.04276069017254314 0.062
0 0.6830457614403601 0.24325 0.04576144036009002 0.0605
0 0.7252438109527382 0.22625 0.0536384096024006 0.0655
0 0.7522505626406601 0.274 0.047636909227306824 0.062
0 0.7914478619654913 0.29875 0.046511627906976744 0.0565
0 0.8334583645911477 0.276 0.04576144036009002 0.061
0 0.7321830457614403 0.35025 0.05251312828207052 0.0645
0 0.7357464366091523 0.4065 0.04988747186796699 0.061
0 0.6929857464366092 0.3725 0.04538634658664666 0.064
0 0.6479744936234059 0.379 0.05138784696174044 0.061
0 0.5948987246811703 0.447 0.047261815453863466 0.062
0 0.6354088522130532 0.4365 0.0450112528132033 0.06
0 0.6834208552138035 0.43125 0.05026256564141035 0.0565
0 0.6607276819204801 0.49275 0.04463615903975994 0.0655
0 0.6134658664666166 0.49275 0.04913728432108027 0.0635
0 0.6271567891972993 0.54725 0.04351087771942986 0.0515
0 0.6687921980495124 0.5765 0.051762940735183796 0.062
0 0.6997374343585896 0.5325 0.04688672168042011 0.064
0 0.7378094523630908 0.49325 0.04801200300075019 0.0715
0 0.7666916729182296 0.53425 0.046511627906976744 0.0715
0 0.736496624156039 0.57775 0.047636909227306824 0.0615
0 0.6249062265566392 0.62325 0.04951237809452363 0.0695
0 0.6423480870217554 0.66675 0.05138784696174044 0.0575
0 0.6929857464366092 0.66225 0.046136534133533386 0.0695
0 0.694298574643661 0.595 0.046511627906976744 0.049
0 0.7385596399099775 0.6195 0.05026256564141035 0.053
0 0.7366841710427607 0.6805 0.047261815453863466 0.061
0 0.7081770442610653 0.742 0.04576144036009002 0.06
0 0.7644411102775694 0.72275 0.04426106526631658 0.0585
0 0.8028882220555139 0.743 0.04463615903975994 0.057
0 0.7807576894223556 0.671 0.04463615903975994 0.063
0 0.8102025506376594 0.68475 0.04276069017254314 0.0575
0 0.7860090022505627 0.596 0.047636909227306824 0.058
0 0.8083270817704427 0.6235 0.04276069017254314 0.058
0 0.8124531132783196 0.54425 0.046511627906976744 0.0655
0 0.8008252063015754 0.47875 0.04951237809452363 0.0645
0 0.7980120030007501 0.41625 0.047636909227306824 0.0575
0 0.8062640660165041 0.3585 0.05438859714928732 0.065
0 0.8490247561890473 0.32875 0.050637659414853715 0.0545
0 0.9036009002250562 0.34675 0.05476369092273068 0.0685
0 0.8542760690172543 0.3825 0.0536384096024006 0.065
0 0.8899099774943736 0.4265 0.05138784696174044 0.064
0 0.922543135783946 0.4575 0.04688672168042011 0.066
0 0.8392723180795199 0.43975 0.047636909227306824 0.0635
0 0.8510877719429858 0.52075 0.046511627906976744 0.0625
0 0.9142910727681921 0.52225 0.0536384096024006 0.0595
0 0.8557764441110277 0.56775 0.043135783945986494 0.0565
0 0.8825956489122281 0.6035 0.03675918979744936 0.053
0 0.8608402100525131 0.634 0.04876219054763691 0.069
0 0.8724681170292573 0.69175 0.05026256564141035 0.0615
0 0.8615903975993998 0.75775 0.04951237809452363 0.0625