0 0.11459114778694673 0.22 0.046136534133533386 0.057
0 0.16747936984246062 0.239 0.03938484621155289 0.057
0 0.2308702175543886 0.1535 0.043135783945986494 0.062
0 0.38447111777944487 0.254 0.023255813953488372 0.037
0 0.09471117779444861 0.45875 0.03113278319579895 0.0415
0 0.11477869467366841 0.44125 0.03225806451612903 0.0405
0 0.1350337584396099 0.408 0.029257314328582147 0.033
0 0.1427231807951988 0.3765 0.03188297074268567 0.04
0 0.16429107276819205 0.40725 0.02625656414103526 0.0315
0 0.18154538634658665 0.4185 0.03075768942235559 0.036
0 0.15303825956489123 0.438 0.02700675168792198 0.039
0 0.17104276069017255 0.355 0.0277569392348087 0.038
0 0.18529632408102026 0.37975 0.03075768942235559 0.0385
0 0.20236309077269318 0.3465 0.034133533383345835 0.038
0 0.21811702925731433 0.3845 0.03338334583645911 0.046
0 0.21624156039009754 0.42725 0.03563390847711928 0.0395
0 0.24193548387096775 0.4485 0.030007501875468866 0.036
0 0.17891972993248312 0.4575 0.035258814703675916 0.04
0 0.16822955738934733 0.48375 0.028132033008252063 0.0395
0 0.18810952738184547 0.4995 0.028882220555138786 0.04
0 0.13822205551387848 0.488 0.03188297074268567 0.043
0 0.13184546136534134 0.521 0.030382595648912228 0.039
0 0.0890847711927982 0.5005 0.03188297074268567 0.036
0 0.10333833458364591 0.527 0.036384096024006 0.039
0 0.12115528882220555 0.564 0.035258814703675916 0.031
0 0.15472618154538634 0.566 0.03188297074268567 0.031
0 0.1734808702175544 0.5855 0.028882220555138786 0.042
0 0.18323330832708176 0.618 0.028132033008252063 0.045
0 0.14966241560390098 0.61825 0.030007501875468866 0.0355
0 0.1207801950487622 0.5985 0.03225806451612903 0.04
0 0.21324081020255065 0.579 0.03338334583645911 0.037
0 0.1886721680420105 0.5405 0.024756189047261814 0.036
0 0.21211552888222054 0.54875 0.034133533383345835 0.0315
0 0.21511627906976744 0.52125 0.029632408102025505 0.0355
0 0.24756189047261815 0.5485 0.0277569392348087 0.031
0 0.2576894223555889 0.51825 0.02700675168792198 0.0335
0 0.21586646661665415 0.47325 0.029632408102025505 0.0395
0 0.2355588897224306 0.49175 0.02625656414103526 0.0405
0 0.2558139534883721 0.4825 0.024756189047261814 0.04
0 0.213615903975994 0.6255 0.03113278319579895 0.04
0 0.24062265566391597 0.61725 0.028882220555138786 0.0375
0 0.27081770442610653 0.62225 0.03075768942235559 0.0315
0 0.2779444861215304 0.65075 0.03150787696924231 0.0405
0 0.3126406601650413 0.68525 0.034133533383345835 0.0405
0 0.34321080270067517 0.7025 0.025506376594148537 0.039
0 0.3647786946736684 0.7165 0.028882220555138786 0.034
0 0.34921230307576895 0.7415 0.028507126781695424 0.039
0 0.3659039759939985 0.77125 0.025131282820705175 0.0435
0 0.36852963240810205 0.811 0.025881470367591898 0.041
0 0.386721680420105 0.838 0.029257314328582147 0.039
0 0.4154163540885221 0.8425 0.02663165791447862 0.045
0 0.43717179294823705 0.811 0.020630157539384845 0.037
0 0.4476744186046512 0.78325 0.02288072018004501 0.0425
0 0.4109152288072018 0.753 0.030382595648912228 0.041
0 0.4341710427606902 0.748 0.028132033008252063 0.031
0 0.39909977494373594 0.71675 0.030007501875468866 0.0385
0 0.42666916729182297 0.711 0.029632408102025505 0.05
0 0.44954988747186797 0.714 0.02663165791447862 0.039
0 0.4416729182295574 0.67775 0.025131282820705175 0.0385
0 0.38915978994748684 0.6765 0.030382595648912228 0.04
0 0.36384096024006 0.67775 0.029257314328582147 0.0415
0 0.34171042760690173 0.65425 0.025506376594148537 0.0385
0 0.3276444111027757 0.6245 0.028132033008252063 0.038
0 0.3533383345836459 0.6115 0.0277569392348087 0.032
0 0.3152663165791448 0.5885 0.02663165791447862 0.038
0 0.35277569392348085 0.58125 0.03113278319579895 0.0405
0 0.3777194298574644 0.5865 0.024756189047261814 0.038
0 0.40078769692423105 0.60425 0.02288072018004501 0.0365
0 0.4086646661665416 0.572 0.028882220555138786 0.038
0 0.4330457614403601 0.579 0.024381095273818456 0.038
0 0.42385596399099773 0.61325 0.02625656414103526 0.0345
0 0.4349212303075769 0.63875 0.02663165791447862 0.0385
0 0.41072768192048015 0.646 0.025506376594148537 0.041
0 0.3840960240060015 0.6375 0.0277569392348087 0.036
0 0.27550637659414856 0.56525 0.028882220555138786 0.0375
0 0.2871342835708927 0.53725 0.028132033008252063 0.0325
0 0.3075768942235559 0.553 0.023255813953488372 0.034
0 0.33739684921230306 0.5395 0.028882220555138786 0.038
0 0.31470367591897974 0.52075 0.03150787696924231 0.0415
0 0.29069767441860467 0.505 0.028507126781695424 0.038
0 0.2888222055513878 0.47 0.03225806451612903 0.035
0 0.3257689422355589 0.48225 0.028882220555138786 0.0405
0 0.33964741185296327 0.50225 0.028132033008252063 0.0315
0 0.36515378844711177 0.5165 0.03113278319579895 0.041
0 0.3919729932483121 0.52675 0.028507126781695424 0.0385
0 0.4206676669167292 0.5325 0.02213053263315829 0.038
0 0.359714928732183 0.47675 0.02625656414103526 0.0365
0 0.3809077269317329 0.4745 0.028132033008252063 0.038
0 0.41072768192048015 0.48925 0.028507126781695424 0.0365
0 0.30701425356339085 0.4435 0.028882220555138786 0.03
0 0.2730682670667667 0.428 0.030007501875468866 0.036
0 0.2560015003750938 0.40675 0.025881470367591898 0.0345
0 0.26556639159789946 0.37775 0.03225806451612903 0.0435
0 0.2603150787696924 0.34925 0.03075768942235559 0.0355
0 0.24606151537884471 0.321 0.03075768942235559 0.039
0 0.2616279069767442 0.30775 0.01837959489872468 0.0275
0 0.31095273818454616 0.30675 0.03150787696924231 0.0375
0 0.31451612903225806 0.341 0.03113278319579895 0.035
0 0.34508627156789196 0.3045 0.029257314328582147 0.037
0 0.3463990997749437 0.3405 0.020630157539384845 0.034
0 0.35427606901725434 0.36725 0.029632408102025505 0.0355
0 0.3295198799699925 0.379 0.028882220555138786 0.036
0 0.29688672168042013 0.361 0.025881470367591898 0.035
0 0.30288822205551386 0.404 0.02738184546136534 0.036
0 0.33214553638409605 0.414 0.025881470367591898 0.035
0 0.35596399099774945 0.42375 0.025506376594148537 0.0365
0 0.3717179294823706 0.43675 0.028507126781695424 0.0395
0 0.3782820705176294 0.401 0.029632408102025505 0.036
0 0.3977869467366842 0.41825 0.028132033008252063 0.0315
0 0.4097899474868717 0.4455 0.025131282820705175 0.036
0 0.38072018004501124 0.3645 0.02700675168792198 0.036
0 0.3724681170292573 0.32825 0.025506376594148537 0.0305
0 0.372655663915979 0.295 0.028882220555138786 0.035
0 0.4019129782445611 0.3065 0.025131282820705175 0.034
0 0.39722430607651915 0.32825 0.02700675168792198 0.0375
0 0.423105776444111 0.347 0.023255813953488372 0.037
0 0.42685671417854465 0.315 0.0277569392348087 0.035
0 0.41016504126031506 0.38775 0.02738184546136534 0.0395
0 0.42273068267066766 0.40975 0.02700675168792198 0.0355
0 0.43435858964741186 0.3795 0.02700675168792198 0.036
0 0.4474868717179295 0.41075 0.02700675168792198 0.0355
0 0.43810952738184544 0.44125 0.03075768942235559 0.0385
0 0.4367966991747937 0.476 0.024381095273818456 0.039
0 0.4461740435108777 0.51125 0.030382595648912228 0.0425
0 0.458927231807952 0.5485 0.02663165791447862 0.032
0 0.458927231807952 0.5835 0.023630907726931733 0.044
0 0.4619279819954989 0.31325 0.02738184546136534 0.0305
0 0.4578019504876219 0.34775 0.028882220555138786 0.0345
0 0.48349587396849214 0.352 0.02700675168792198 0.034
0 0.4960615153788447 0.32525 0.028882220555138786 0.0325
0 0.5075018754688673 0.35025 0.024006001500375095 0.0335
0 0.5198799699924981 0.33325 0.018754688672168042 0.0235
0 0.5373218304576144 0.3265 0.02663165791447862 0.034
0 0.5692048012003 0.3385 0.02213053263315829 0.022
0 0.5663915978994749 0.35875 0.028507126781695424 0.0315
0 0.5812078019504876 0.375 0.019129782445611403 0.025
0 0.5843960990247562 0.359 0.0172543135783946 0.025
0 0.5984621155288822 0.375 0.024381095273818456 0.033
0 0.6160915228807202 0.38225 0.015378844711177795 0.0215
0 0.6145911477869468 0.39775 0.01687921980495124 0.0265
0 0.6003375843960991 0.40375 0.019129782445611403 0.0275
0 0.5699549887471868 0.39225 0.028132033008252063 0.0355
0 0.5339459864966242 0.3665 0.023630907726931733 0.032
0 0.49943735933983496 0.3865 0.02738184546136534 0.032
0 0.5243810952738185 0.40025 0.023255813953488372 0.0305
0 0.5078769692423106 0.4165 0.03075768942235559 0.034
0 0.5288822205551388 0.428 0.0277569392348087 0.041
0 0.46830457614403603 0.38275 0.02663165791447862 0.0355
0 0.4769317329332333 0.422 0.029632408102025505 0.033
0 0.4576144036009002 0.46175 0.02625656414103526 0.0415
0 0.4804951237809452 0.45575 0.028507126781695424 0.0375
0 0.49868717179294825 0.483 0.03113278319579895 0.035
0 0.5193173293323331 0.50375 0.024381095273818456 0.0305
0 0.4686796699174794 0.49425 0.028882220555138786 0.0315
0 0.4804951237809452 0.51825 0.030007501875468866 0.0315
0 0.5073143285821455 0.53125 0.02738184546136534 0.0325
0 0.49006001500375096 0.55475 0.03188297074268567 0.0405
0 0.5009377344336085 0.58825 0.02738184546136534 0.0425
0 0.5195048762190547 0.56625 0.02700675168792198 0.0365
0 0.5380720180045011 0.53875 0.02738184546136534 0.0355
0 0.5607651912978244 0.51575 0.02700675168792198 0.0335
0 0.5378844711177795 0.4695 0.028507126781695424 0.038
0 0.5508252063015754 0.4445 0.024381095273818456 0.032
0 0.5643285821455364 0.551 0.029632408102025505 0.043
0 0.54576144036009 0.576 0.028507126781695424 0.039
0 0.47336834208552137 0.61075 0.02625656414103526 0.0415
0 0.46230307576894225 0.64875 0.025131282820705175 0.0385
0 0.48537134283570893 0.66 0.0277569392348087 0.035
0 0.4983120780195049 0.62825 0.02738184546136534 0.0345
0 0.46999249812453114 0.6915 0.02700675168792198 0.041
0 0.46661665416354087 0.74925 0.0277569392348087 0.0375
0 0.48349587396849214 0.73375 0.02700675168792198 0.0355
0 0.5001875468867217 0.759 0.030382595648912228 0.028
0 0.508252063015754 0.798 0.028507126781695424 0.045
0 0.4752438109527382 0.7845 0.028507126781695424 0.036
0 0.481807951987997 0.81375 0.023630907726931733 0.0355
0 0.49568642160540133 0.837 0.029632408102025505 0.041
0 0.5290697674418605 0.8395 0.030382595648912228 0.04
0 0.5538259564891223 0.842 0.02738184546136534 0.04
0 0.5360090022505627 0.884 0.029257314328582147 0.043
0 0.572768192048012 0.8965 0.033008252063015754 0.038
0 0.5896474118529632 0.86725 0.03075768942235559 0.0395
0 0.6033383345836459 0.897 0.030382595648912228 0.035
0 0.5221305326331583 0.93925 0.03075768942235559 0.0465
0 0.5517629407351838 0.93325 0.030007501875468866 0.0425
0 0.5873968492123031 0.941 0.03075768942235559 0.043
0 0.6277194298574643 0.92475 0.03113278319579895 0.0425
0 0.6519129782445612 0.90475 0.03150787696924231 0.0415
0 0.6325956489122281 0.85425 0.028132033008252063 0.0395
0 0.5103150787696924 0.689 0.03338334583645911 0.037
0 0.5106901725431358 0.7285 0.02738184546136534 0.039
0 0.5255063765941486 0.76375 0.02700675168792198 0.0355
0 0.5326331582895724 0.80025 0.023255813953488372 0.0415
0 0.5648912228057015 0.77725 0.035258814703675916 0.0315
0 0.5660165041260315 0.80925 0.03150787696924231 0.0365
0 0.5566391597899475 0.7435 0.03225806451612903 0.04
0 0.5335708927231808 0.71175 0.03188297074268567 0.0395
0 0.5564516129032258 0.68825 0.03113278319579895 0.0325
0 0.5281320330082521 0.65975 0.03225806451612903 0.0375
0 0.54576144036009 0.645 0.02700675168792198 0.035
0 0.5438859714928732 0.6145 0.029257314328582147 0.041
0 0.5746436609152288 0.63775 0.03075768942235559 0.0415
0 0.5808327081770442 0.671 0.029632408102025505 0.029
0 0.5789572393098275 0.704 0.025881470367591898 0.041
0 0.5819579894973743 0.7365 0.02663165791447862 0.038
0 0.5980870217554388 0.77425 0.032633158289572396 0.0435
0 0.6117779444861215 0.8045 0.033008252063015754 0.038
0 0.6417854463615904 0.7965 0.033008252063015754 0.041
0 0.614403600900225 0.739 0.0277569392348087 0.039
0 0.6462865716429107 0.7535 0.030007501875468866 0.042
0 0.6022130532633159 0.70525 0.025131282820705175 0.0345
0 0.632033008252063 0.71375 0.03225806451612903 0.0335
0 0.6609152288072018 0.8455 0.024756189047261814 0.036
0 0.6603525881470368 0.867 0.02663165791447862 0.031
0 0.6828582145536384 0.8245 0.025881470367591898 0.038
0 0.6751687921980495 0.7885 0.0277569392348087 0.035
0 0.7151162790697675 0.80425 0.036384096024006 0.0395
0 0.6650412603150788 0.734 0.028507126781695424 0.031
0 0.6804201050262566 0.75525 0.029257314328582147 0.0365
0 0.7149287321830458 0.76 0.0277569392348087 0.037
0 0.671980495123781 0.69925 0.028882220555138786 0.0385
0 0.709489872468117 0.71125 0.028132033008252063 0.0375
0 0.7246811702925732 0.73025 0.0277569392348087 0.0355
0 0.7336834208552138 0.68725 0.02625656414103526 0.0385
0 0.7492498124531133 0.6585 0.028132033008252063 0.036
0 0.7151162790697675 0.6605 0.025881470367591898 0.039
0 0.6888597149287322 0.6595 0.03188297074268567 0.042
0 0.6575393848462115 0.64525 0.028507126781695424 0.0415
0 0.6742310577644411 0.62525 0.02738184546136534 0.0315
0 0.6247186796699175 0.63025 0.03113278319579895 0.0415
0 0.6260315078769693 0.67275 0.030007501875468866 0.0395
0 0.595648912228057 0.6195 0.025506376594148537 0.044
0 0.567516879219805 0.602 0.030007501875468866 0.035
0 0.5933983495873969 0.5735 0.023255813953488372 0.039
0 0.6121530382595649 0.5855 0.02175543885971493 0.041
0 0.6430982745686422 0.6 0.03338334583645911 0.039
0 0.6806076519129782 0.59525 0.028882220555138786 0.0345
0 0.7169917479369843 0.6165 0.028132033008252063 0.046
0 0.7378094523630908 0.62225 0.024006001500375095 0.0415
0 0.7441860465116279 0.58275 0.033008252063015754 0.0375
0 0.7049887471867967 0.58175 0.025881470367591898 0.0345
0 0.68192048012003 0.55825 0.03075768942235559 0.0425
0 0.6521005251312828 0.56825 0.028132033008252063 0.0345
0 0.627906976744186 0.542 0.02625656414103526 0.037
0 0.7031132783195799 0.5385 0.028882220555138786 0.038
0 0.7436234058514629 0.5445 0.03188297074268567 0.036
0 0.7153038259564891 0.51175 0.028507126781695424 0.0355
0 0.6699174793698425 0.518 0.02625656414103526 0.035
0 0.6288447111777945 0.51775 0.025881470367591898 0.0265
0 0.599774943735934 0.52125 0.028507126781695424 0.0315
0 0.5947111777944486 0.4905 0.03338334583645911 0.036
0 0.6340960240060015 0.49 0.028882220555138786 0.043
0 0.6751687921980495 0.482 0.028507126781695424 0.042
0 0.6911102775693924 0.49 0.019879969992498126 0.039
0 0.5832708177044261 0.45375 0.033008252063015754 0.0345
0 0.5793323330832708 0.4285 0.03188297074268567 0.029
0 0.6078394598649662 0.4365 0.025881470367591898 0.036
0 0.6312828207051763 0.42375 0.02250562640660165 0.0395
0 0.6605401350337584 0.4395 0.025506376594148537 0.036
0 0.6867966991747937 0.432 0.0277569392348087 0.032
0 0.6764816204051013 0.415 0.019129782445611403 0.024
0 0.6564141035258815 0.40675 0.025506376594148537 0.0365