0 0.21305326331582897 0.15 0.08552138034508627 0.104
0 0.3126406601650413 0.155 0.08139534883720931 0.104
0 0.17329332333083272 0.24475 0.08327081770442611 0.0965
0 0.13859714928732184 0.335 0.08364591147786947 0.101
0 0.22074268567141786 0.3665 0.07764441110277569 0.105
0 0.1579144786196549 0.42775 0.07726931732933233 0.0995
0 0.13259564891222805 0.5445 0.08664666166541636 0.096
0 0.20423855963990997 0.58725 0.08589647411852963 0.0935
0 0.2280570142535634 0.47775 0.07876969242310577 0.1085
0 0.2920105026256564 0.328 0.08364591147786947 0.098
0 0.3599024756189047 0.2545 0.07914478619654913 0.107
0 0.4416729182295574 0.252 0.07914478619654913 0.104
0 0.40341335333833456 0.34375 0.07764441110277569 0.0935
0 0.30795198799699924 0.41625 0.08102025506376594 0.0905
0 0.3910352588147037 0.4285 0.07539384846211553 0.101
0 0.3379594898724681 0.4995 0.07201800450112528 0.099
0 0.2796324081020255 0.556 0.08139534883720931 0.1
0 0.2861965491372843 0.652 0.08102025506376594 0.088
0 0.29088522130532635 0.74275 0.07389347336834208 0.0995
0 0.3548387096774194 0.79525 0.072768192048012 0.0995
0 0.36346586646661666 0.686 0.06601650412603151 0.102
0 0.4163540885221305 0.83925 0.07351837959489872 0.1005
0 0.48537134283570893 0.33375 0.07426856714178545 0.1035
0 0.46305326331582897 0.4205 0.07614403600900226 0.104
0 0.559264816204051 0.32775 0.07726931732933233 0.0975
0 0.554576144036009 0.426 0.07389347336834208 0.106
0 0.5048762190547637 0.506 0.08027006751687922 0.093
0 0.42291822955738934 0.553 0.08364591147786947 0.085
0 0.4274193548387097 0.6595 0.07539384846211553 0.097
0 0.4341710427606902 0.7485 0.07839459864966242 0.088
0 0.4754313578394599 0.86775 0.07314328582145536 0.0825
0 0.5328207051762941 0.921 0.07014253563390847 0.089
0 0.5971492873218305 0.91875 0.06826706676669167 0.0965
0 0.5667666916729183 0.85275 0.0690172543135784 0.0955
0 0.6393473368342085 0.86725 0.07014253563390847 0.0985
0 0.5028132033008252 0.77775 0.07014253563390847 0.0925
0 0.4915603900975244 0.686 0.06339084771192798 0.095
0 0.4990622655663916 0.60425 0.07914478619654913 0.0935
0 0.6155288822205551 0.3905 0.07051762940735183 0.096
0 0.6755438859714928 0.35775 0.06601650412603151 0.0915
0 0.6751687921980495 0.452 0.07201800450112528 0.102
0 0.6642910727681921 0.53625 0.07351837959489872 0.0825
0 0.5630157539384846 0.562 0.07201800450112528 0.09
0 0.5498874718679669 0.6465 0.07126781695423856 0.086
0 0.5442610652663166 0.723 0.06376594148537135 0.089
0 0.6093398349587397 0.77325 0.06789197299324831 0.0945
0 0.6078394598649662 0.69225 0.07314328582145536 0.0915
0 0.6969242310577645 0.804 0.06376594148537135 0.105
0 0.736496624156039 0.82425 0.06639159789947487 0.0895
0 0.6237809452363091 0.59975 0.06826706676669167 0.0935
0 0.7768192048012003 0.462 0.06751687921980495 0.088
0 0.7325581395348837 0.514 0.07351837959489872 0.096
0 0.6862340585146287 0.618 0.07689422355588897 0.092
0 0.6787321830457614 0.698 0.0671417854463616 0.09
0 0.727119279819955 0.74775 0.07539384846211553 0.0945
0 0.8103900975243811 0.776 0.061890472618154536 0.089
0 0.7935108777194299 0.69675 0.0671417854463616 0.0915
0 0.7226181545386346 0.6595 0.0641410352588147 0.092
0 0.8319579894973743 0.61775 0.07726931732933233 0.1015
0 0.7593773443360841 0.57475 0.0708927231807952 0.0885
0 0.8193923480870218 0.53025 0.06939234808702176 0.0895
0 0.6078394598649662 0.4805 0.06564141035258815 0.083