0 0.0718304576144036 0.5155 0.04463615903975994 0.06
0 0.07970742685671418 0.57575 0.043135783945986494 0.0575
0 0.11421605401350338 0.586 0.04688672168042011 0.059
0 0.145536384096024 0.619 0.04351087771942986 0.066
0 0.16316579144786197 0.54475 0.04426106526631658 0.0675
0 0.10858964741185297 0.50075 0.04538634658664666 0.0635
0 0.15210052513128283 0.489 0.05138784696174044 0.056
0 0.09133533383345836 0.42925 0.04913728432108027 0.0595
0 0.12884471117779445 0.43575 0.04538634658664666 0.0615
0 0.12396849212303075 0.3695 0.04913728432108027 0.067
0 0.1734808702175544 0.41375 0.04913728432108027 0.0655
0 0.18342085521380344 0.358 0.0450112528132033 0.06
0 0.2126781695423856 0.3115 0.04426106526631658 0.061
0 0.2490622655663916 0.34875 0.05326331582895724 0.0645
0 0.29163540885221306 0.30975 0.04988747186796699 0.0605
0 0.3075768942235559 0.3575 0.05101275318829707 0.066
0 0.3066391597899475 0.41725 0.04688672168042011 0.0625
0 0.2124906226556639 0.37825 0.04688672168042011 0.0635
0 0.21530382595648911 0.43775 0.051762940735183796 0.0585
0 0.24943735933983496 0.409 0.05101275318829707 0.064
0 0.2815078769692423 0.4615 0.052138034508627154 0.063
0 0.23387096774193547 0.4895 0.04538634658664666 0.068
0 0.20161290322580644 0.52925 0.04388597149287322 0.0685
0 0.1984246061515379 0.62525 0.04576144036009002 0.0675
0 0.21961740435108776 0.59125 0.04088522130532633 0.0645
0 0.25881470367591897 0.588 0.04801200300075019 0.063
0 0.27738184546136535 0.53225 0.04988747186796699 0.0575
0 0.25712678169542386 0.657 0.046136534133533386 0.065
0 0.24774943735933982 0.717 0.046136534133533386 0.07
0 0.28413353338334585 0.7035 0.04913728432108027 0.056
0 0.3107651912978245 0.6675 0.05588897224306077 0.066
0 0.32614403600900227 0.72475 0.04838709677419355 0.0595
0 0.36515378844711177 0.742 0.05288822205551388 0.065
0 0.363278319579895 0.67675 0.04913728432108027 0.0615
0 0.38728432108027006 0.62325 0.04913728432108027 0.0655
0 0.40922730682670666 0.673 0.04576144036009002 0.059
0 0.31789197299324834 0.6 0.04913728432108027 0.06
0 0.3210802700675169 0.5405 0.04276069017254314 0.061
0 0.36365341335333834 0.55725 0.043135783945986494 0.0595
0 0.4022880720180045 0.56775 0.04988747186796699 0.0605
0 0.34902475618904727 0.4995 0.04913728432108027 0.064
0 0.3469617404351088 0.438 0.05401350337584396 0.065
0 0.3936609152288072 0.44975 0.052138034508627154 0.0635
0 0.3495873968492123 0.36975 0.05326331582895724 0.0665
0 0.40341335333833456 0.3805 0.047636909227306824 0.067
0 0.40922730682670666 0.25325 0.05401350337584396 0.0655
0 0.4606151537884471 0.244 0.047261815453863466 0.059
0 0.4711177794448612 0.3055 0.05101275318829707 0.068
0 0.5168792198049512 0.30475 0.0450112528132033 0.0675
0 0.5468867216804201 0.35025 0.05101275318829707 0.0665
0 0.5309452363090773 0.20975 0.04913728432108027 0.0635
0 0.5633908477119279 0.25775 0.05101275318829707 0.0665
0 0.5935858964741185 0.2365 0.041635408852213056 0.054
0 0.6037134283570893 0.288 0.047636909227306824 0.069
0 0.6249062265566392 0.27275 0.03150787696924231 0.0565
0 0.5939609902475619 0.3505 0.04838709677419355 0.068
0 0.4465491372843211 0.3645 0.050637659414853715 0.071
0 0.4778694673668417 0.39625 0.047261815453863466 0.0715
0 0.5256939234808702 0.40725 0.052138034508627154 0.0615
0 0.4367966991747937 0.4305 0.04688672168042011 0.07
0 0.4111027756939235 0.5085 0.046511627906976744 0.057
0 0.44692423105776447 0.4825 0.052138034508627154 0.057
0 0.4923105776444111 0.4585 0.04463615903975994 0.059
0 0.48780945236309076 0.51575 0.04913728432108027 0.0655
0 0.5438859714928732 0.47425 0.04801200300075019 0.0605
0 0.5768942235558889 0.514 0.04951237809452363 0.065
0 0.5834583645911477 0.44 0.04988747186796699 0.061
0 0.5290697674418605 0.538 0.041635408852213056 0.06
0 0.4529257314328582 0.5555 0.047636909227306824 0.063
0 0.43698424606151537 0.61625 0.047261815453863466 0.0675
0 0.4782445611402851 0.6375 0.04576144036009002 0.066
0 0.5114403600900225 0.59925 0.046136534133533386 0.0675
0 0.545198799699925 0.63925 0.04538634658664666 0.0685
0 0.5667666916729183 0.578 0.046511627906976744 0.057
0 0.5881470367591898 0.62975 0.04576144036009002 0.0605
0 0.5617029257314329 0.67825 0.03938484621155289 0.0485
0 0.5902100525131283 0.71125 0.041635408852213056 0.0625
0 0.5496999249812453 0.75175 0.047636909227306824 0.0695
0 0.5153788447111778 0.683 0.05101275318829707 0.069
0 0.4932483120780195 0.7235 0.04576144036009002 0.066
0 0.4518004501125281 0.697 0.04838709677419355 0.066
0 0.42291822955738934 0.7155 0.025131282820705175 0.037
0 0.4465491372843211 0.73975 0.037134283570892726 0.0405
0 0.6667291822955739 0.233 0.046136534133533386 0.065
0 0.7123030757689423 0.26725 0.047261815453863466 0.0645
0 0.741185296324081 0.282 0.03675918979744936 0.056
0 0.7674418604651163 0.2775 0.037509377344336084 0.062
0 0.8259564891222806 0.27225 0.046511627906976744 0.0585
0 0.795198799699925 0.33875 0.042010502625656414 0.0585
0 0.7708177044261065 0.3555 0.051762940735183796 0.065
0 0.7704426106526632 0.39575 0.04051012753188297 0.0395
0 0.7516879219804952 0.425 0.05026256564141035 0.059
0 0.7899474868717179 0.4575 0.04276069017254314 0.066
0 0.822768192048012 0.416 0.04463615903975994 0.061
0 0.8593398349587397 0.3725 0.04951237809452363 0.06
0 0.8636534133533383 0.43175 0.04388597149287322 0.0435
0 0.8182670667666917 0.47475 0.037134283570892726 0.0605
0 0.8552138034508627 0.47475 0.04426106526631658 0.0595
0 0.8852213053263316 0.4905 0.03975993998499625 0.063
0 0.7109902475618904 0.32725 0.0536384096024006 0.0585
0 0.7196174043510878 0.37125 0.0536384096024006 0.0665
0 0.6616654163540885 0.29775 0.05401350337584396 0.0575
0 0.6342835708927231 0.3335 0.04576144036009002 0.064
0 0.6241560390097525 0.399 0.05026256564141035 0.063
0 0.6434733683420856 0.45125 0.05138784696174044 0.0645
0 0.6751687921980495 0.3825 0.05101275318829707 0.065
0 0.6160915228807202 0.48975 0.05138784696174044 0.0645
0 0.6265941485371342 0.553 0.052138034508627154 0.079
0 0.6339084771192798 0.59275 0.04951237809452363 0.0565
0 0.6663540885221305 0.51175 0.05288822205551388 0.0625
0 0.6839834958739685 0.57075 0.05138784696174044 0.0575
0 0.7014253563390848 0.46675 0.05401350337584396 0.0665
0 0.7123030757689423 0.526 0.05026256564141035 0.063
0 0.7484996249062266 0.5515 0.05138784696174044 0.064
0 0.7569392348087022 0.49675 0.047261815453863466 0.0665
0 0.7995123780945236 0.51575 0.04388597149287322 0.0595
0 0.804576144036009 0.585 0.04801200300075019 0.061
0 0.727119279819955 0.62 0.04913728432108027 0.064
0 0.7432483120780196 0.68025 0.050637659414853715 0.0595
0 0.6282820705176294 0.66625 0.05101275318829707 0.0695
0 0.6459114778694673 0.71775 0.05251312828207052 0.0615
0 0.6798574643660915 0.6535 0.055138784696174045 0.069
0 0.6948612153038259 0.7015 0.052138034508627154 0.058
0 0.7027381845461366 0.747 0.0536384096024006 0.057
0 0.7469992498124531 0.74225 0.047636909227306824 0.0625
0 0.8012003000750187 0.764 0.058514628657164294 0.071
0 0.8330832708177044 0.731 0.04951237809452363 0.056
0 0.7953863465866466 0.6885 0.04688672168042011 0.049
0 0.8060765191297824 0.64725 0.04951237809452363 0.0665
0 0.8291447861965492 0.61275 0.03563390847711928 0.0535
0 0.8270817704426107 0.5625 0.04051012753188297 0.063
0 0.8576519129782446 0.53375 0.04463615903975994 0.0605
0 0.8865341335333834 0.555 0.04388597149287322 0.061
0 0.8625281320330083 0.59425 0.04913728432108027 0.0575
0 0.876781695423856 0.65025 0.04538634658664666 0.0575
0 0.903788447111778 0.72825 0.05813953488372093 0.0635
0 0.9274193548387096 0.6735 0.04688672168042011 0.064
0 0.9152288072018004 0.61725 0.04801200300075019 0.0595