0 0.09058514628657165 0.4235 0.07314328582145536 0.098
0 0.12678169542385595 0.50175 0.08252063015753938 0.0955
0 0.11346586646661666 0.594 0.07614403600900226 0.099
0 0.159039759939985 0.6645 0.07501875468867217 0.108
0 0.22580645161290322 0.71 0.07501875468867217 0.099
0 0.19317329332333083 0.56975 0.07201800450112528 0.0995
0 0.25731432858214554 0.613 0.08102025506376594 0.105
0 0.31039009752438107 0.6665 0.07689422355588897 0.101
0 0.17479369842460615 0.41925 0.07726931732933233 0.0945
0 0.22449362340585147 0.47575 0.07689422355588897 0.0935
0 0.18023255813953487 0.318 0.0708927231807952 0.109
0 0.2432483120780195 0.38 0.07164291072768192 0.103
0 0.24399849962490622 0.27675 0.06864216054013503 0.0895
0 0.30438859714928734 0.32275 0.0708927231807952 0.0885
0 0.2591897974493623 0.18975 0.06676669167291822 0.0915
0 0.32051762940735185 0.232 0.07314328582145536 0.085
0 0.3064516129032258 0.421 0.07351837959489872 0.099
0 0.2921980495123781 0.52625 0.07201800450112528 0.1065
0 0.359714928732183 0.39525 0.07051762940735183 0.0945
0 0.35408852213053266 0.48075 0.07876969242310577 0.0855
0 0.3387096774193548 0.57775 0.08027006751687922 0.0995
0 0.4129782445611403 0.6345 0.07426856714178545 0.11
0 0.3690922730682671 0.73275 0.07576894223555888 0.1045
0 0.4405476369092273 0.73975 0.07164291072768192 0.1115
0 0.4467366841710428 0.54025 0.08027006751687922 0.0985
0 0.49268567141785446 0.6535 0.07764441110277569 0.101
0 0.527569392348087 0.74975 0.08064516129032258 0.1085
0 0.39572393098274566 0.22875 0.07201800450112528 0.0995
0 0.42366841710427605 0.32775 0.07464366091522881 0.0975
0 0.47280570142535633 0.3775 0.07989497374343586 0.094
0 0.47243060765191297 0.2345 0.0671417854463616 0.095
0 0.518754688672168 0.298 0.07426856714178545 0.099
0 0.5412603150787697 0.3925 0.06451612903225806 0.094
0 0.42516879219804954 0.44825 0.07314328582145536 0.0945
0 0.4998124531132783 0.47275 0.0708927231807952 0.0925
0 0.5268192048012003 0.55975 0.07989497374343586 0.0935
0 0.5776444111027756 0.49025 0.0795198799699925 0.1005
0 0.604463615903976 0.5775 0.07539384846211553 0.088
0 0.586271567891973 0.27075 0.0690172543135784 0.0925
0 0.6605401350337584 0.29925 0.06826706676669167 0.0965
0 0.6104651162790697 0.3555 0.07314328582145536 0.096
0 0.6327831957989497 0.42425 0.07426856714178545 0.1015
0 0.7003000750187547 0.3795 0.06451612903225806 0.097
0 0.7601275318829708 0.36075 0.0708927231807952 0.0975
0 0.6744186046511628 0.5065 0.08027006751687922 0.102
0 0.7458739684921231 0.50175 0.07014253563390847 0.1005
0 0.6779819954988747 0.60325 0.07014253563390847 0.1015
0 0.7424981245311327 0.6055 0.0671417854463616 0.111
0 0.6365341335333834 0.67925 0.07351837959489872 0.0985
0 0.5643285821455364 0.66375 0.06864216054013503 0.1135
0 0.6020255063765941 0.7665 0.07651912978244561 0.093
0 0.6847336834208552 0.80025 0.07389347336834208 0.1045
0 0.7507501875468867 0.804 0.07464366091522881 0.103
0 0.704801200300075 0.69925 0.07351837959489872 0.1075
0 0.8203300825206301 0.87825 0.07576894223555888 0.1095
0 0.8192048012003 0.7645 0.07051762940735183 0.094
0 0.7726931732933233 0.6985 0.06676669167291822 0.103
0 0.8068267066766691 0.56275 0.07126781695423856 0.0905
0 0.8360840210052514 0.668 0.07201800450112528 0.086
0 0.9041635408852213 0.73875 0.07389347336834208 0.1085
0 0.872093023255814 0.58125 0.07201800450112528 0.0965
0 0.804576144036009 0.42525 0.06451612903225806 0.0995
0 0.858589647411853 0.4895 0.07351837959489872 0.091
0 0.9120405101275318 0.46575 0.07389347336834208 0.1015
0 0.9420480120030007 0.567 0.07389347336834208 0.097
0 0.9429857464366092 0.67475 0.07051762940735183 0.1005