0 0.13259564891222805 0.53775 0.09939984996249063 0.1115
0 0.11721680420105027 0.6365 0.09114778694673668 0.121
0 0.18229557389347337 0.70525 0.08702175543885972 0.1345
0 0.2636909227306827 0.7575 0.09602400600150038 0.123
0 0.36834208552138037 0.7915 0.09152288072018004 0.113
0 0.4510502625656414 0.8425 0.0986496624156039 0.128
0 0.554013503375844 0.85975 0.09377344336084022 0.1165
0 0.23030757689422354 0.5015 0.09152288072018004 0.12
0 0.31882970742685673 0.50275 0.09602400600150038 0.1345
0 0.25468867216804203 0.60325 0.08927231807951988 0.1185
0 0.3493998499624906 0.63975 0.08889722430607652 0.1315
0 0.4071642910727682 0.557 0.09114778694673668 0.129
0 0.4281695423855964 0.682 0.10090022505626407 0.127
0 0.5249437359339835 0.71225 0.08889722430607652 0.1175
0 0.5112528132033008 0.59675 0.08927231807951988 0.1305
0 0.6209677419354839 0.7305 0.09939984996249063 0.125
0 0.6369092273068268 0.811 0.0967741935483871 0.098
0 0.7323705926481621 0.865 0.10165041260315079 0.123
0 0.8347711927981996 0.84075 0.10465116279069768 0.1105
0 0.9032258064516129 0.738 0.09902475618904726 0.123
0 0.7138034508627157 0.732 0.09527381845461365 0.114
0 0.8010127531882971 0.69175 0.10090022505626407 0.1285
0 0.6031507876969242 0.5805 0.10202550637659415 0.123
0 0.6914853713428357 0.62875 0.09939984996249063 0.1075
0 0.2586271567891973 0.37175 0.08589647411852963 0.1065
0 0.3094523630907727 0.2875 0.08177044261065267 0.123
0 0.38615903975994 0.25425 0.09339834958739685 0.1355
0 0.38634658664666166 0.13575 0.09452363090772693 0.1265
0 0.45836459114778694 0.18275 0.10352588147036759 0.1395
0 0.4604276069017254 0.315 0.08664666166541636 0.127
0 0.38465866466616655 0.38575 0.09114778694673668 0.1195
0 0.45142535633908476 0.44625 0.08964741185296324 0.1275
0 0.5371342835708928 0.3765 0.09527381845461365 0.124
0 0.6117779444861215 0.4645 0.09752438109527382 0.12
0 0.6967366841710427 0.4885 0.08589647411852963 0.131
0 0.7621905476369092 0.5615 0.08852213053263316 0.128
0 0.8604651162790697 0.59625 0.11252813203300825 0.1315
0 0.8360840210052514 0.47 0.0967741935483871 0.131
0 0.6680420105026257 0.359 0.09377344336084022 0.118
0 0.7548762190547637 0.36525 0.08139534883720931 0.1305
0 0.5391972993248312 0.2505 0.10465116279069768 0.13
0 0.5943360840210052 0.1445 0.08739684921230308 0.131
0 0.6699174793698425 0.07525 0.09752438109527382 0.1275
0 0.6633533383345837 0.23125 0.10465116279069768 0.1315
0 0.7646286571642911 0.20775 0.10390097524381095 0.1375