0 0.581020255063766 0.78275 0.07201800450112528 0.0775
0 0.5251312828207052 0.81775 0.06151537884471118 0.0825
0 0.4797449362340585 0.8385 0.060765191297824456 0.082
0 0.41766691672918227 0.83725 0.0603900975243811 0.0745
0 0.3754688672168042 0.8675 0.05701425356339085 0.069
0 0.3117029257314329 0.855 0.05701425356339085 0.066
0 0.2633158289572393 0.79975 0.05251312828207052 0.0725
0 0.2981995498874719 0.795 0.05776444111027757 0.079
0 0.36534133533383345 0.78975 0.0555138784696174 0.0725
0 0.4144786196549137 0.759 0.05401350337584396 0.077
0 0.4808702175543886 0.76925 0.05701425356339085 0.0695
0 0.5498874718679669 0.732 0.056264066016504126 0.071
0 0.5992123030757689 0.676 0.05888972243060765 0.076
0 0.536946736684171 0.64975 0.0603900975243811 0.0725
0 0.486496624156039 0.69425 0.0555138784696174 0.0755
0 0.42104276069017255 0.682 0.0603900975243811 0.071
0 0.35783945986496624 0.724 0.05701425356339085 0.077
0 0.2798199549887472 0.718 0.05476369092273068 0.075
0 0.23818454613653414 0.74625 0.05701425356339085 0.0735
0 0.18304576144036008 0.72375 0.05401350337584396 0.0775
0 0.19711177794448612 0.68925 0.06639159789947487 0.0785
0 0.1522880720180045 0.64575 0.056264066016504126 0.0695
0 0.14384846211552887 0.5715 0.059639909977494375 0.079
0 0.22561890472618154 0.59225 0.059639909977494375 0.0765
0 0.2890097524381095 0.62075 0.05588897224306077 0.0745
0 0.3394598649662416 0.647 0.06526631657914479 0.077
0 0.3992873218304576 0.6355 0.061890472618154536 0.081
0 0.46211552888222057 0.61825 0.06601650412603151 0.0765
0 0.5737059264816204 0.594 0.05738934733683421 0.074
0 0.6054013503375844 0.454 0.06301575393848462 0.081
0 0.5555138784696174 0.51125 0.06301575393848462 0.0805
0 0.4975618904726182 0.49375 0.06264066016504126 0.0765
0 0.5108777194298575 0.57275 0.06001500375093773 0.0795
0 0.43810952738184544 0.54475 0.0622655663915979 0.0815
0 0.3192048012003001 0.5735 0.07201800450112528 0.085
0 0.27250562640660164 0.53975 0.06264066016504126 0.0865
0 0.16522880720180044 0.4965 0.05888972243060765 0.079
0 0.19617404351087772 0.43175 0.05776444111027757 0.0835
0 0.26575393848462114 0.4575 0.05438859714928732 0.084
0 0.32239309827456863 0.4825 0.06339084771192798 0.088
0 0.39572393098274566 0.4835 0.06001500375093773 0.077
0 0.44804951237809454 0.447 0.061140285071267814 0.081
0 0.5375093773443361 0.44075 0.06301575393848462 0.0825
0 0.5697674418604651 0.36325 0.060765191297824456 0.0835
0 0.6033383345836459 0.29975 0.05813953488372093 0.0805
0 0.530570142535634 0.3005 0.06339084771192798 0.087
0 0.5877719429857464 0.21025 0.06001500375093773 0.0895
0 0.52231807951988 0.20125 0.05888972243060765 0.0885
0 0.46924231057764443 0.3025 0.0555138784696174 0.083
0 0.49456114028507125 0.37375 0.0641410352588147 0.0955
0 0.43023255813953487 0.37325 0.06151537884471118 0.0855
0 0.367966991747937 0.359 0.05776444111027757 0.084
0 0.30532633158289574 0.3935 0.06301575393848462 0.081
0 0.23930982745686422 0.36875 0.0622655663915979 0.0895
0 0.2702550637659415 0.31025 0.06564141035258815 0.0845
0 0.34171042760690173 0.27475 0.060765191297824456 0.0765
0 0.3975993998499625 0.27125 0.06151537884471118 0.0865
0 0.6941110277569392 0.17375 0.06339084771192798 0.0805
0 0.7629407351837959 0.1475 0.06601650412603151 0.091
0 0.8267066766691673 0.1835 0.06451612903225806 0.093
0 0.8803450862715679 0.24325 0.07351837959489872 0.0935
0 0.795198799699925 0.2605 0.06301575393848462 0.079
0 0.7393098274568642 0.2375 0.0690172543135784 0.092
0 0.6541635408852213 0.246 0.0622655663915979 0.09
0 0.6888597149287322 0.314 0.06789197299324831 0.094
0 0.7503750937734434 0.327 0.06639159789947487 0.093
0 0.8077644411102776 0.344 0.059639909977494375 0.092
0 0.8762190547636909 0.33425 0.06526631657914479 0.0915
0 0.8495873968492123 0.40775 0.06301575393848462 0.0885
0 0.7691297824456114 0.43 0.061890472618154536 0.092
0 0.7074268567141786 0.39 0.06151537884471118 0.085
0 0.6339084771192798 0.3725 0.05701425356339085 0.094
0 0.6757314328582146 0.47175 0.061140285071267814 0.0835
0 0.7372468117029257 0.4975 0.061140285071267814 0.086
0 0.804576144036009 0.488 0.0622655663915979 0.083
0 0.6219054763690923 0.52675 0.06151537884471118 0.0885
0 0.6802325581395349 0.547 0.05888972243060765 0.087
0 0.755251312828207 0.569 0.061140285071267814 0.075
0 0.6339084771192798 0.614 0.06301575393848462 0.08
0 0.6905476369092273 0.6325 0.06676669167291822 0.077