0 0.38484621155288823 0.05575 0.04576144036009002 0.0535
0 0.4341710427606902 0.0585 0.04538634658664666 0.066
0 0.4821830457614404 0.0585 0.050637659414853715 0.064
0 0.5210052513128282 0.044 0.04801200300075019 0.059
0 0.5106901725431358 0.09425 0.04988747186796699 0.0555
0 0.5487621905476369 0.0835 0.046511627906976744 0.061
0 0.5965866466616654 0.0985 0.04538634658664666 0.079
0 0.3640285071267817 0.1275 0.04538634658664666 0.05
0 0.4112903225806452 0.118 0.04913728432108027 0.059
0 0.4518004501125281 0.12 0.04463615903975994 0.057
0 0.48424606151537886 0.14875 0.047261815453863466 0.0655
0 0.37115528882220555 0.1625 0.047636909227306824 0.073
0 0.4163540885221305 0.19925 0.05026256564141035 0.0645
0 0.38840960240060013 0.23575 0.056639159789947484 0.0695
0 0.46136534133533386 0.19625 0.05101275318829707 0.0635
0 0.5256939234808702 0.18 0.047636909227306824 0.062
0 0.5772693173293323 0.1595 0.04801200300075019 0.057
0 0.6190922730682671 0.17375 0.04988747186796699 0.0645
0 0.6539759939984996 0.14825 0.04913728432108027 0.0595
0 0.5804576144036009 0.21675 0.047636909227306824 0.0625
0 0.5375093773443361 0.23925 0.04951237809452363 0.0595
0 0.4863090772693173 0.2465 0.04988747186796699 0.06
0 0.44298574643660915 0.251 0.05101275318829707 0.061
0 0.3803450862715679 0.297 0.05101275318829707 0.063
0 0.4212303075768942 0.29925 0.0450112528132033 0.0625
0 0.3707801950487622 0.35675 0.04463615903975994 0.0645
0 0.4253563390847712 0.34575 0.04801200300075019 0.0665
0 0.4703675918979745 0.332 0.047261815453863466 0.06
0 0.3531507876969242 0.40175 0.04913728432108027 0.0645
0 0.46811702925731435 0.393 0.051762940735183796 0.062
0 0.5076894223555889 0.367 0.050637659414853715 0.063
0 0.5617029257314329 0.3325 0.04838709677419355 0.064
0 0.5665791447861965 0.276 0.0536384096024006 0.065
0 0.6112153038259565 0.32225 0.047636909227306824 0.0725
0 0.37303075768942234 0.474 0.05588897224306077 0.058
0 0.41072768192048015 0.449 0.04951237809452363 0.066
0 0.45630157539384847 0.45675 0.05138784696174044 0.0655
0 0.5498874718679669 0.40275 0.046511627906976744 0.0695
0 0.5213803450862715 0.459 0.05251312828207052 0.064
0 0.5922730682670667 0.3795 0.04576144036009002 0.064
0 0.6757314328582146 0.207 0.04913728432108027 0.063
0 0.7207426856714179 0.19425 0.04838709677419355 0.0665
0 0.6532258064516129 0.2825 0.05138784696174044 0.068
0 0.7023630907726932 0.2855 0.04688672168042011 0.059
0 0.7413728432108027 0.278 0.047636909227306824 0.062
0 0.6839834958739685 0.32725 0.05288822205551388 0.0705
0 0.7286196549137285 0.33725 0.04688672168042011 0.0645
0 0.727119279819955 0.40575 0.05288822205551388 0.0675
0 0.6350337584396099 0.40125 0.04951237809452363 0.0715
0 0.681357839459865 0.418 0.050637659414853715 0.068
0 0.7743810952738185 0.43225 0.05738934733683421 0.0815
0 0.7235558889722431 0.46175 0.05701425356339085 0.0705
0 0.578019504876219 0.4375 0.05026256564141035 0.07
0 0.6196549137284321 0.4735 0.056264066016504126 0.073
0 0.6920480120030007 0.51925 0.05251312828207052 0.0645
0 0.7471867966991748 0.52175 0.05401350337584396 0.0715
0 0.8133908477119279 0.50775 0.055138784696174045 0.0725
0 0.41766691672918227 0.511 0.041635408852213056 0.067
0 0.36852963240810205 0.54125 0.05438859714928732 0.0565
0 0.445423855963991 0.54725 0.047636909227306824 0.0645
0 0.48030757689422354 0.50925 0.05288822205551388 0.0615
0 0.56807951987997 0.5015 0.04988747186796699 0.064
0 0.5253188297074268 0.531 0.052138034508627154 0.065
0 0.5958364591147787 0.5515 0.04913728432108027 0.068
0 0.6400975243810952 0.53925 0.0536384096024006 0.0705
0 0.736496624156039 0.5755 0.055138784696174045 0.07
0 0.6350337584396099 0.596 0.047261815453863466 0.067
0 0.4923105776444111 0.57175 0.05288822205551388 0.0705
0 0.37303075768942234 0.5965 0.04913728432108027 0.068
0 0.4221680420105026 0.604 0.04688672168042011 0.072
0 0.4611777944486122 0.61775 0.047636909227306824 0.0775
0 0.5157539384846211 0.6205 0.05251312828207052 0.07
0 0.5594523630907727 0.5855 0.05138784696174044 0.063
0 0.5903975993998499 0.62875 0.05476369092273068 0.0655
0 0.6903600900225056 0.6145 0.05288822205551388 0.068
0 0.7368717179294824 0.6425 0.0536384096024006 0.08
0 0.7740060015003751 0.61925 0.05438859714928732 0.0705
0 0.804576144036009 0.677 0.05326331582895724 0.068
0 0.7479369842460615 0.709 0.05251312828207052 0.068
0 0.6905476369092273 0.683 0.056264066016504126 0.074
0 0.6339084771192798 0.677 0.05101275318829707 0.068
0 0.5798949737434359 0.69225 0.0555138784696174 0.0655
0 0.3842835708927232 0.657 0.04838709677419355 0.07
0 0.43135783945986494 0.6655 0.04576144036009002 0.07
0 0.4896849212303076 0.6805 0.046136534133533386 0.067
0 0.536384096024006 0.695 0.046511627906976744 0.069
0 0.5791447861965492 0.6915 0.05701425356339085 0.067
0 0.3944111027756939 0.714 0.04988747186796699 0.068
0 0.45723930982745686 0.724 0.04351087771942986 0.066
0 0.503563390847712 0.74775 0.04688672168042011 0.0775
0 0.5720180045011253 0.75025 0.05476369092273068 0.0845
0 0.6147786946736684 0.73625 0.05776444111027757 0.0745
0 0.5337584396099024 0.801 0.05701425356339085 0.073
0 0.5645161290322581 0.84475 0.04126031507876969 0.0725
0 0.6117779444861215 0.81825 0.05026256564141035 0.0725
0 0.6052138034508627 0.88225 0.05738934733683421 0.0735
0 0.668979744936234 0.8615 0.052138034508627154 0.068
0 0.6650412603150788 0.79425 0.05476369092273068 0.0765
0 0.707801950487622 0.7515 0.05776444111027757 0.073
0 0.7496249062265566 0.78025 0.05138784696174044 0.0755