0 0.34171042760690173 0.14825 0.03075768942235559 0.0425
0 0.3327081770442611 0.194 0.0277569392348087 0.038
0 0.3377719429857464 0.2315 0.030382595648912228 0.039
0 0.36271567891972994 0.236 0.02700675168792198 0.04
0 0.3735933983495874 0.18175 0.028507126781695424 0.0385
0 0.4127906976744186 0.172 0.028882220555138786 0.04
0 0.40941485371342834 0.2095 0.03113278319579895 0.042
0 0.39328582145536384 0.2385 0.03188297074268567 0.038
0 0.40078769692423105 0.26775 0.028132033008252063 0.0345
0 0.43023255813953487 0.26625 0.024756189047261814 0.0335
0 0.4382970742685671 0.2885 0.028132033008252063 0.038
0 0.44954988747186797 0.2365 0.028882220555138786 0.037
0 0.4427981995498875 0.2 0.03113278319579895 0.037
0 0.46886721680420107 0.20125 0.0277569392348087 0.0485
0 0.47580645161290325 0.24225 0.030382595648912228 0.0415
0 0.505251312828207 0.25425 0.033008252063015754 0.0515
0 0.5298199549887472 0.27125 0.02288072018004501 0.0415
0 0.5560765191297824 0.254 0.028132033008252063 0.048
0 0.5523255813953488 0.29925 0.036384096024006 0.0395
0 0.4769317329332333 0.28375 0.03188297074268567 0.0405
0 0.5009377344336085 0.3205 0.030382595648912228 0.044
0 0.5247561890472618 0.32875 0.0277569392348087 0.0495
0 0.4602400600150037 0.3265 0.02700675168792198 0.046
0 0.43042010502625655 0.3225 0.029632408102025505 0.048
0 0.40416354088522133 0.30625 0.02663165791447862 0.0415
0 0.36365341335333834 0.2715 0.03113278319579895 0.038
0 0.3388972243060765 0.2715 0.02663165791447862 0.039
0 0.2959489872468117 0.2085 0.024006001500375095 0.042
0 0.2777569392348087 0.24075 0.02663165791447862 0.0455
0 0.3057014253563391 0.25225 0.033008252063015754 0.0435
0 0.26481620405101275 0.2725 0.03225806451612903 0.043
0 0.30701425356339085 0.29575 0.028882220555138786 0.0455
0 0.2663165791447862 0.3115 0.03150787696924231 0.039
0 0.24681170292573143 0.32075 0.0277569392348087 0.0335
0 0.2672543135783946 0.35825 0.03188297074268567 0.0455
0 0.2903225806451613 0.3805 0.029257314328582147 0.041
0 0.31357839459864967 0.37875 0.0277569392348087 0.0435
0 0.31282820705176295 0.34125 0.03075768942235559 0.0455
0 0.3469617404351088 0.324 0.03225806451612903 0.044
0 0.3743435858964741 0.31575 0.037509377344336084 0.0535
0 0.35015003750937734 0.357 0.03338334583645911 0.035
0 0.3799699924981245 0.3595 0.028507126781695424 0.04
0 0.4088522130532633 0.35075 0.029257314328582147 0.0385
0 0.2550637659414854 0.398 0.030007501875468866 0.038
0 0.25731432858214554 0.44375 0.03225806451612903 0.0425
0 0.2507501875468867 0.4625 0.025131282820705175 0.03
0 0.27419354838709675 0.483 0.0345086271567892 0.035
0 0.29632408102025504 0.428 0.0277569392348087 0.041
0 0.30888972243060764 0.46175 0.02663165791447862 0.0405
0 0.34902475618904727 0.40275 0.03488372093023256 0.0395
0 0.3764066016504126 0.39525 0.03188297074268567 0.0395
0 0.3327081770442611 0.434 0.03075768942235559 0.043
0 0.36365341335333834 0.44525 0.02663165791447862 0.0385
0 0.3809077269317329 0.47125 0.025131282820705175 0.0405
0 0.4069767441860465 0.39125 0.03075768942235559 0.0445
0 0.4163540885221305 0.42875 0.030007501875468866 0.0375
0 0.43435858964741186 0.37225 0.030007501875468866 0.0355
0 0.44711177794448614 0.403 0.03075768942235559 0.042
0 0.4643660915228807 0.36775 0.028507126781695424 0.0375
0 0.48030757689422354 0.40325 0.02738184546136534 0.0465
0 0.44486121530382594 0.4495 0.03075768942235559 0.039
0 0.41016504126031506 0.4735 0.02663165791447862 0.035
0 0.4356714178544636 0.484 0.03188297074268567 0.048
0 0.46211552888222057 0.47475 0.03075768942235559 0.0335
0 0.4696174043510878 0.44175 0.021005251312828207 0.0385
0 0.3353338334583646 0.4765 0.03075768942235559 0.04
0 0.31357839459864967 0.50625 0.03150787696924231 0.0435
0 0.27925731432858214 0.5275 0.034133533383345835 0.04
0 0.24212303075768943 0.49475 0.034133533383345835 0.0405
0 0.2483120780195049 0.5405 0.030007501875468866 0.038
0 0.28188297074268565 0.58075 0.03188297074268567 0.0405
0 0.2661290322580645 0.59025 0.02213053263315829 0.0395
0 0.2888222055513878 0.61675 0.030007501875468866 0.0375
0 0.2595648912228057 0.631 0.033008252063015754 0.041
0 0.2794448612153038 0.66925 0.03075768942235559 0.0435
0 0.30120030007501875 0.65425 0.0277569392348087 0.0405
0 0.32614403600900227 0.64525 0.030382595648912228 0.0405
0 0.3334583645911478 0.604 0.03075768942235559 0.039
0 0.31639159789947485 0.57175 0.02663165791447862 0.0465
0 0.34527381845461363 0.51475 0.032633158289572396 0.0325
0 0.3572768192048012 0.53725 0.03488372093023256 0.0445
0 0.3842835708927232 0.51225 0.028882220555138786 0.0395
0 0.4118529632408102 0.517 0.02700675168792198 0.035
0 0.4013503375843961 0.55125 0.0277569392348087 0.0415
0 0.43435858964741186 0.54625 0.0277569392348087 0.0435
0 0.4553638409602401 0.5155 0.03075768942235559 0.036
0 0.46136534133533386 0.55125 0.02700675168792198 0.0445
0 0.42779444861215304 0.583 0.032633158289572396 0.045
0 0.4484246061515379 0.59825 0.03338334583645911 0.0425
0 0.39741185296324083 0.60175 0.030382595648912228 0.0435
0 0.35933983495873967 0.57675 0.03150787696924231 0.0425
0 0.36852963240810205 0.61925 0.032633158289572396 0.0425
0 0.3850337584396099 0.64775 0.03563390847711928 0.0455
0 0.3085146286571643 0.69525 0.032633158289572396 0.0325
0 0.3353338334583646 0.69875 0.033008252063015754 0.0405
0 0.35783945986496624 0.66625 0.03225806451612903 0.0385
0 0.36946736684171044 0.69725 0.03075768942235559 0.0425
0 0.34621155288822203 0.73525 0.033008252063015754 0.0435
0 0.3235183795948987 0.7415 0.025881470367591898 0.042
0 0.3353338334583646 0.77225 0.033008252063015754 0.0415
0 0.36534133533383345 0.77125 0.03075768942235559 0.0385
0 0.3394598649662416 0.8175 0.030007501875468866 0.039
0 0.37115528882220555 0.807 0.029632408102025505 0.042
0 0.3968492123030758 0.8165 0.024756189047261814 0.041
0 0.3696549137284321 0.84875 0.032633158289572396 0.0325
0 0.3975993998499625 0.85975 0.03225806451612903 0.0415
0 0.42666916729182297 0.86825 0.02663165791447862 0.0375
0 0.4139159789947487 0.906 0.028132033008252063 0.04
0 0.4399849962490623 0.9065 0.02700675168792198 0.038
0 0.46680420105026255 0.904 0.03338334583645911 0.04
0 0.44711177794448614 0.85675 0.03075768942235559 0.0415
0 0.47768192048012004 0.85275 0.03188297074268567 0.0415
0 0.4221680420105026 0.8145 0.024381095273818456 0.045
0 0.4579894973743436 0.81775 0.030007501875468866 0.0325
0 0.3994748687171793 0.77225 0.03375843960990248 0.0415
0 0.42685671417854465 0.76275 0.028507126781695424 0.0435
0 0.4551762940735184 0.774 0.03338334583645911 0.036
0 0.45048762190547637 0.74175 0.03075768942235559 0.0425
0 0.3869092273068267 0.728 0.032633158289572396 0.045
0 0.40828957239309827 0.696 0.03113278319579895 0.042
0 0.43642160540135033 0.706 0.03113278319579895 0.04
0 0.42366841710427605 0.6655 0.032633158289572396 0.045
0 0.4189797449362341 0.625 0.03600900225056264 0.041
0 0.44804951237809454 0.6525 0.024381095273818456 0.047
0 0.463615903975994 0.6905 0.030007501875468866 0.049
0 0.47843210802700675 0.6575 0.03113278319579895 0.046
0 0.4703675918979745 0.61675 0.03075768942235559 0.0385
0 0.47749437359339836 0.58425 0.029257314328582147 0.0405
0 0.5048762190547637 0.60275 0.02700675168792198 0.0455
0 0.531695423855964 0.6105 0.028132033008252063 0.043
0 0.5148162040510128 0.657 0.030382595648912228 0.049
0 0.5418229557389347 0.64825 0.02738184546136534 0.0425
0 0.4975618904726182 0.555 0.03188297074268567 0.043
0 0.5007501875468867 0.70325 0.029257314328582147 0.0485
0 0.4904351087771943 0.7365 0.034133533383345835 0.032
0 0.4934358589647412 0.77725 0.028132033008252063 0.0435
0 0.48499624906226557 0.819 0.028507126781695424 0.036
0 0.5142535633908477 0.812 0.0277569392348087 0.037
0 0.5150037509377344 0.87175 0.030007501875468866 0.0355
0 0.518192048012003 0.9015 0.028132033008252063 0.037
0 0.5009377344336085 0.916 0.028882220555138786 0.041
0 0.5637659414853713 0.91275 0.030007501875468866 0.0355
0 0.5560765191297824 0.86275 0.03188297074268567 0.0405
0 0.5468867216804201 0.83875 0.03150787696924231 0.0415
0 0.5568267066766691 0.8045 0.030382595648912228 0.039
0 0.527006751687922 0.7755 0.03225806451612903 0.054
0 0.5508252063015754 0.76225 0.029632408102025505 0.0375
0 0.5333833458364591 0.7175 0.03150787696924231 0.042
0 0.555701425356339 0.69525 0.03113278319579895 0.0405
0 0.5678919729932483 0.73275 0.03075768942235559 0.0465
0 0.5935858964741185 0.737 0.028882220555138786 0.044
0 0.590960240060015 0.78225 0.029632408102025505 0.0465
0 0.6170292573143286 0.80275 0.023255813953488372 0.0455
0 0.6117779444861215 0.86675 0.03375843960990248 0.0475
0 0.5973368342085521 0.89675 0.030382595648912228 0.0485
0 0.641410352588147 0.87625 0.029257314328582147 0.0505
0 0.6687921980495124 0.85525 0.028507126781695424 0.0425
0 0.6464741185296324 0.8225 0.028882220555138786 0.043
0 0.6697299324831207 0.805 0.028882220555138786 0.037
0 0.6965491372843211 0.827 0.028507126781695424 0.035
0 0.6963615903975994 0.79325 0.028882220555138786 0.0425
0 0.7209302325581395 0.8025 0.025506376594148537 0.036
0 0.641972993248312 0.77375 0.02663165791447862 0.0465
0 0.6322205551387847 0.72675 0.02738184546136534 0.0405
0 0.6596024006001501 0.7475 0.030382595648912228 0.049
0 0.6884846211552889 0.73175 0.03113278319579895 0.0395
0 0.7199924981245311 0.7535 0.032633158289572396 0.047
0 0.7515003750937734 0.771 0.02738184546136534 0.05
0 0.7689422355588897 0.8035 0.03075768942235559 0.047
0 0.7867591897974494 0.77525 0.025881470367591898 0.0385
0 0.7839459864966242 0.746 0.03075768942235559 0.045
0 0.6627906976744186 0.70125 0.02700675168792198 0.0395
0 0.6074643660915229 0.6885 0.029632408102025505 0.041
0 0.5804576144036009 0.698 0.030382595648912228 0.039
0 0.5750187546886721 0.65775 0.02700675168792198 0.0435
0 0.6084021005251313 0.656 0.033008252063015754 0.035
0 0.6346586646661665 0.6415 0.033008252063015754 0.04
0 0.682483120780195 0.66125 0.037134283570892726 0.0385
0 0.6999249812453113 0.69425 0.028507126781695424 0.0425
0 0.7226181545386346 0.69375 0.025881470367591898 0.0285
0 0.7406226556639159 0.6715 0.036384096024006 0.044
0 0.758814703675919 0.64875 0.02175543885971493 0.0445
0 0.7768192048012003 0.6715 0.030007501875468866 0.049
0 0.7981995498874719 0.70275 0.035258814703675916 0.0425
0 0.8103900975243811 0.668 0.025881470367591898 0.039
0 0.8081395348837209 0.628 0.03113278319579895 0.042
0 0.8132033008252063 0.5915 0.03150787696924231 0.042
0 0.8338334583645911 0.55375 0.028507126781695424 0.0465
0 0.7743810952738185 0.56375 0.025881470367591898 0.0395
0 0.7725056264066017 0.6035 0.029632408102025505 0.044
0 0.7438109527381845 0.60475 0.033008252063015754 0.0405
0 0.690735183795949 0.623 0.02663165791447862 0.041
0 0.6774193548387096 0.59925 0.029257314328582147 0.0425
0 0.7102400600150037 0.5885 0.03113278319579895 0.045
0 0.6430982745686422 0.6045 0.03188297074268567 0.042
0 0.6170292573143286 0.5855 0.030007501875468866 0.035
0 0.589834958739685 0.62025 0.02738184546136534 0.0425
0 0.563953488372093 0.61825 0.032633158289572396 0.0355
0 0.5596399099774944 0.5765 0.029257314328582147 0.041
0 0.5872093023255814 0.57075 0.028882220555138786 0.0415
0 0.5438859714928732 0.538 0.03150787696924231 0.038
0 0.5832708177044261 0.5335 0.02700675168792198 0.041
0 0.6153413353338335 0.54825 0.036384096024006 0.0365
0 0.6498499624906227 0.557 0.03113278319579895 0.045
0 0.6888597149287322 0.5605 0.029632408102025505 0.041
0 0.5123780945236309 0.51625 0.03075768942235559 0.0445
0 0.5333833458364591 0.497 0.030007501875468866 0.038
0 0.5637659414853713 0.497 0.029257314328582147 0.041
0 0.5849587396849212 0.47225 0.030382595648912228 0.0385
0 0.6084021005251313 0.4975 0.03075768942235559 0.047
0 0.6252813203300825 0.5135 0.02700675168792198 0.039
0 0.6706676669167292 0.50325 0.03225806451612903 0.0435
0 0.6759189797449362 0.468 0.03075768942235559 0.038
0 0.6459114778694673 0.46325 0.03225806451612903 0.0375
0 0.6166541635408852 0.451 0.0345086271567892 0.039
0 0.5549512378094523 0.4595 0.032633158289572396 0.037
0 0.554013503375844 0.43125 0.0277569392348087 0.0325
0 0.518192048012003 0.4375 0.030382595648912228 0.044
0 0.4966241560390098 0.444 0.024756189047261814 0.037
0 0.5123780945236309 0.47125 0.030007501875468866 0.0445
0 0.49287321830457614 0.349 0.03150787696924231 0.045
0 0.5112528132033008 0.389 0.029257314328582147 0.046
0 0.5328207051762941 0.36275 0.03188297074268567 0.0365
0 0.5622655663915979 0.37975 0.029257314328582147 0.0385
0 0.5797074268567142 0.40425 0.030382595648912228 0.0375
0 0.6093398349587397 0.39 0.032633158289572396 0.044
0 0.6316579144786196 0.41475 0.0277569392348087 0.0375
0 0.5868342085521381 0.367 0.029632408102025505 0.032
0 0.5585146286571643 0.34625 0.0277569392348087 0.0355
0 0.5813953488372093 0.31 0.029257314328582147 0.035
0 0.6084021005251313 0.33575 0.03075768942235559 0.0345
0 0.6466616654163541 0.355 0.0277569392348087 0.045
0 0.6536009002250562 0.3155 0.02738184546136534 0.042
0 0.6250937734433608 0.28225 0.030382595648912228 0.0415
0 0.5935858964741185 0.2565 0.028882220555138786 0.043
0 0.5939609902475619 0.22975 0.034133533383345835 0.0325
0 0.6192798199549887 0.244 0.03225806451612903 0.042
0 0.6627906976744186 0.24675 0.03075768942235559 0.0385
0 0.6490997749437359 0.276 0.029632408102025505 0.039
0 0.6753563390847712 0.28 0.028882220555138786 0.038
0 0.7096774193548387 0.22625 0.03375843960990248 0.0405
0 0.6867966991747937 0.3575 0.0345086271567892 0.042
0 0.7171792948237059 0.3525 0.028507126781695424 0.046
0 0.707801950487622 0.39325 0.030007501875468866 0.0405
0 0.681357839459865 0.41825 0.030382595648912228 0.0425
0 0.7109902475618904 0.4275 0.029632408102025505 0.038
0 0.7374343585896475 0.445 0.03150787696924231 0.046
0 0.7203675918979745 0.473 0.029632408102025505 0.037
0 0.7156789197299325 0.4975 0.035258814703675916 0.042
0 0.7348087021755438 0.51475 0.03150787696924231 0.0465
0 0.7691297824456114 0.52125 0.028882220555138786 0.0445
0 0.7342460615153789 0.55425 0.03938484621155289 0.0395
0 0.804013503375844 0.50025 0.03113278319579895 0.0475
0 0.8282070517629407 0.48725 0.030007501875468866 0.0435
0 0.8088897224306076 0.44375 0.02663165791447862 0.0405
0 0.7740060015003751 0.46 0.029632408102025505 0.044
0 0.7873218304576144 0.406 0.03375843960990248 0.043
0 0.7501875468867217 0.377 0.02700675168792198 0.036
0 0.8053263315828957 0.40675 0.02250562640660165 0.0435
0 0.7828207051762941 0.37025 0.029257314328582147 0.0385
0 0.759939984996249 0.35175 0.03150787696924231 0.0365
0 0.8145161290322581 0.362 0.030382595648912228 0.044
0 0.8593398349587397 0.358 0.025506376594148537 0.048
0 0.7768192048012003 0.3075 0.033008252063015754 0.046
0 0.8062640660165041 0.28325 0.029632408102025505 0.0485
0 0.7379969992498124 0.26325 0.03338334583645911 0.0445
0 0.7545011252813203 0.27975 0.02738184546136534 0.0385
0 0.7439984996249063 0.30125 0.030382595648912228 0.0415