0 0.16785446361590398 0.448 0.019129782445611403 0.035
0 0.17873218304576144 0.46725 0.019879969992498126 0.0375
0 0.17179294823705926 0.48875 0.02250562640660165 0.0395
0 0.16166541635408851 0.52075 0.024006001500375095 0.0395
0 0.1571642910727682 0.56025 0.018754688672168042 0.0375
0 0.17123030757689423 0.5655 0.019879969992498126 0.039
0 0.18079519879969994 0.556 0.02175543885971493 0.035
0 0.18998499624906226 0.5465 0.017629407351837958 0.041
0 0.2049887471867967 0.54025 0.02138034508627157 0.0425
0 0.16710427606901726 0.612 0.02138034508627157 0.038
0 0.18267066766691673 0.60175 0.02175543885971493 0.0405
0 0.18454613653413354 0.6385 0.023255813953488372 0.037
0 0.20386346586646661 0.636 0.02213053263315829 0.04
0 0.23330832708177043 0.58375 0.02250562640660165 0.0415
0 0.2535633908477119 0.59775 0.023255813953488372 0.0395
0 0.2567516879219805 0.6315 0.02663165791447862 0.039
0 0.24887471867966993 0.647 0.02663165791447862 0.033
0 0.19954988747186797 0.5 0.01800450112528132 0.033
0 0.2166166541635409 0.5085 0.02288072018004501 0.038
0 0.21474118529632408 0.48025 0.023630907726931733 0.0315
0 0.20198799699924982 0.46425 0.028882220555138786 0.0385
0 0.18717179294823705 0.4255 0.02250562640660165 0.038
0 0.1991747936984246 0.3915 0.020255063765941484 0.038
0 0.21474118529632408 0.422 0.02213053263315829 0.035
0 0.21624156039009754 0.389 0.02213053263315829 0.041
0 0.2394973743435859 0.3605 0.02288072018004501 0.04
0 0.26106526631657917 0.35325 0.023255813953488372 0.0435
0 0.2933233308327082 0.35175 0.024006001500375095 0.0385
0 0.2768192048012003 0.3885 0.02625656414103526 0.039
0 0.26200300075018756 0.411 0.025131282820705175 0.042
0 0.2357464366091523 0.4605 0.025131282820705175 0.039
0 0.2479369842460615 0.479 0.02625656414103526 0.032
0 0.25431357839459867 0.4945 0.024756189047261814 0.034
0 0.26669167291822954 0.45725 0.024006001500375095 0.0405
0 0.2888222055513878 0.4245 0.02700675168792198 0.036
0 0.24062265566391597 0.534 0.02213053263315829 0.042
0 0.28319579894973745 0.646 0.023255813953488372 0.04
0 0.3058889722430608 0.643 0.023630907726931733 0.044
0 0.28244561140285074 0.60975 0.02700675168792198 0.0415
0 0.2704426106526632 0.57525 0.0277569392348087 0.0425
0 0.27250562640660164 0.53675 0.025881470367591898 0.0405
0 0.277006751687922 0.499 0.025131282820705175 0.043
0 0.29257314328582146 0.46775 0.02700675168792198 0.0445
0 0.31564141035258814 0.41725 0.023630907726931733 0.0425
0 0.3259564891222806 0.37175 0.023255813953488372 0.0435
0 0.3313953488372093 0.42525 0.025131282820705175 0.0425
0 0.35108777194298574 0.4405 0.02625656414103526 0.047
0 0.3480870217554389 0.38675 0.023255813953488372 0.0415
0 0.3582145536384096 0.3505 0.025506376594148537 0.037
0 0.37884471117779445 0.3615 0.02700675168792198 0.042
0 0.36721680420105024 0.3955 0.02625656414103526 0.041
0 0.3313953488372093 0.46775 0.02738184546136534 0.0425
0 0.32033008252063017 0.50775 0.02625656414103526 0.0365
0 0.30120030007501875 0.53225 0.024756189047261814 0.0435
0 0.3463990997749437 0.5175 0.028132033008252063 0.039
0 0.35765191297824456 0.48125 0.02738184546136534 0.0405
0 0.3158289572393098 0.56675 0.025506376594148537 0.0315
0 0.34733683420855216 0.54475 0.024756189047261814 0.0285
0 0.32801950487621906 0.5835 0.02738184546136534 0.044
0 0.33495873968492124 0.6215 0.028507126781695424 0.04
0 0.3548387096774194 0.65025 0.024756189047261814 0.0445
0 0.38465866466616655 0.659 0.02738184546136534 0.051
0 0.376781695423856 0.5525 0.030382595648912228 0.043
0 0.396099024756189 0.61825 0.024756189047261814 0.0465
0 0.4199174793698425 0.61975 0.028882220555138786 0.0465
0 0.4054763690922731 0.7115 0.0277569392348087 0.039
0 0.4234808702175544 0.6735 0.025506376594148537 0.046
0 0.4424231057764441 0.6605 0.028882220555138786 0.042
0 0.4199174793698425 0.74675 0.02738184546136534 0.0445
0 0.44373593398349587 0.73475 0.029257314328582147 0.0395
0 0.44486121530382594 0.7785 0.02700675168792198 0.042
0 0.47655663915978996 0.84275 0.029632408102025505 0.0485
0 0.48012003000750186 0.79625 0.03150787696924231 0.0435
0 0.5048762190547637 0.809 0.035258814703675916 0.043
0 0.5281320330082521 0.80225 0.033008252063015754 0.0445
0 0.4759939984996249 0.74975 0.0277569392348087 0.0495
0 0.5041260315078769 0.748 0.03150787696924231 0.044
0 0.5350712678169542 0.74575 0.03188297074268567 0.0425
0 0.5746436609152288 0.74825 0.03975993998499625 0.0485
0 0.5948987246811703 0.78375 0.035258814703675916 0.0445
0 0.6162790697674418 0.74075 0.03600900225056264 0.0475
0 0.46155288822205554 0.69675 0.028882220555138786 0.0395
0 0.4634283570892723 0.6705 0.02738184546136534 0.047
0 0.49531132783195797 0.707 0.03338334583645911 0.038
0 0.5652663165791448 0.7045 0.0277569392348087 0.037
0 0.5009377344336085 0.6615 0.030382595648912228 0.041
0 0.5390097524381096 0.674 0.03375843960990248 0.04
0 0.5705176294073518 0.674 0.0345086271567892 0.047
0 0.6052138034508627 0.68625 0.032633158289572396 0.0545
0 0.6340960240060015 0.66025 0.03488372093023256 0.0465
0 0.6442235558889723 0.7005 0.03488372093023256 0.041
0 0.6785446361590397 0.702 0.033008252063015754 0.052
0 0.45836459114778694 0.62825 0.03075768942235559 0.0455
0 0.49174793698424607 0.61775 0.03150787696924231 0.0475
0 0.5618904726181545 0.6275 0.0345086271567892 0.043
0 0.5905851462865717 0.63775 0.032633158289572396 0.0435
0 0.4097899474868717 0.57625 0.03188297074268567 0.0355
0 0.45236309077269315 0.5915 0.033008252063015754 0.039
0 0.41147786946736686 0.54075 0.0277569392348087 0.0375
0 0.4386721680420105 0.55525 0.028882220555138786 0.0425
0 0.4836834208552138 0.56725 0.028882220555138786 0.0455
0 0.3936609152288072 0.50725 0.025881470367591898 0.0405
0 0.40678919729932483 0.49225 0.030382595648912228 0.0445
0 0.39047261815453865 0.463 0.029257314328582147 0.045
0 0.3953488372093023 0.422 0.03075768942235559 0.041
0 0.3929107276819205 0.38925 0.029632408102025505 0.0375
0 0.4062265566391598 0.3465 0.03075768942235559 0.044
0 0.4289197299324831 0.3825 0.029632408102025505 0.043
0 0.4465491372843211 0.34725 0.028882220555138786 0.0425
0 0.42441860465116277 0.4215 0.02663165791447862 0.043
0 0.43285821455363843 0.46125 0.029257314328582147 0.0405
0 0.43810952738184544 0.5075 0.03225806451612903 0.043
0 0.45573893473368343 0.39475 0.028507126781695424 0.0455
0 0.45330082520630155 0.436 0.02663165791447862 0.045
0 0.4673668417104276 0.47375 0.0277569392348087 0.0465
0 0.4799324831207802 0.524 0.030382595648912228 0.048
0 0.46399099774943736 0.3375 0.02700675168792198 0.047
0 0.4816204051012753 0.37325 0.030007501875468866 0.0375
0 0.4773068267066767 0.42025 0.030382595648912228 0.0415
0 0.49849962490622657 0.40275 0.0345086271567892 0.0415
0 0.5037509377344336 0.44025 0.03375843960990248 0.0455
0 0.4966241560390098 0.48425 0.030007501875468866 0.0515
0 0.521755438859715 0.5105 0.03225806451612903 0.047
0 0.5444486121530383 0.52925 0.03338334583645911 0.0405
0 0.5288822205551388 0.57675 0.03075768942235559 0.0425
0 0.5549512378094523 0.57675 0.03113278319579895 0.0495
0 0.7049887471867967 0.64925 0.034133533383345835 0.0405
0 0.7884471117779445 0.665 0.03975993998499625 0.042
0 0.640285071267817 0.61025 0.037509377344336084 0.0465
0 0.608589647411853 0.59025 0.03563390847711928 0.0465
0 0.5750187546886721 0.527 0.035258814703675916 0.038
0 0.6219054763690923 0.54625 0.033008252063015754 0.0465
0 0.6545386346586647 0.573 0.0345086271567892 0.051
0 0.7004876219054764 0.559 0.04013503375843961 0.049
0 0.7203675918979745 0.593 0.043135783945986494 0.045
0 0.7530007501875469 0.57175 0.043135783945986494 0.0485
0 0.7931357839459865 0.553 0.041635408852213056 0.052
0 0.8357089272318079 0.56175 0.03825956489122281 0.0585
0 0.732933233308327 0.542 0.03975993998499625 0.044
0 0.7758814703675919 0.50725 0.038634658664666165 0.0465
0 0.8197674418604651 0.49025 0.043135783945986494 0.0525
0 0.6659789947486872 0.52175 0.03563390847711928 0.0425
0 0.7019879969992499 0.5025 0.03938484621155289 0.044
0 0.735933983495874 0.4835 0.03600900225056264 0.047
0 0.7659414853713429 0.44425 0.035258814703675916 0.0495
0 0.8145161290322581 0.419 0.04238559639909977 0.047
0 0.8357089272318079 0.3695 0.042010502625656414 0.054
0 0.4966241560390098 0.3215 0.03375843960990248 0.042
0 0.5112528132033008 0.353 0.033008252063015754 0.041
0 0.527006751687922 0.426 0.035258814703675916 0.043
0 0.535821455363841 0.46375 0.03338334583645911 0.0465
0 0.5607651912978244 0.493 0.0345086271567892 0.043
0 0.5455738934733684 0.3455 0.034133533383345835 0.042
0 0.5459489872468117 0.3865 0.03563390847711928 0.046
0 0.5609527381845462 0.43425 0.03488372093023256 0.0515
0 0.5759564891222806 0.311 0.03563390847711928 0.042
0 0.5765191297824456 0.36825 0.033008252063015754 0.0505
0 0.5937734433608403 0.412 0.03675918979744936 0.045
0 0.5967741935483871 0.45975 0.03900975243810953 0.0485
0 0.6172168042010503 0.501 0.034133533383345835 0.049
0 0.609152288072018 0.30025 0.03375843960990248 0.0425
0 0.6200300075018754 0.33675 0.03675918979744936 0.0505
0 0.6200300075018754 0.395 0.03675918979744936 0.045
0 0.6365341335333834 0.285 0.035258814703675916 0.054
0 0.6504126031507877 0.37675 0.03675918979744936 0.0505
0 0.6706676669167292 0.2775 0.03600900225056264 0.05
0 0.6299699924981246 0.439 0.037134283570892726 0.047
0 0.65847711927982 0.41575 0.03938484621155289 0.0405
0 0.6999249812453113 0.35125 0.04051012753188297 0.0455
0 0.7218679669917479 0.288 0.04013503375843961 0.05
0 0.7436234058514629 0.34825 0.04013503375843961 0.0485
0 0.6929857464366092 0.41075 0.034133533383345835 0.0515
0 0.673668417104276 0.45475 0.04051012753188297 0.0495
0 0.7222430607651913 0.44175 0.038634658664666165 0.0485
0 0.7449362340585146 0.398 0.03375843960990248 0.051
0 0.6475993998499625 0.48525 0.032633158289572396 0.0455