0 0.18623405851462865 0.26475 0.10315078769692423 0.1065
0 0.1235933983495874 0.36075 0.09489872468117029 0.1015
0 0.13109527381845462 0.5065 0.09114778694673668 0.111
0 0.20330082520630158 0.413 0.09152288072018004 0.114
0 0.2526256564141035 0.3435 0.09039759939984997 0.104
0 0.29013503375843963 0.24075 0.08814703675918979 0.1105
0 0.18323330832708176 0.5905 0.08589647411852963 0.093
0 0.24306076519129782 0.506 0.08177044261065267 0.103
0 0.2663165791447862 0.60025 0.07801950487621906 0.1015
0 0.33402100525131284 0.60375 0.08139534883720931 0.0975
0 0.32914478619654913 0.51625 0.08589647411852963 0.0975
0 0.3083270817704426 0.4225 0.08402100525131283 0.108
0 0.35408852213053266 0.3315 0.08327081770442611 0.107
0 0.3687171792948237 0.22875 0.08477119279819954 0.1035
0 0.4426106526631658 0.193 0.0795198799699925 0.104
0 0.5148162040510128 0.19325 0.06789197299324831 0.1185
0 0.5860840210052514 0.193 0.07764441110277569 0.108
0 0.4883720930232558 0.2865 0.08027006751687922 0.106
0 0.6207801950487621 0.264 0.06376594148537135 0.092
0 0.39047261815453865 0.42825 0.07576894223555888 0.0985
0 0.4561140285071268 0.3955 0.07576894223555888 0.101
0 0.5436984246061516 0.3355 0.07614403600900226 0.103
0 0.6099024756189048 0.35775 0.07201800450112528 0.0935
0 0.39891222805701426 0.55225 0.0708927231807952 0.1015
0 0.3929107276819205 0.6515 0.07689422355588897 0.097
0 0.4544261065266317 0.6865 0.06939234808702176 0.081
0 0.45348837209302323 0.60625 0.07051762940735183 0.0905
0 0.4606151537884471 0.50275 0.072768192048012 0.0965
0 0.5240060015003751 0.453 0.072768192048012 0.109
0 0.5037509377344336 0.55375 0.07351837959489872 0.0945
0 0.5240060015003751 0.623 0.072768192048012 0.083
0 0.5256939234808702 0.717 0.07314328582145536 0.092
0 0.5688297074268567 0.767 0.06489122280570142 0.084
0 0.6305326331582896 0.84175 0.06526631657914479 0.0905
0 0.6832333083270817 0.90075 0.06564141035258815 0.0895
0 0.7372468117029257 0.9055 0.0641410352588147 0.08
0 0.7745686421605401 0.8225 0.05401350337584396 0.077
0 0.7162415603900976 0.801 0.06789197299324831 0.075
0 0.671980495123781 0.77125 0.05588897224306077 0.0815
0 0.6249062265566392 0.75175 0.06526631657914479 0.0875
0 0.8077644411102776 0.75725 0.05813953488372093 0.0845
0 0.7590022505626407 0.73975 0.05813953488372093 0.0815
0 0.6764816204051013 0.69675 0.06264066016504126 0.0825
0 0.6235933983495874 0.65825 0.06939234808702176 0.0835
0 0.5759564891222806 0.53775 0.07164291072768192 0.0875
0 0.6339084771192798 0.57675 0.07051762940735183 0.0935
0 0.6783570892723181 0.604 0.07239309827456865 0.08
0 0.7213053263315828 0.6605 0.060765191297824456 0.077
0 0.8199549887471868 0.674 0.05476369092273068 0.078
0 0.7771942985746436 0.64575 0.06676669167291822 0.0855
0 0.7426856714178545 0.58825 0.06376594148537135 0.0895
0 0.8422730682670667 0.59175 0.061140285071267814 0.0845
0 0.6007126781695424 0.45275 0.0708927231807952 0.0935
0 0.6552888222055514 0.49175 0.072768192048012 0.0945
0 0.704801200300075 0.51925 0.056264066016504126 0.0975
0 0.7646286571642911 0.52225 0.06489122280570142 0.0835
0 0.8220180045011253 0.48975 0.05588897224306077 0.0845
0 0.7837584396099024 0.44425 0.061890472618154536 0.0895
0 0.727119279819955 0.43425 0.06339084771192798 0.0945
0 0.6776069017254314 0.401 0.06339084771192798 0.096
0 0.6826706676669168 0.31225 0.06376594148537135 0.0885
0 0.7518754688672168 0.3505 0.06789197299324831 0.091