0 0.08270817704426106 0.3835 0.07164291072768192 0.09
0 0.1849212303075769 0.356 0.07576894223555888 0.09
0 0.15153788447111777 0.45875 0.07126781695423856 0.0845
0 0.26669167291822954 0.34225 0.07501875468867217 0.0925
0 0.2231807951987997 0.4595 0.07876969242310577 0.086
0 0.1963615903975994 0.5115 0.07164291072768192 0.081
0 0.21567891972993247 0.574 0.07051762940735183 0.079
0 0.25150037509377343 0.64625 0.06564141035258815 0.0745
0 0.30307576894223553 0.673 0.07051762940735183 0.075
0 0.30701425356339085 0.6015 0.0708927231807952 0.076
0 0.2717554388597149 0.54475 0.0708927231807952 0.0765
0 0.3148912228057014 0.46225 0.07164291072768192 0.0865
0 0.33177044261065264 0.4045 0.08664666166541636 0.095
0 0.3809077269317329 0.4755 0.07539384846211553 0.09
0 0.3420855213803451 0.56125 0.07801950487621906 0.0655
0 0.3681545386346587 0.62075 0.06864216054013503 0.0795
0 0.36609152288072017 0.71575 0.06151537884471118 0.0625
0 0.4324831207801951 0.73775 0.058514628657164294 0.0625
0 0.41429107276819205 0.6875 0.07314328582145536 0.068
0 0.48330832708177046 0.79325 0.06789197299324831 0.0605
0 0.48330832708177046 0.7305 0.0671417854463616 0.07
0 0.4409227306826707 0.635 0.07389347336834208 0.07
0 0.41335333833458365 0.56875 0.072768192048012 0.0695
0 0.4240435108777194 0.34375 0.08439609902475619 0.0935
0 0.4427981995498875 0.45875 0.07989497374343586 0.0935
0 0.5033758439609902 0.335 0.08027006751687922 0.104
0 0.536946736684171 0.40725 0.07539384846211553 0.0905
0 0.5093773443360841 0.48425 0.07351837959489872 0.0755
0 0.48593398349587397 0.561 0.07689422355588897 0.082
0 0.5048762190547637 0.63075 0.072768192048012 0.0705
0 0.5324456114028507 0.69 0.06564141035258815 0.065
0 0.5373218304576144 0.747 0.06564141035258815 0.065
0 0.5465116279069767 0.80875 0.05776444111027757 0.0665
0 0.6031507876969242 0.7835 0.06151537884471118 0.073
0 0.6663540885221305 0.76825 0.061140285071267814 0.0695
0 0.6010877719429858 0.71575 0.06564141035258815 0.0685
0 0.7044261065266316 0.73275 0.06601650412603151 0.0605
0 0.6532258064516129 0.6845 0.06264066016504126 0.082
0 0.5877719429857464 0.64525 0.07501875468867217 0.0725
0 0.5662040510127532 0.586 0.07014253563390847 0.086
0 0.5845836459114778 0.49475 0.07014253563390847 0.0855
0 0.5860840210052514 0.299 0.08214553638409602 0.108
0 0.6190922730682671 0.39075 0.08964741185296324 0.0955
0 0.6626031507876969 0.288 0.07614403600900226 0.102
0 0.7434358589647412 0.2755 0.07801950487621906 0.099
0 0.7991372843210802 0.3115 0.07314328582145536 0.096
0 0.719429857464366 0.40025 0.07426856714178545 0.0985
0 0.6732933233308327 0.479 0.0795198799699925 0.09
0 0.7777569392348087 0.4075 0.07614403600900226 0.098
0 0.8848462115528882 0.427 0.07801950487621906 0.095
0 0.6318454613653414 0.558 0.07689422355588897 0.095
0 0.728244561140285 0.4815 0.07689422355588897 0.1
0 0.7897599399849963 0.536 0.07914478619654913 0.082
0 0.9161665416354089 0.5385 0.07014253563390847 0.094
0 0.7158664666166542 0.5865 0.07539384846211553 0.082
0 0.7143660915228808 0.6395 0.07989497374343586 0.081
0 0.7850712678169542 0.62375 0.08177044261065267 0.0815
0 0.8859714928732183 0.6055 0.08702175543885972 0.082
0 0.7751312828207052 0.7095 0.07239309827456865 0.073
0 0.7710052513128282 0.7795 0.0641410352588147 0.072
0 0.8192048012003 0.73225 0.06676669167291822 0.0715
0 0.8869092273068268 0.693 0.07614403600900226 0.068