0 0.13053263315828958 0.38 0.056264066016504126 0.081
0 0.10146286571642911 0.4365 0.061890472618154536 0.071
0 0.10652663165791448 0.50825 0.05326331582895724 0.0775
0 0.10202550637659415 0.57825 0.051762940735183796 0.0675
0 0.09564891222805702 0.6475 0.051762940735183796 0.071
0 0.13465866466616655 0.6875 0.04801200300075019 0.069
0 0.14909977494373594 0.58975 0.04088522130532633 0.0805
0 0.18435858964741186 0.59775 0.046136534133533386 0.0725
0 0.18248312078019505 0.65 0.056639159789947484 0.057
0 0.19017254313578394 0.709 0.047261815453863466 0.069
0 0.23537134283570893 0.7465 0.05438859714928732 0.069
0 0.2693173293323331 0.73075 0.05701425356339085 0.0735
0 0.23199549887471868 0.6805 0.055138784696174045 0.07
0 0.24568642160540136 0.618 0.05701425356339085 0.07
0 0.18342085521380344 0.51925 0.058514628657164294 0.0725
0 0.17929482370592648 0.434 0.05251312828207052 0.081
0 0.22768192048012004 0.46925 0.06601650412603151 0.0755
0 0.2394973743435859 0.545 0.05888972243060765 0.076
0 0.2921980495123781 0.5265 0.06676669167291822 0.072
0 0.29013503375843963 0.46225 0.056639159789947484 0.0795
0 0.25881470367591897 0.3895 0.056264066016504126 0.093
0 0.20517629407351837 0.374 0.060765191297824456 0.086
0 0.2768192048012003 0.295 0.056264066016504126 0.087
0 0.3158289572393098 0.36975 0.06001500375093773 0.0895
0 0.3555888972243061 0.42875 0.05776444111027757 0.0775
0 0.34621155288822203 0.50175 0.05701425356339085 0.0765
0 0.2950112528132033 0.6005 0.059639909977494375 0.071
0 0.2895723930982746 0.665 0.06001500375093773 0.065
0 0.3267066766691673 0.71725 0.04876219054763691 0.0735
0 0.3394598649662416 0.65575 0.05251312828207052 0.0715
0 0.3148912228057014 0.78275 0.05438859714928732 0.0515
0 0.4247936984246061 0.768 0.055138784696174045 0.061
0 0.3809077269317329 0.70575 0.050637659414853715 0.0675
0 0.43435858964741186 0.70425 0.06151537884471118 0.0685
0 0.39591147786946734 0.6345 0.05738934733683421 0.071
0 0.35202550637659413 0.57925 0.06339084771192798 0.0725
0 0.4139159789947487 0.5655 0.0603900975243811 0.069
0 0.44879969992498125 0.62325 0.05588897224306077 0.0765
0 0.48799699924981244 0.694 0.05326331582895724 0.077
0 0.5084396099024756 0.63125 0.059639909977494375 0.0865
0 0.5425731432858214 0.70725 0.05888972243060765 0.0745
0 0.5705176294073518 0.63675 0.05701425356339085 0.0685
0 0.6039009752438109 0.7005 0.05701425356339085 0.069
0 0.6339084771192798 0.64625 0.06151537884471118 0.0785
0 0.6596024006001501 0.70525 0.05588897224306077 0.0735
0 0.5947111777944486 0.57 0.05738934733683421 0.084
0 0.536946736684171 0.5545 0.05888972243060765 0.076
0 0.4773068267066767 0.5535 0.05888972243060765 0.074
0 0.4030382595648912 0.4915 0.05888972243060765 0.077
0 0.4551762940735184 0.47875 0.06339084771192798 0.0735
0 0.5260690172543135 0.47825 0.0641410352588147 0.0725
0 0.4763690922730683 0.39075 0.06751687921980495 0.0855
0 0.4157914478619655 0.41475 0.0641410352588147 0.0875
0 0.36927981995498876 0.342 0.0671417854463616 0.089
0 0.34264816204051013 0.26625 0.06789197299324831 0.0915
0 0.4367966991747937 0.2275 0.059639909977494375 0.084
0 0.4414853713428357 0.322 0.06151537884471118 0.093
0 0.49006001500375096 0.257 0.06789197299324831 0.095
0 0.5196924231057765 0.16775 0.07689422355588897 0.0805
0 0.4971867966991748 0.09825 0.055138784696174045 0.0795
0 0.6168417104276069 0.252 0.06864216054013503 0.093
0 0.5401350337584396 0.3095 0.06676669167291822 0.094
0 0.6012753188297074 0.34925 0.07126781695423856 0.1035
0 0.6376594148537135 0.4125 0.05776444111027757 0.088
0 0.5513878469617405 0.393 0.0622655663915979 0.083
0 0.6145911477869468 0.49 0.06789197299324831 0.082
0 0.741747936984246 0.12375 0.07614403600900226 0.0965
0 0.7001125281320331 0.2365 0.08139534883720931 0.102
0 0.7653788447111778 0.26375 0.06339084771192798 0.1085
0 0.8115153788447111 0.328 0.07764441110277569 0.1
0 0.8387096774193549 0.398 0.06526631657914479 0.1
0 0.6753563390847712 0.32625 0.0603900975243811 0.0915
0 0.7327456864216054 0.359 0.07614403600900226 0.087
0 0.699549887471868 0.44325 0.06676669167291822 0.0965
0 0.768192048012003 0.4385 0.06676669167291822 0.094
0 0.7826331582895724 0.51725 0.06489122280570142 0.0885
0 0.8493998499624906 0.48075 0.06864216054013503 0.0795
0 0.9066016504126031 0.5355 0.06151537884471118 0.088
0 0.8432108027006752 0.57225 0.06676669167291822 0.0825
0 0.7061140285071268 0.53175 0.06264066016504126 0.0885
0 0.7428732183045762 0.59075 0.07239309827456865 0.0735
0 0.6564141035258815 0.5855 0.060765191297824456 0.077
0 0.6993623405851462 0.63925 0.061140285071267814 0.0735
0 0.7638784696174044 0.65975 0.06789197299324831 0.0785
0 0.7760690172543135 0.712 0.056264066016504126 0.058
0 0.7205551387846961 0.701 0.06451612903225806 0.07
0 0.8259564891222806 0.64325 0.06676669167291822 0.0725
0 0.840960240060015 0.70175 0.06601650412603151 0.0665
0 0.913728432108027 0.6965 0.06301575393848462 0.077
0 0.913728432108027 0.62275 0.06676669167291822 0.0725
0 0.9214178544636159 0.42575 0.06789197299324831 0.0735
0 0.9321080270067517 0.35175 0.06751687921980495 0.0865
0 0.9009752438109527 0.2815 0.0690172543135784 0.089