0 0.09039759939984997 0.2675 0.03375843960990248 0.06
0 0.05738934733683421 0.3315 0.03825956489122281 0.058
0 0.061890472618154536 0.386 0.03600900225056264 0.053
0 0.07970742685671418 0.4045 0.034133533383345835 0.063
0 0.051762940735183796 0.43475 0.037509377344336084 0.0505
0 0.07033008252063015 0.462 0.03788447111777944 0.056
0 0.050450112528132036 0.5075 0.036384096024006 0.055
0 0.14591147786946737 0.24125 0.04426106526631658 0.0655
0 0.12003000750187547 0.3115 0.04051012753188297 0.059
0 0.15003750937734434 0.36375 0.03675918979744936 0.0615
0 0.12396849212303075 0.4175 0.04238559639909977 0.06
0 0.12903225806451613 0.451 0.035258814703675916 0.043
0 0.11834208552138034 0.50325 0.03113278319579895 0.0535
0 0.1005251312828207 0.54175 0.029257314328582147 0.0475
0 0.11984246061515379 0.559 0.034133533383345835 0.05
0 0.12190547636909227 0.634 0.03675918979744936 0.061
0 0.20273818454613654 0.2105 0.043135783945986494 0.065
0 0.18529632408102026 0.29675 0.0345086271567892 0.0625
0 0.20086271567891972 0.341 0.03788447111777944 0.056
0 0.19673668417104276 0.4015 0.03788447111777944 0.061
0 0.15941485371342837 0.451 0.03675918979744936 0.064
0 0.15528882220555137 0.493 0.04051012753188297 0.044
0 0.17460615153788447 0.51425 0.038634658664666165 0.0575
0 0.15960240060015005 0.543 0.036384096024006 0.05
0 0.18848462115528883 0.589 0.03338334583645911 0.054
0 0.2124906226556639 0.63825 0.037134283570892726 0.0545
0 0.24962490622655664 0.64975 0.04463615903975994 0.0635
0 0.2950112528132033 0.69075 0.038634658664666165 0.0565
0 0.3141410352588147 0.73825 0.041635408852213056 0.0675
0 0.35352588147036756 0.68725 0.04838709677419355 0.0595
0 0.32558139534883723 0.635 0.04051012753188297 0.066
0 0.2788822205551388 0.60675 0.04463615903975994 0.0555
0 0.2518754688672168 0.57825 0.043135783945986494 0.0435
0 0.20161290322580644 0.54625 0.038634658664666165 0.0625
0 0.2970742685671418 0.574 0.04276069017254314 0.041
0 0.29163540885221306 0.538 0.04463615903975994 0.076
0 0.2548762190547637 0.53775 0.04013503375843961 0.0605
0 0.2385596399099775 0.49675 0.04126031507876969 0.0515
0 0.1972993248312078 0.45625 0.035258814703675916 0.0745
0 0.22918229557389347 0.45375 0.03900975243810953 0.0645
0 0.227119279819955 0.37925 0.03488372093023256 0.0665
0 0.28994748687171795 0.482 0.04276069017254314 0.056
0 0.29932483120780196 0.43025 0.042010502625656414 0.0635
0 0.2747561890472618 0.392 0.04013503375843961 0.066
0 0.26462865716429107 0.32375 0.04088522130532633 0.0635
0 0.22636909227306826 0.2765 0.032633158289572396 0.059
0 0.2533758439609902 0.27575 0.04013503375843961 0.0655
0 0.277006751687922 0.23325 0.041635408852213056 0.0585
0 0.263503375843961 0.12175 0.036384096024006 0.0715
0 0.29688672168042013 0.17325 0.04388597149287322 0.0655
0 0.3390847711927982 0.126 0.04276069017254314 0.06
0 0.34658664666166544 0.1765 0.04126031507876969 0.07
0 0.32051762940735185 0.248 0.04688672168042011 0.057
0 0.3057014253563391 0.30475 0.0450112528132033 0.0685
0 0.3244561140285071 0.365 0.042010502625656414 0.066
0 0.4011627906976744 0.1285 0.04688672168042011 0.065
0 0.38653413353338334 0.18525 0.04913728432108027 0.0715
0 0.37809452363090773 0.24275 0.0450112528132033 0.0685
0 0.3546511627906977 0.33 0.04088522130532633 0.069
0 0.39234808702175544 0.303 0.04576144036009002 0.064
0 0.4214178544636159 0.257 0.04013503375843961 0.078
0 0.436046511627907 0.1555 0.04688672168042011 0.073
0 0.48349587396849214 0.16775 0.04876219054763691 0.0675
0 0.4714928732183046 0.229 0.05101275318829707 0.064
0 0.38447111777944487 0.3875 0.04276069017254314 0.063
0 0.35596399099774945 0.4355 0.03675918979744936 0.066
0 0.37115528882220555 0.49225 0.04463615903975994 0.0605
0 0.4006001500375094 0.4355 0.0450112528132033 0.066
0 0.3745311327831958 0.56025 0.04463615903975994 0.0615
0 0.35783945986496624 0.601 0.042010502625656414 0.052
0 0.399662415603901 0.628 0.041635408852213056 0.057
0 0.4221680420105026 0.67575 0.04388597149287322 0.0595
0 0.3878469617404351 0.718 0.037509377344336084 0.058
0 0.41429107276819205 0.7585 0.043135783945986494 0.061
0 0.4611777944486122 0.782 0.04463615903975994 0.058
0 0.5476369092273068 0.799 0.046511627906976744 0.062
0 0.5937734433608403 0.77025 0.05101275318829707 0.0635
0 0.6136534133533383 0.729 0.046511627906976744 0.064
0 0.6393473368342085 0.6965 0.0536384096024006 0.069
0 0.5073143285821455 0.7585 0.04463615903975994 0.061
0 0.5573893473368342 0.73125 0.04951237809452363 0.0635
0 0.4587396849212303 0.70825 0.04351087771942986 0.0535
0 0.5030007501875469 0.68925 0.046511627906976744 0.0575
0 0.45742685671417854 0.656 0.04463615903975994 0.057
0 0.49962490622655664 0.642 0.04576144036009002 0.068
0 0.5553263315828957 0.6585 0.047636909227306824 0.064
0 0.595086271567892 0.66975 0.047636909227306824 0.0705
0 0.6299699924981246 0.61825 0.052138034508627154 0.0735
0 0.5812078019504876 0.60725 0.052138034508627154 0.0685
0 0.5337584396099024 0.5915 0.04051012753188297 0.068
0 0.4788072018004501 0.5635 0.04913728432108027 0.072
0 0.42291822955738934 0.58525 0.04838709677419355 0.0605
0 0.623218304576144 0.545 0.05588897224306077 0.065
0 0.5693923480870218 0.53825 0.046511627906976744 0.0625
0 0.5225056264066017 0.52975 0.046511627906976744 0.0615
0 0.40735183795948987 0.526 0.04426106526631658 0.063
0 0.4519879969992498 0.50125 0.047261815453863466 0.0655
0 0.49699924981245314 0.47725 0.0450112528132033 0.0605
0 0.5478244561140285 0.48625 0.04988747186796699 0.0665
0 0.46211552888222057 0.44025 0.04426106526631658 0.0655
0 0.6054013503375844 0.482 0.04951237809452363 0.068
0 0.6464741185296324 0.46575 0.05738934733683421 0.0685
0 0.5016879219804952 0.4205 0.04538634658664666 0.068
0 0.5534508627156789 0.39 0.04688672168042011 0.077
0 0.6012753188297074 0.418 0.0555138784696174 0.068
0 0.423105776444111 0.37075 0.04351087771942986 0.0595
0 0.46680420105026255 0.373 0.04688672168042011 0.068
0 0.5054388597149287 0.348 0.046136534133533386 0.067
0 0.4737434358589647 0.31525 0.0450112528132033 0.0645
0 0.5200675168792198 0.274 0.04838709677419355 0.069
0 0.5286946736684172 0.211 0.04913728432108027 0.063
0 0.5738934733683421 0.25425 0.05476369092273068 0.0645
0 0.5579519879969993 0.31475 0.0536384096024006 0.0685
0 0.627344336084021 0.2735 0.05738934733683421 0.077
0 0.6089647411852963 0.33325 0.05738934733683421 0.0745
0 0.6614778694673669 0.3725 0.059639909977494375 0.07
0 0.6866091522880721 0.3235 0.05813953488372093 0.071