0 0.48518379594898725 0.929 0.04388597149287322 0.048
0 0.5318829707426856 0.931 0.04351087771942986 0.07
0 0.5849587396849212 0.9195 0.04688672168042011 0.058
0 0.48893473368342083 0.876 0.04463615903975994 0.065
0 0.5371342835708928 0.86325 0.046511627906976744 0.0495
0 0.5858964741185296 0.8695 0.046511627906976744 0.055
0 0.6250937734433608 0.8315 0.04988747186796699 0.057
0 0.5755813953488372 0.82375 0.0536384096024006 0.0545
0 0.5253188297074268 0.81525 0.052138034508627154 0.0555
0 0.5069392348087022 0.779 0.05288822205551388 0.077
0 0.4619279819954989 0.82525 0.050637659414853715 0.0695
0 0.4064141035258815 0.81725 0.052138034508627154 0.0645
0 0.4435483870967742 0.761 0.05438859714928732 0.067
0 0.3437734433608402 0.80225 0.061890472618154536 0.0715
0 0.2730682670667667 0.75125 0.05776444111027757 0.0715
0 0.23255813953488372 0.80775 0.0622655663915979 0.0695
0 0.21717929482370593 0.7345 0.06001500375093773 0.082
0 0.3336459114778695 0.72375 0.06489122280570142 0.0675
0 0.3899099774943736 0.7505 0.055138784696174045 0.059
0 0.15772693173293323 0.6935 0.05888972243060765 0.074
0 0.23668417104276068 0.6555 0.06151537884471118 0.079
0 0.2970742685671418 0.67175 0.0690172543135784 0.0715
0 0.37040510127531884 0.68275 0.056639159789947484 0.0835
0 0.42460615153788445 0.7075 0.060765191297824456 0.063
0 0.48893473368342083 0.71625 0.0603900975243811 0.0735
0 0.5453863465866466 0.722 0.0450112528132033 0.07
0 0.6082145536384096 0.73675 0.04913728432108027 0.0665
0 0.6177794448612153 0.777 0.05326331582895724 0.05
0 0.6639159789947486 0.73625 0.05251312828207052 0.0625
0 0.6597899474868717 0.667 0.0555138784696174 0.055
0 0.5857089272318079 0.676 0.04913728432108027 0.071
0 0.5283195798949737 0.66475 0.055138784696174045 0.0655
0 0.12040510127531882 0.61525 0.06526631657914479 0.0715
0 0.18042010502625658 0.61125 0.07051762940735183 0.0805
0 0.24606151537884471 0.568 0.06976744186046512 0.066
0 0.2972618154538635 0.601 0.0641410352588147 0.071
0 0.36027756939234806 0.60775 0.061890472618154536 0.0725
0 0.4186046511627907 0.642 0.06526631657914479 0.075
0 0.48424606151537886 0.62825 0.05926481620405101 0.0755
0 0.5585146286571643 0.60875 0.05251312828207052 0.0755
0 0.6112153038259565 0.61025 0.04838709677419355 0.0665
0 0.6569767441860465 0.55775 0.052138034508627154 0.0675
0 0.6125281320330083 0.549 0.05701425356339085 0.069
0 0.555701425356339 0.52725 0.056639159789947484 0.0795
0 0.509939984996249 0.5685 0.05738934733683421 0.075
0 0.45142535633908476 0.58375 0.059639909977494375 0.0735
0 0.49362340585146286 0.4995 0.05776444111027757 0.077
0 0.4332333083270818 0.50225 0.06376594148537135 0.0905
0 0.3842835708927232 0.53975 0.05438859714928732 0.0795
0 0.32633158289572395 0.543 0.06826706676669167 0.079
0 0.24887471867966993 0.5035 0.06864216054013503 0.082
0 0.19448612153038258 0.52725 0.06639159789947487 0.0845
0 0.12153038259564891 0.54125 0.0690172543135784 0.0805
0 0.14028507126781695 0.4465 0.0622655663915979 0.073
0 0.19786196549137283 0.444 0.06939234808702176 0.089
0 0.2882595648912228 0.426 0.06639159789947487 0.085
0 0.4069767441860465 0.43075 0.06676669167291822 0.0845
0 0.4857464366091523 0.43225 0.0622655663915979 0.0815
0 0.5506376594148538 0.45225 0.05776444111027757 0.0795
0 0.6110277569392348 0.48675 0.06001500375093773 0.0775
0 0.6667291822955739 0.48075 0.05138784696174044 0.0785
0 0.673668417104276 0.3955 0.05476369092273068 0.083
0 0.6061515378844711 0.41 0.06001500375093773 0.08
0 0.668417104276069 0.31475 0.0622655663915979 0.0845
0 0.5977119279819955 0.33025 0.06639159789947487 0.0815
0 0.5350712678169542 0.3745 0.061140285071267814 0.093
0 0.48893473368342083 0.3435 0.07014253563390847 0.086
0 0.4148537134283571 0.34075 0.07576894223555888 0.0955
0 0.34902475618904727 0.37725 0.0708927231807952 0.0865
0 0.22786946736684172 0.375 0.07689422355588897 0.092
0 0.16072768192048012 0.375 0.07314328582145536 0.088
0 0.22580645161290322 0.27125 0.07576894223555888 0.1045
0 0.2854463615903976 0.331 0.06976744186046512 0.096
0 0.36159039759939987 0.2965 0.07501875468867217 0.092
0 0.4298574643660915 0.1995 0.07051762940735183 0.101
0 0.4684921230307577 0.254 0.06451612903225806 0.087
0 0.531695423855964 0.291 0.05438859714928732 0.089
0 0.5324456114028507 0.198 0.06789197299324831 0.098
0 0.617966991747937 0.2245 0.06789197299324831 0.099
0 0.5339459864966242 0.1 0.06264066016504126 0.104
0 0.6472243060765192 0.16325 0.0671417854463616 0.0955
0 0.6858589647411854 0.228 0.061140285071267814 0.102
0 0.7565641410352588 0.269 0.06151537884471118 0.095
0 0.805701425356339 0.262 0.05926481620405101 0.093
0 0.8283945986496624 0.322 0.05738934733683421 0.085
0 0.7293698424606152 0.34425 0.05813953488372093 0.0865
0 0.7762565641410353 0.38125 0.04988747186796699 0.0715
0 0.8477119279819955 0.396 0.056264066016504126 0.075
0 0.7273068267066767 0.422 0.05776444111027757 0.079
0 0.7830082520630157 0.4395 0.052138034508627154 0.073
0 0.8325206301575394 0.46225 0.04838709677419355 0.0755
0 0.7327456864216054 0.48175 0.059639909977494375 0.0655
0 0.7691297824456114 0.5065 0.05288822205551388 0.078
0 0.7132408102025506 0.537 0.05738934733683421 0.063
0 0.7046136534133534 0.617 0.05288822205551388 0.063
0 0.7085521380345087 0.6875 0.04801200300075019 0.066
0 0.7070517629407351 0.738 0.04276069017254314 0.065