0 0.10971492873218304 0.55725 0.0641410352588147 0.0685
0 0.15678919729932483 0.59925 0.0622655663915979 0.0605
0 0.19129782445611404 0.5575 0.056264066016504126 0.081
0 0.1592273068267067 0.4815 0.0603900975243811 0.081
0 0.21342835708927232 0.44175 0.06601650412603151 0.0785
0 0.2550637659414854 0.4945 0.06676669167291822 0.084
0 0.2903225806451613 0.434 0.06001500375093773 0.08
0 0.26312828207051764 0.36825 0.05738934733683421 0.0845
0 0.3158289572393098 0.3655 0.058514628657164294 0.088
0 0.3531507876969242 0.43775 0.05813953488372093 0.0805
0 0.3390847711927982 0.2805 0.06301575393848462 0.091
0 0.40472618154538637 0.3 0.0690172543135784 0.088
0 0.38803450862715677 0.38325 0.061890472618154536 0.0855
0 0.45048762190547637 0.39275 0.06526631657914479 0.0685
0 0.41766691672918227 0.4805 0.055138784696174045 0.075
0 0.3220180045011253 0.51175 0.05738934733683421 0.0715
0 0.29276069017254314 0.5635 0.0536384096024006 0.077
0 0.22243060765191297 0.6155 0.04951237809452363 0.07
0 0.25618904726181546 0.67 0.056264066016504126 0.068
0 0.30701425356339085 0.643 0.05438859714928732 0.073
0 0.3614028507126782 0.65425 0.05813953488372093 0.0625
0 0.41616654163540884 0.67725 0.05888972243060765 0.0715
0 0.44692423105776447 0.7525 0.0603900975243811 0.059
0 0.472993248312078 0.70225 0.0555138784696174 0.0625
0 0.5127531882970743 0.72775 0.05326331582895724 0.0675
0 0.5345086271567892 0.65575 0.05326331582895724 0.0685
0 0.48124531132783194 0.56075 0.0622655663915979 0.0745
0 0.4943735933983496 0.6075 0.051762940735183796 0.059
0 0.41935483870967744 0.599 0.05776444111027757 0.074
0 0.37509377344336087 0.5525 0.05326331582895724 0.075
0 0.4737434358589647 0.486 0.056264066016504126 0.071
0 0.5189422355588897 0.437 0.059639909977494375 0.071
0 0.5354463615903976 0.509 0.0603900975243811 0.074
0 0.4998124531132783 0.33225 0.05438859714928732 0.0745
0 0.4720555138784696 0.27775 0.0603900975243811 0.0835
0 0.49474868717179293 0.19075 0.06376594148537135 0.0975
0 0.5647036759189797 0.1915 0.0671417854463616 0.091
0 0.5746436609152288 0.275 0.06751687921980495 0.078
0 0.5772693173293323 0.37025 0.0622655663915979 0.0965
0 0.5791447861965492 0.44875 0.0555138784696174 0.0725
0 0.5907726931732933 0.50575 0.0622655663915979 0.0715
0 0.5682670667666917 0.58575 0.05251312828207052 0.0755
0 0.6230307576894224 0.577 0.05251312828207052 0.08
0 0.5851462865716429 0.6345 0.05701425356339085 0.074
0 0.6164666166541636 0.6865 0.0603900975243811 0.056
0 0.6599774943735934 0.65125 0.06264066016504126 0.0755
0 0.7076144036009002 0.6085 0.05588897224306077 0.083
0 0.7126781695423856 0.66775 0.0555138784696174 0.0765
0 0.7554388597149287 0.7235 0.06601650412603151 0.069
0 0.8053263315828957 0.681 0.06001500375093773 0.072
0 0.758814703675919 0.568 0.05476369092273068 0.086
0 0.7968867216804201 0.596 0.059639909977494375 0.08
0 0.8484621155288822 0.62875 0.05776444111027757 0.0795
0 0.8790322580645161 0.6735 0.055138784696174045 0.075
0 0.6680420105026257 0.6935 0.05251312828207052 0.058
0 0.7091147786946737 0.52275 0.05438859714928732 0.0795
0 0.6839834958739685 0.45025 0.06339084771192798 0.0765
0 0.7614403600900225 0.4675 0.06301575393848462 0.077
0 0.8244561140285072 0.53975 0.06601650412603151 0.0855
0 0.8124531132783196 0.45225 0.0555138784696174 0.0725
0 0.8657164291072769 0.465 0.0555138784696174 0.063
0 0.8728432108027007 0.4105 0.0622655663915979 0.08
0 0.79576144036009 0.3835 0.06939234808702176 0.089
0 0.7342460615153789 0.40175 0.061140285071267814 0.0745
0 0.6425356339084771 0.39725 0.06301575393848462 0.0765
0 0.6260315078769693 0.315 0.06001500375093773 0.077
0 0.6920480120030007 0.346 0.06151537884471118 0.075
0 0.735933983495874 0.3085 0.05101275318829707 0.083
0 0.6804201050262566 0.25575 0.072768192048012 0.0915
0 0.6310952738184546 0.203 0.0641410352588147 0.09
0 0.609152288072018 0.11675 0.06751687921980495 0.0865
0 0.6896099024756189 0.17025 0.0671417854463616 0.0875
0 0.7248687171792948 0.213 0.05813953488372093 0.082
0 0.7269317329332333 0.08575 0.06676669167291822 0.1025
0 0.7972618154538634 0.1575 0.06564141035258815 0.088
0 0.8657164291072769 0.15175 0.0690172543135784 0.0915
0 0.8287696924231058 0.238 0.059639909977494375 0.089
0 0.8569017254313578 0.3075 0.061890472618154536 0.077
0 0.5750187546886721 0.729 0.06151537884471118 0.07
0 0.9120405101275318 0.39925 0.04988747186796699 0.0815