0 0.5634118967452301 0.044 0.0306771417882529 0.046
0 0.6043771043771043 0.04225 0.030303030303030304 0.0345
0 0.6184062850729517 0.0635 0.024691358024691357 0.041
0 0.5327347549569772 0.06475 0.03292181069958848 0.0425
0 0.5198279087167976 0.07325 0.033295922184811075 0.0425
0 0.5065469509913955 0.10825 0.029180695847362513 0.0515
0 0.5800598578376356 0.0825 0.02880658436213992 0.047
0 0.6011971567527123 0.086 0.02319491208380097 0.047
0 0.6343060231949121 0.10375 0.02880658436213992 0.0455
0 0.6271979049756827 0.1505 0.024317246539468762 0.046
0 0.6017583239805462 0.131 0.028058361391694726 0.049
0 0.5506921062476619 0.103 0.0306771417882529 0.042
0 0.5359147025813692 0.1395 0.03254769921436588 0.046
0 0.5750093527871306 0.1415 0.027684249906472128 0.044
0 0.6187803965581743 0.1685 0.032173587729143284 0.037
0 0.48540965207631875 0.14275 0.03554059109614665 0.0395
0 0.5035540591096147 0.1905 0.029928918817807706 0.041
0 0.5600448933782267 0.1855 0.023943135054246164 0.047
0 0.5849233071455293 0.18875 0.031051253273475497 0.0445
0 0.6064347175458287 0.22325 0.024691358024691357 0.0435
0 0.5793116348671904 0.2295 0.033295922184811075 0.041
0 0.5415263748597082 0.21875 0.034044145155256264 0.0505
0 0.48559670781893005 0.23325 0.03591470258136925 0.0465
0 0.5188926300037411 0.257 0.027684249906472128 0.049
0 0.5587355031799476 0.25725 0.02955480733258511 0.0375
0 0.6000748222970446 0.2635 0.027684249906472128 0.047
0 0.6206509539842873 0.27625 0.023943135054246164 0.0365
0 0.6249532360643472 0.3175 0.03479236812570146 0.044
0 0.6051253273475495 0.32975 0.027310138421249533 0.0495
0 0.5770669659558548 0.30475 0.024317246539468762 0.0525
0 0.5450804339693228 0.29975 0.029928918817807706 0.0495
0 0.5026187803965582 0.29425 0.03179947624392069 0.0485
0 0.48709315375982043 0.332 0.03666292555181444 0.047
0 0.5310512532734755 0.3295 0.034044145155256264 0.048
0 0.5589225589225589 0.3555 0.034418256640478866 0.047
0 0.6202768424990647 0.3665 0.026187803965581742 0.054
0 0.5895997007108118 0.38375 0.026936026936026935 0.0485
0 0.5707070707070707 0.40225 0.024317246539468762 0.0505
0 0.5411522633744856 0.3815 0.03554059109614665 0.048
0 0.5078563411896745 0.36725 0.02880658436213992 0.0475
0 0.47586980920314254 0.381 0.0306771417882529 0.044
0 0.5160867938645717 0.402 0.03179947624392069 0.05
0 0.46315001870557426 0.44025 0.03741114852225964 0.0595
0 0.5377852600074823 0.42875 0.02656191545080434 0.0495
0 0.5961466517022073 0.43625 0.02880658436213992 0.0445
0 0.6127946127946128 0.4725 0.029928918817807706 0.038
0 0.5712682379349046 0.46275 0.02319491208380097 0.0495
0 0.5467639356528246 0.4795 0.02880658436213992 0.051
0 0.5157126823793491 0.47675 0.02955480733258511 0.0525
0 0.48578376356154135 0.4905 0.033295922184811075 0.053
0 0.4483726150392817 0.50825 0.040029928918817806 0.0605
0 0.4491208380097269 0.57225 0.040778151889263 0.0535
0 0.4728769173213618 0.5485 0.026936026936026935 0.054
0 0.4990647212869435 0.53125 0.034418256640478866 0.0425
0 0.545828656939768 0.523 0.035166479610924055 0.045
0 0.5802469135802469 0.5375 0.03292181069958848 0.049
0 0.6025065469509914 0.5195 0.031051253273475497 0.05
0 0.6303778526000748 0.57 0.031425364758698095 0.049
0 0.5772540216984662 0.5775 0.031425364758698095 0.051
0 0.5355405910961466 0.5745 0.02880658436213992 0.055
0 0.47586980920314254 0.60475 0.0306771417882529 0.0635
0 0.44575383464272356 0.64025 0.034044145155256264 0.0625
0 0.4771791994014216 0.6715 0.040029928918817806 0.051
0 0.5190796857463524 0.62575 0.03853348297792742 0.0505
0 0.5503179947624393 0.636 0.029180695847362513 0.048
0 0.5753834642723532 0.63125 0.03292181069958848 0.0495
0 0.6077441077441077 0.61075 0.031051253273475497 0.0445
0 0.6294425738870183 0.655 0.033295922184811075 0.051
0 0.6054994388327721 0.6865 0.037037037037037035 0.05
0 0.56771417882529 0.6835 0.03778526000748223 0.046
0 0.5306771417882529 0.682 0.033295922184811075 0.056
0 0.49607182940516276 0.71375 0.03367003367003367 0.0585
0 0.47493453049008605 0.725 0.03853348297792742 0.06
0 0.5424616535727647 0.7255 0.038159371492704826 0.053
0 0.5856715301159746 0.7325 0.02955480733258511 0.057
0 0.6361765806210251 0.7165 0.033295922184811075 0.051
0 0.4296670407781519 0.7495 0.03928170594837262 0.07
0 0.4618406285072952 0.79225 0.03928170594837262 0.0575
0 0.4943883277216611 0.779 0.034044145155256264 0.058
0 0.5297418630751964 0.77475 0.031425364758698095 0.0605
0 0.5697717919940142 0.778 0.029180695847362513 0.054
0 0.597268986157875 0.79325 0.02656191545080434 0.0565
0 0.519453797231575 0.83625 0.03928170594837262 0.0615
0 0.5665918443696222 0.83725 0.03479236812570146 0.0555
0 0.6038159371492705 0.86975 0.035166479610924055 0.0505
0 0.47418630751964086 0.861 0.03479236812570146 0.06
0 0.5052375607931163 0.90975 0.03928170594837262 0.0615
0 0.5428357650579873 0.869 0.03591470258136925 0.043
0 0.5680882903105126 0.892 0.040029928918817806 0.051
0 0.5450804339693228 0.92675 0.03965581743359521 0.0575
0 0.5948372615039281 0.938 0.031425364758698095 0.057
0 0.6288814066591845 0.92125 0.03367003367003367 0.0485
0 0.6541339319117097 0.92875 0.02656191545080434 0.0485
0 0.6586232697343809 0.87725 0.031051253273475497 0.0565
0 0.6812570145903479 0.899 0.029180695847362513 0.055
0 0.622334455667789 0.835 0.036288814066591846 0.042
0 0.6589973812196035 0.8135 0.034044145155256264 0.057
0 0.6853722409277965 0.846 0.0306771417882529 0.057
0 0.7018331462775907 0.87475 0.026187803965581742 0.0425
0 0.7265245043022821 0.8535 0.032173587729143284 0.045
0 0.700710811821923 0.8135 0.029180695847362513 0.05
0 0.6833146277590723 0.7865 0.02880658436213992 0.051
0 0.6322484100261878 0.783 0.032173587729143284 0.057
0 0.6488963711185933 0.75275 0.02955480733258511 0.0405
0 0.6857463524130191 0.73275 0.0306771417882529 0.0495
0 0.7158623269734381 0.7705 0.0205761316872428 0.047
0 0.7347549569771792 0.79875 0.020950243172465393 0.0505
0 0.7371866816311261 0.74575 0.030303030303030304 0.0505
0 0.7381219603441825 0.696 0.029180695847362513 0.043
0 0.7171717171717171 0.71325 0.024691358024691357 0.0485
0 0.6614291058735503 0.71025 0.027684249906472128 0.0465
0 0.6632996632996633 0.65925 0.02843247287691732 0.0515
0 0.6891133557800224 0.684 0.026936026936026935 0.047
0 0.7106247661803218 0.657 0.027310138421249533 0.04
0 0.6853722409277965 0.64125 0.02543958099513655 0.0435
0 0.6393565282454171 0.61175 0.023943135054246164 0.0495
0 0.6578750467639356 0.59 0.03179947624392069 0.038
0 0.6818181818181818 0.59275 0.027310138421249533 0.0415
0 0.7128694350916573 0.60375 0.022820800598578377 0.0415
0 0.7448559670781894 0.63125 0.031425364758698095 0.0495
0 0.7405536849981295 0.5755 0.027310138421249533 0.042
0 0.7027684249906472 0.56475 0.027310138421249533 0.0455
0 0.6765806210250654 0.54775 0.024317246539468762 0.0415
0 0.6434717545828657 0.54875 0.026936026936026935 0.0515
0 0.6408529741863075 0.50875 0.02843247287691732 0.0395
0 0.702020202020202 0.51 0.02356902356902357 0.047
0 0.7282080059857837 0.5295 0.02880658436213992 0.046
0 0.7188552188552189 0.4865 0.027310138421249533 0.037
0 0.6726524504302283 0.48 0.029928918817807706 0.048
0 0.6356154133931912 0.46025 0.032173587729143284 0.0465
0 0.6909839132061354 0.463 0.029180695847362513 0.05
0 0.7177328843995511 0.44 0.02656191545080434 0.041
0 0.6655443322109988 0.43775 0.029928918817807706 0.0425
0 0.6459034792368126 0.3975 0.027310138421249533 0.052
0 0.6728395061728395 0.38675 0.030303030303030304 0.0405
0 0.700149644594089 0.40725 0.027310138421249533 0.0465
0 0.7181069958847737 0.3975 0.02356902356902357 0.041
0 0.7111859334081556 0.353 0.02543958099513655 0.048
0 0.6945379723157501 0.36775 0.02656191545080434 0.0445
0 0.6728395061728395 0.33675 0.028058361391694726 0.0495
0 0.6891133557800224 0.32125 0.026936026936026935 0.0415
0 0.7055742611298167 0.308 0.020950243172465393 0.045
0 0.6488963711185933 0.287 0.02955480733258511 0.049
0 0.6777029554807332 0.28175 0.025813692480359147 0.0405
0 0.7085671530115975 0.2775 0.024691358024691357 0.032
0 0.6898615787504676 0.24825 0.02543958099513655 0.0415
0 0.7072577628133183 0.23075 0.028058361391694726 0.0445
0 0.6659184436962214 0.22675 0.024691358024691357 0.0395
0 0.6376730265619155 0.2415 0.027310138421249533 0.035
0 0.6380471380471381 0.20025 0.02356902356902357 0.0405
0 0.6855592966704078 0.20225 0.025065469509913955 0.0475
0 0.712682379349046 0.18625 0.021698466142910586 0.0435
0 0.6707818930041153 0.171 0.026936026936026935 0.034
0 0.6846240179573513 0.162 0.023943135054246164 0.041
0 0.702020202020202 0.13575 0.025065469509913955 0.0435
0 0.6754582865693977 0.10925 0.025065469509913955 0.0365
0 0.6578750467639356 0.133 0.02656191545080434 0.035