0 0.48012003000750186 0.118 0.03900975243810953 0.048
0 0.5185671417854464 0.1155 0.03938484621155289 0.057
0 0.5641410352588146 0.11425 0.04351087771942986 0.0555
0 0.5887096774193549 0.149 0.04088522130532633 0.055
0 0.5566391597899475 0.0505 0.04276069017254314 0.054
0 0.6055888972243061 0.09575 0.04688672168042011 0.0585
0 0.6282820705176294 0.134 0.03975993998499625 0.059
0 0.6603525881470368 0.14275 0.04388597149287322 0.0675
0 0.5333833458364591 0.17275 0.03600900225056264 0.0515
0 0.5543885971492873 0.19675 0.04426106526631658 0.0615
0 0.5037509377344336 0.17075 0.033008252063015754 0.0585
0 0.4602400600150037 0.18375 0.03675918979744936 0.0485
0 0.45255063765941483 0.22 0.03338334583645911 0.059
0 0.4941860465116279 0.24625 0.038634658664666165 0.0535
0 0.5352588147036759 0.24775 0.03825956489122281 0.0535
0 0.5508252063015754 0.293 0.04013503375843961 0.054
0 0.5892723180795199 0.2285 0.03825956489122281 0.059
0 0.5988372093023255 0.2875 0.04463615903975994 0.053
0 0.6421605401350338 0.20875 0.04276069017254314 0.0575
0 0.6766691672918229 0.227 0.04801200300075019 0.057
0 0.7273068267066767 0.19275 0.04801200300075019 0.0645
0 0.7316204051012754 0.2575 0.047636909227306824 0.067
0 0.7852588147036759 0.25 0.047636909227306824 0.069
0 0.6372843210802701 0.26875 0.04126031507876969 0.0545
0 0.6121530382595649 0.327 0.05251312828207052 0.058
0 0.6084021005251313 0.381 0.04276069017254314 0.055
0 0.513503375843961 0.299 0.04276069017254314 0.058
0 0.4654913728432108 0.27725 0.03975993998499625 0.0485
0 0.4576144036009002 0.33675 0.03675918979744936 0.0625
0 0.48874718679669915 0.3415 0.04051012753188297 0.053
0 0.6927981995498874 0.338 0.05251312828207052 0.074
0 0.7243060765191298 0.388 0.051762940735183796 0.068
0 0.759939984996249 0.34775 0.0555138784696174 0.0615
0 0.8115153788447111 0.3345 0.05288822205551388 0.069
0 0.7856339084771192 0.40325 0.05588897224306077 0.0695
0 0.77344336084021 0.47625 0.0555138784696174 0.0695
0 0.7929482370592649 0.51125 0.05776444111027757 0.0805
0 0.7458739684921231 0.53475 0.0536384096024006 0.0735
0 0.713053263315829 0.4825 0.05701425356339085 0.065
0 0.659039759939985 0.463 0.05101275318829707 0.063
0 0.6339084771192798 0.4295 0.0450112528132033 0.061
0 0.6541635408852213 0.374 0.03900975243810953 0.069
0 0.5260690172543135 0.37625 0.043135783945986494 0.0615
0 0.5607651912978244 0.4105 0.03900975243810953 0.063
0 0.5941485371342836 0.444 0.037509377344336084 0.059
0 0.6070892723180795 0.4875 0.04463615903975994 0.067
0 0.6365341335333834 0.52425 0.04801200300075019 0.0635
0 0.4829332333083271 0.388 0.041635408852213056 0.066
0 0.5226931732933233 0.432 0.041635408852213056 0.059
0 0.43960990247561893 0.39275 0.04126031507876969 0.0565
0 0.42273068267066766 0.4305 0.035258814703675916 0.055
0 0.46324081020255065 0.477 0.03225806451612903 0.057
0 0.4315453863465866 0.49675 0.04088522130532633 0.0545
0 0.4679294823705927 0.5335 0.038634658664666165 0.06
0 0.4992498124531133 0.487 0.03900975243810953 0.059
0 0.513503375843961 0.5405 0.03975993998499625 0.058
0 0.5538259564891223 0.5 0.046136534133533386 0.065
0 0.5971492873218305 0.55 0.042010502625656414 0.061
0 0.5517629407351838 0.57325 0.04276069017254314 0.0595
0 0.4283570892723181 0.55825 0.04051012753188297 0.0545
0 0.47674418604651164 0.57525 0.03675918979744936 0.0595
0 0.42010502625656415 0.60925 0.035258814703675916 0.0565
0 0.4587396849212303 0.62275 0.03375843960990248 0.0625
0 0.4799324831207802 0.6415 0.03338334583645911 0.067
0 0.5159414853713429 0.602 0.043135783945986494 0.061
0 0.5337584396099024 0.6565 0.04126031507876969 0.063
0 0.458927231807952 0.6825 0.029632408102025505 0.06
0 0.4249812453113278 0.66325 0.03600900225056264 0.0625
0 0.42685671417854465 0.71875 0.037509377344336084 0.0615
0 0.4298574643660915 0.7795 0.03675918979744936 0.061
0 0.41766691672918227 0.81425 0.034133533383345835 0.0625
0 0.4643660915228807 0.80575 0.037509377344336084 0.0625
0 0.47918229557389347 0.7415 0.03788447111777944 0.06
0 0.5127531882970743 0.77475 0.04126031507876969 0.0655
0 0.5136909227306826 0.70875 0.03788447111777944 0.0605
0 0.5433233308327082 0.735 0.04088522130532633 0.055
0 0.5804576144036009 0.7395 0.04913728432108027 0.064
0 0.595086271567892 0.68075 0.047636909227306824 0.0685
0 0.5782070517629407 0.63025 0.043135783945986494 0.0615
0 0.6234058514628658 0.6045 0.046511627906976744 0.065
0 0.6603525881470368 0.5985 0.04838709677419355 0.069
0 0.7061140285071268 0.58925 0.05438859714928732 0.0645
0 0.6539759939984996 0.6575 0.046136534133533386 0.065
0 0.6911102775693924 0.68825 0.056639159789947484 0.0775
0 0.6340960240060015 0.736 0.04913728432108027 0.074
0 0.6087771942985747 0.78775 0.05251312828207052 0.0725
0 0.5626406601650412 0.79675 0.046511627906976744 0.0795
0 0.527569392348087 0.83125 0.04463615903975994 0.0725
0 0.42966991747936983 0.869 0.03788447111777944 0.06
0 0.4739309827456864 0.87825 0.043135783945986494 0.0685
0 0.5159414853713429 0.923 0.03788447111777944 0.074
0 0.5573893473368342 0.8855 0.03600900225056264 0.071
0 0.5922730682670667 0.939 0.04801200300075019 0.066
0 0.5977119279819955 0.8715 0.04463615903975994 0.077
0 0.6472243060765192 0.8695 0.047636909227306824 0.077
0 0.6507876969242311 0.93975 0.051762940735183796 0.0695
0 0.6982370592648162 0.8375 0.05588897224306077 0.082
0 0.6875468867216804 0.762 0.05326331582895724 0.078
0 0.7481245311327832 0.87825 0.05588897224306077 0.0795
0 0.7590022505626407 0.806 0.05138784696174044 0.076
0 0.8248312078019505 0.78825 0.05476369092273068 0.0825
0 0.7912603150787697 0.7165 0.05888972243060765 0.08
0 0.7349962490622656 0.73175 0.059639909977494375 0.0795
0 0.7372468117029257 0.656 0.055138784696174045 0.078
0 0.767066766691673 0.604 0.06301575393848462 0.079
0 0.8422730682670667 0.60025 0.06339084771192798 0.0785