0 0.056639159789947484 0.26475 0.051762940735183796 0.0625
0 0.10746436609152288 0.27 0.055138784696174045 0.07
0 0.1352213053263316 0.194 0.055138784696174045 0.064
0 0.16522880720180044 0.2515 0.0536384096024006 0.077
0 0.22580645161290322 0.178 0.04576144036009002 0.077
0 0.245311327831958 0.25625 0.05251312828207052 0.0675
0 0.2683795948987247 0.31075 0.0536384096024006 0.0845
0 0.3058889722430608 0.23975 0.059639909977494375 0.0795
0 0.34602400600150035 0.26425 0.04238559639909977 0.0805
0 0.39572393098274566 0.281 0.06601650412603151 0.069
0 0.2828207051762941 0.11775 0.051762940735183796 0.0845
0 0.3430232558139535 0.162 0.050637659414853715 0.078
0 0.3794073518379595 0.20125 0.05888972243060765 0.0735
0 0.41429107276819205 0.13625 0.05813953488372093 0.0785
0 0.44017254313578397 0.19225 0.0603900975243811 0.0795
0 0.4645536384096024 0.264 0.06264066016504126 0.081
0 0.5238184546136534 0.2445 0.059639909977494375 0.07
0 0.5365716429107277 0.1335 0.04913728432108027 0.087
0 0.5894598649662416 0.1575 0.056639159789947484 0.089
0 0.6372843210802701 0.16025 0.05326331582895724 0.0735
0 0.708927231807952 0.1635 0.06601650412603151 0.084
0 0.7498124531132783 0.20075 0.06151537884471118 0.0795
0 0.6519129782445612 0.22925 0.06601650412603151 0.0665
0 0.6526631657914479 0.29125 0.0622655663915979 0.0865
0 0.5798949737434359 0.268 0.04351087771942986 0.081
0 0.5999624906226556 0.33475 0.05588897224306077 0.0775
0 0.5406976744186046 0.33875 0.055138784696174045 0.0785
0 0.4737434358589647 0.3515 0.06451612903225806 0.082
0 0.4139159789947487 0.38275 0.05138784696174044 0.0845
0 0.35877719429857463 0.35575 0.0603900975243811 0.0715
0 0.30045011252813203 0.3955 0.05776444111027757 0.064
0 0.3612153038259565 0.41925 0.05776444111027757 0.0725
0 0.2524381095273818 0.37025 0.05776444111027757 0.0785
0 0.19992498124531133 0.31225 0.05776444111027757 0.0755
0 0.1511627906976744 0.322 0.05401350337584396 0.078
0 0.09658664666166542 0.353 0.0603900975243811 0.07
0 0.11909227306826707 0.39675 0.0641410352588147 0.0735
0 0.1751687921980495 0.39125 0.04801200300075019 0.0865
0 0.03675918979744936 0.33175 0.05701425356339085 0.0685
0 0.03507126781695424 0.39725 0.05138784696174044 0.0725
0 0.06207801950487622 0.4415 0.0603900975243811 0.078
0 0.04051012753188297 0.47125 0.05326331582895724 0.0735
0 0.044073518379594896 0.5475 0.05888972243060765 0.088
0 0.10090022505626407 0.5185 0.051762940735183796 0.081
0 0.109152288072018 0.5825 0.06376594148537135 0.071
0 0.14216054013503376 0.64275 0.05026256564141035 0.0785
0 0.15078769692423105 0.553 0.051762940735183796 0.077
0 0.15172543135783945 0.475 0.05138784696174044 0.076
0 0.21230307576894222 0.45825 0.04801200300075019 0.0715
0 0.22543135783945986 0.5245 0.05401350337584396 0.076
0 0.22993248312078018 0.60775 0.056264066016504126 0.0875
0 0.20555138784696175 0.67025 0.05776444111027757 0.0615
0 0.2548762190547637 0.698 0.04988747186796699 0.076
0 0.31376594148537135 0.67925 0.05888972243060765 0.0795
0 0.33570892723180795 0.75975 0.05776444111027757 0.0735
0 0.3927231807951988 0.80075 0.0690172543135784 0.0785
0 0.38634658664666166 0.71825 0.05251312828207052 0.0795
0 0.3471492873218305 0.64525 0.05888972243060765 0.0805
0 0.31357839459864967 0.592 0.0622655663915979 0.076
0 0.2777569392348087 0.524 0.06339084771192798 0.07
0 0.2854463615903976 0.463 0.05701425356339085 0.071
0 0.3319579894973743 0.51425 0.056264066016504126 0.0675
0 0.37865716429107277 0.50425 0.0536384096024006 0.0855
0 0.40078769692423105 0.573 0.050637659414853715 0.081
0 0.4339834958739685 0.63025 0.060765191297824456 0.0795
0 0.4405476369092273 0.53225 0.05813953488372093 0.0795
0 0.4619279819954989 0.46 0.0641410352588147 0.089
0 0.5211927981995499 0.45 0.059639909977494375 0.088
0 0.5785821455363841 0.48425 0.05888972243060765 0.0845
0 0.5737059264816204 0.40075 0.05588897224306077 0.0725
0 0.6378469617404351 0.42825 0.061890472618154536 0.0785
0 0.6886721680420105 0.4795 0.060765191297824456 0.077
0 0.7243060765191298 0.28525 0.05701425356339085 0.0775
0 0.7231807951987997 0.36475 0.060765191297824456 0.0865
0 0.7785071267816954 0.37925 0.05888972243060765 0.0865
0 0.8205176294073518 0.39675 0.05438859714928732 0.0785
0 0.804576144036009 0.32 0.05701425356339085 0.087
0 0.8509002250562641 0.337 0.04988747186796699 0.077
0 0.8878469617404351 0.41775 0.0622655663915979 0.0915
0 0.9124156039009752 0.49675 0.06789197299324831 0.0735
0 0.8448987246811703 0.4745 0.05588897224306077 0.08
0 0.7946361590397599 0.47825 0.05888972243060765 0.0795
0 0.7490622655663915 0.453 0.06001500375093773 0.087
0 0.7304951237809453 0.538 0.06789197299324831 0.076
0 0.7929482370592649 0.5475 0.058514628657164294 0.083
0 0.84152288072018 0.58125 0.06789197299324831 0.0805
0 0.9227306826706677 0.64625 0.06676669167291822 0.0905
0 0.8372093023255814 0.6535 0.060765191297824456 0.083
0 0.8002625656414104 0.6905 0.056639159789947484 0.082
0 0.7498124531132783 0.62525 0.05401350337584396 0.0895
0 0.6933608402100525 0.598 0.055138784696174045 0.083
0 0.6400975243810952 0.57275 0.0603900975243811 0.0835
0 0.5037509377344336 0.533 0.05251312828207052 0.076
0 0.5446361590397599 0.5655 0.06151537884471118 0.086
0 0.5838334583645911 0.62475 0.06789197299324831 0.0665
0 0.48499624906226557 0.59875 0.05776444111027757 0.0795
0 0.49849962490622657 0.69025 0.06151537884471118 0.0795
0 0.5568267066766691 0.67775 0.0536384096024006 0.0785
0 0.47449362340585144 0.76575 0.05701425356339085 0.0875
0 0.5328207051762941 0.75325 0.059639909977494375 0.0845
0 0.4442985746436609 0.8545 0.059639909977494375 0.065
0 0.5103150787696924 0.84125 0.052138034508627154 0.0675
0 0.5808327081770442 0.83625 0.061140285071267814 0.0725
0 0.6057764441110277 0.753 0.05701425356339085 0.082
0 0.6545386346586647 0.66675 0.060765191297824456 0.0785
0 0.6569767441860465 0.73725 0.0671417854463616 0.0675
0 0.6506001500375094 0.80975 0.059639909977494375 0.0825
0 0.7038634658664666 0.79675 0.061890472618154536 0.0795
0 0.7128657164291072 0.6915 0.059639909977494375 0.077
0 0.7531882970742686 0.753 0.058514628657164294 0.07
0 0.4375468867216804 0.70975 0.05813953488372093 0.0705