0 0.07633158289572393 0.558 0.0536384096024006 0.073
0 0.1063390847711928 0.662 0.05438859714928732 0.099
0 0.1562265566391598 0.707 0.05588897224306077 0.084
0 0.16260315078769694 0.6375 0.06489122280570142 0.076
0 0.23030757689422354 0.64425 0.05326331582895724 0.0785
0 0.259377344336084 0.70825 0.0641410352588147 0.0815
0 0.13540885221305327 0.57325 0.051762940735183796 0.0725
0 0.09246061515378845 0.4765 0.06339084771192798 0.078
0 0.1513503375843961 0.5065 0.050637659414853715 0.071
0 0.18567141785446362 0.56225 0.05401350337584396 0.0715
0 0.24456114028507125 0.57525 0.05926481620405101 0.0775
0 0.3013878469617404 0.5675 0.061140285071267814 0.075
0 0.2893848462115529 0.63975 0.04988747186796699 0.0855
0 0.32726931732933234 0.7085 0.05813953488372093 0.095
0 0.34227306826706677 0.631 0.0603900975243811 0.085
0 0.38840960240060013 0.69175 0.061890472618154536 0.0865
0 0.4030382595648912 0.60775 0.056639159789947484 0.0795
0 0.44879969992498125 0.681 0.0536384096024006 0.086
0 0.5033758439609902 0.6575 0.0690172543135784 0.085
0 0.5690172543135784 0.665 0.06451612903225806 0.079
0 0.6357839459864967 0.64425 0.06601650412603151 0.0795
0 0.604463615903976 0.56925 0.07014253563390847 0.0785
0 0.5378844711177795 0.591 0.06601650412603151 0.08
0 0.46924231057764443 0.59175 0.05926481620405101 0.0775
0 0.35952738184546135 0.55075 0.056639159789947484 0.0795
0 0.43642160540135033 0.5015 0.059639909977494375 0.088
0 0.4992498124531133 0.5195 0.06001500375093773 0.086
0 0.5568267066766691 0.51275 0.0641410352588147 0.0775
0 0.6427231807951987 0.49475 0.061140285071267814 0.0825
0 0.6061515378844711 0.43475 0.05926481620405101 0.0785
0 0.5480120030007501 0.438 0.060765191297824456 0.084
0 0.48424606151537886 0.44175 0.06001500375093773 0.0735
0 0.4199174793698425 0.429 0.059639909977494375 0.064
0 0.3524006001500375 0.46775 0.07014253563390847 0.0765
0 0.2946361590397599 0.49325 0.0603900975243811 0.0725
0 0.2106151537884471 0.49275 0.061140285071267814 0.0665
0 0.12340585146286571 0.41575 0.05326331582895724 0.0705
0 0.14966241560390098 0.3575 0.05926481620405101 0.066
0 0.16635408852213054 0.43525 0.05738934733683421 0.0725
0 0.20442610652663165 0.378 0.0555138784696174 0.072
0 0.21867966991747936 0.3125 0.05476369092273068 0.069
0 0.2550637659414854 0.37475 0.0555138784696174 0.0845
0 0.2565641410352588 0.454 0.060765191297824456 0.078
0 0.3013878469617404 0.42175 0.05738934733683421 0.0765
0 0.3606526631657914 0.397 0.061890472618154536 0.075
0 0.2710052513128282 0.30575 0.04688672168042011 0.0755
0 0.29838709677419356 0.333 0.04913728432108027 0.087
0 0.35015003750937734 0.325 0.05813953488372093 0.075
0 0.40678919729932483 0.34825 0.056639159789947484 0.0765
0 0.46811702925731435 0.37425 0.0555138784696174 0.0685
0 0.5266316579144786 0.35875 0.05776444111027757 0.0725
0 0.5875843960990248 0.35875 0.05888972243060765 0.0885
0 0.6451612903225806 0.3305 0.05926481620405101 0.086
0 0.5892723180795199 0.26675 0.060765191297824456 0.0845
0 0.5230682670667667 0.2395 0.05813953488372093 0.089
0 0.4759939984996249 0.2335 0.0555138784696174 0.077
0 0.46811702925731435 0.29975 0.0555138784696174 0.0765
0 0.4112903225806452 0.27575 0.06339084771192798 0.0905
0 0.3493998499624906 0.25 0.061890472618154536 0.081
0 0.3075768942235559 0.26375 0.04801200300075019 0.0755
0 0.34433608402100524 0.1875 0.0622655663915979 0.07
0 0.4180420105026257 0.196 0.06339084771192798 0.07
0 0.718304576144036 0.36025 0.06526631657914479 0.0845
0 0.8013878469617405 0.36125 0.06339084771192798 0.0895
0 0.8625281320330083 0.38325 0.0641410352588147 0.0895
0 0.6699174793698425 0.40525 0.06751687921980495 0.0835
0 0.7522505626406601 0.4245 0.06489122280570142 0.087
0 0.8107651912978244 0.456 0.06339084771192798 0.088
0 0.867966991747937 0.471 0.05701425356339085 0.083
0 0.677231807951988 0.58325 0.06339084771192798 0.0865
0 0.7033008252063015 0.6655 0.07051762940735183 0.084
0 0.754688672168042 0.6335 0.06301575393848462 0.089
0 0.7049887471867967 0.47525 0.06864216054013503 0.0865
0 0.7336834208552138 0.5475 0.06451612903225806 0.083
0 0.8002625656414104 0.5565 0.0603900975243811 0.094
0 0.8518379594898725 0.5735 0.05926481620405101 0.094
0 0.8977869467366841 0.6665 0.0708927231807952 0.082
0 0.8244561140285072 0.639 0.06676669167291822 0.086
0 0.7706301575393848 0.708 0.06639159789947487 0.082
0 0.8535258814703676 0.738 0.06789197299324831 0.086