0 0.08870967741935484 0.36 0.05813953488372093 0.07
0 0.1159039759939985 0.3395 0.07051762940735183 0.087
0 0.16616654163540887 0.40375 0.060765191297824456 0.0785
0 0.1301575393848462 0.4855 0.05701425356339085 0.074
0 0.09527381845461365 0.52875 0.06526631657914479 0.0675
0 0.0853338334583646 0.574 0.06339084771192798 0.059
0 0.1340960240060015 0.615 0.05438859714928732 0.071
0 0.08945986496624156 0.65975 0.055138784696174045 0.0665
0 0.13634658664666166 0.6825 0.04988747186796699 0.059
0 0.047261815453863466 0.75425 0.04876219054763691 0.0745
0 0.09658664666166542 0.791 0.04988747186796699 0.064
0 0.13859714928732184 0.741 0.050637659414853715 0.067
0 0.1706676669167292 0.78925 0.04951237809452363 0.0555
0 0.1879219804951238 0.729 0.05326331582895724 0.07
0 0.20967741935483872 0.661 0.05326331582895724 0.064
0 0.25825206301575393 0.6655 0.04988747186796699 0.059
0 0.18360840210052512 0.601 0.05438859714928732 0.06
0 0.1879219804951238 0.53525 0.058514628657164294 0.0735
0 0.2565641410352588 0.5265 0.051762940735183796 0.075
0 0.25131282820705175 0.5945 0.05326331582895724 0.066
0 0.2914478619654914 0.56 0.04351087771942986 0.072
0 0.2996999249812453 0.622 0.05401350337584396 0.059
0 0.21099024756189047 0.4635 0.050637659414853715 0.082
0 0.26200300075018756 0.462 0.055138784696174045 0.069
0 0.31039009752438107 0.49525 0.05813953488372093 0.0675
0 0.34058514628657166 0.5395 0.05326331582895724 0.07
0 0.3555888972243061 0.60175 0.05401350337584396 0.0665
0 0.22543135783945986 0.387 0.05401350337584396 0.083
0 0.23987246811702925 0.2835 0.059639909977494375 0.088
0 0.272880720180045 0.3475 0.04988747186796699 0.078
0 0.3025131282820705 0.258 0.055138784696174045 0.081
0 0.34433608402100524 0.33225 0.04801200300075019 0.0795
0 0.38634658664666166 0.3225 0.05776444111027757 0.082
0 0.4157914478619655 0.38175 0.047636909227306824 0.0795
0 0.3267066766691673 0.41475 0.05251312828207052 0.0785
0 0.37696924231057766 0.44675 0.05701425356339085 0.0745
0 0.43342085521380347 0.45175 0.05588897224306077 0.0625
0 0.463615903975994 0.40175 0.051762940735183796 0.0685
0 0.4529257314328582 0.34 0.056639159789947484 0.071
0 0.4930607651912978 0.4595 0.05588897224306077 0.069
0 0.45648912228057015 0.53375 0.04801200300075019 0.0735
0 0.5061890472618155 0.524 0.05738934733683421 0.07
0 0.40566391597899476 0.56275 0.055138784696174045 0.0725
0 0.40266316579144784 0.6475 0.05438859714928732 0.074
0 0.45142535633908476 0.60425 0.04688672168042011 0.0595
0 0.5097524381095274 0.59825 0.04801200300075019 0.0785
0 0.4964366091522881 0.64275 0.055138784696174045 0.0665
0 0.45555138784696175 0.67825 0.04988747186796699 0.0625
0 0.48499624906226557 0.72775 0.047261815453863466 0.0725
0 0.4570517629407352 0.78725 0.050637659414853715 0.0685
0 0.3799699924981245 0.72475 0.047261815453863466 0.0615
0 0.4021005251312828 0.78375 0.04801200300075019 0.0735
0 0.3319579894973743 0.69875 0.04876219054763691 0.0725
0 0.291072768192048 0.727 0.051762940735183796 0.074
0 0.25431357839459867 0.78625 0.05251312828207052 0.0685
0 0.3036384096024006 0.791 0.04988747186796699 0.066
0 0.3469617404351088 0.784 0.04801200300075019 0.064
0 0.34658664666166544 0.82275 0.04876219054763691 0.0495
0 0.5371342835708928 0.69475 0.04801200300075019 0.0545
0 0.572768192048012 0.756 0.04351087771942986 0.064
0 0.5992123030757689 0.829 0.04988747186796699 0.065
0 0.5943360840210052 0.71325 0.04913728432108027 0.0655
0 0.6622280570142536 0.732 0.05438859714928732 0.066
0 0.581582895723931 0.64825 0.050637659414853715 0.0725
0 0.5596399099774944 0.57425 0.0555138784696174 0.0685
0 0.6052138034508627 0.59975 0.05438859714928732 0.0625
0 0.6571642910727682 0.66675 0.04801200300075019 0.0755
0 0.7083645911477869 0.64475 0.050637659414853715 0.0625
0 0.6654163540885222 0.595 0.05701425356339085 0.07
0 0.6192798199549887 0.548 0.04951237809452363 0.06
0 0.5744561140285072 0.501 0.050637659414853715 0.058
0 0.5466991747936985 0.43975 0.059639909977494375 0.0745
0 0.5215678919729932 0.383 0.04988747186796699 0.07
0 0.4397974493623406 0.2515 0.059639909977494375 0.075
0 0.37490622655663913 0.23375 0.06264066016504126 0.0735
0 0.41766691672918227 0.18825 0.05138784696174044 0.0665
0 0.4799324831207802 0.149 0.04988747186796699 0.087
0 0.5075018754688673 0.2495 0.05776444111027757 0.076
0 0.5200675168792198 0.31525 0.05588897224306077 0.0775
0 0.5699549887471868 0.36625 0.050637659414853715 0.0845
0 0.6125281320330083 0.413 0.05026256564141035 0.072
0 0.628469617404351 0.48375 0.055138784696174045 0.0725
0 0.6785446361590397 0.491 0.05251312828207052 0.069
0 0.7424981245311327 0.488 0.05888972243060765 0.075
0 0.7989497374343586 0.55175 0.056264066016504126 0.0795
0 0.8073893473368342 0.59125 0.056639159789947484 0.0505
0 0.8435858964741185 0.539 0.04801200300075019 0.076
0 0.8160165041260315 0.483 0.05813953488372093 0.06
0 0.872655663915979 0.48 0.055138784696174045 0.069
0 0.7884471117779445 0.428 0.060765191297824456 0.064
0 0.8345836459114778 0.42175 0.051762940735183796 0.0675
0 0.8160165041260315 0.37025 0.059639909977494375 0.0755
0 0.7625656414103525 0.3665 0.05776444111027757 0.066
0 0.7218679669917479 0.42425 0.059639909977494375 0.0685
0 0.6560390097524381 0.4105 0.047261815453863466 0.075
0 0.6337209302325582 0.345 0.05138784696174044 0.064
0 0.6903600900225056 0.35525 0.05438859714928732 0.0725
0 0.5750187546886721 0.29225 0.046511627906976744 0.0625
0 0.5785821455363841 0.22075 0.0536384096024006 0.0705
0 0.6324081020255063 0.27075 0.06151537884471118 0.0725
0 0.6753563390847712 0.2135 0.055138784696174045 0.081
0 0.7554388597149287 0.23 0.056264066016504126 0.077
0 0.8218304576144037 0.23825 0.060765191297824456 0.0795
0 0.677794448612153 0.2935 0.04876219054763691 0.082
0 0.7394973743435859 0.30025 0.055138784696174045 0.0785
0 0.7976369092273068 0.29925 0.05888972243060765 0.0785
0 0.8471492873218305 0.3075 0.055138784696174045 0.081
0 0.7241185296324081 0.57875 0.046136534133533386 0.0755