0 0.10858964741185297 0.5295 0.05288822205551388 0.063
0 0.11346586646661666 0.5985 0.04988747186796699 0.061
0 0.16016504126031508 0.475 0.05026256564141035 0.068
0 0.1581020255063766 0.53575 0.05138784696174044 0.0655
0 0.1686046511627907 0.60975 0.0536384096024006 0.0515
0 0.1571642910727682 0.66225 0.046511627906976744 0.0675
0 0.1706676669167292 0.73325 0.04801200300075019 0.0585
0 0.21192798199549887 0.75825 0.04951237809452363 0.0575
0 0.21586646661665415 0.7085 0.047636909227306824 0.06
0 0.24174793698424607 0.80975 0.05138784696174044 0.0625
0 0.18060765191297826 0.4155 0.05288822205551388 0.061
0 0.20761440360090022 0.37775 0.047636909227306824 0.0645
0 0.23687171792948236 0.31 0.04913728432108027 0.065
0 0.2779444861215304 0.29375 0.04951237809452363 0.0615
0 0.2608777194298575 0.36875 0.0536384096024006 0.0695
0 0.2374343585896474 0.4455 0.046511627906976744 0.063
0 0.20648912228057015 0.49175 0.04463615903975994 0.0645
0 0.22055513878469618 0.5625 0.05026256564141035 0.063
0 0.2623780945236309 0.47675 0.050637659414853715 0.0665
0 0.2803825956489122 0.4255 0.05288822205551388 0.062
0 0.32333083270817703 0.26125 0.0555138784696174 0.0685
0 0.31639159789947485 0.345 0.05138784696174044 0.066
0 0.2670667666916729 0.54875 0.04426106526631658 0.0635
0 0.2222430607651913 0.624 0.041635408852213056 0.058
0 0.2576894223555889 0.62725 0.04951237809452363 0.0635
0 0.2704426106526632 0.68875 0.04876219054763691 0.0615
0 0.2678169542385596 0.73575 0.04576144036009002 0.0575
0 0.13184546136534134 0.6315 0.043135783945986494 0.041
0 0.3707801950487622 0.25025 0.04988747186796699 0.0645
0 0.4163540885221305 0.22875 0.05026256564141035 0.0675
0 0.4111027756939235 0.28775 0.051762940735183796 0.0595
0 0.37284321080270066 0.3065 0.047261815453863466 0.063
0 0.3379594898724681 0.39075 0.051762940735183796 0.0685
0 0.39891222805701426 0.381 0.04538634658664666 0.064
0 0.31976744186046513 0.4645 0.04838709677419355 0.064
0 0.3621530382595649 0.4465 0.050637659414853715 0.065
0 0.35933983495873967 0.50775 0.05026256564141035 0.0635
0 0.30701425356339085 0.5265 0.04538634658664666 0.062
0 0.3085146286571643 0.587 0.04838709677419355 0.062
0 0.35408852213053266 0.57 0.04876219054763691 0.062
0 0.4030382595648912 0.53725 0.047636909227306824 0.0495
0 0.31039009752438107 0.646 0.04913728432108027 0.061
0 0.3090772693173293 0.7125 0.05026256564141035 0.06
0 0.30120030007501875 0.79025 0.05101275318829707 0.0585
0 0.3148912228057014 0.83975 0.04913728432108027 0.0605
0 0.34921230307576895 0.895 0.051762940735183796 0.062
0 0.3929107276819205 0.87925 0.050637659414853715 0.0565
0 0.3599024756189047 0.81875 0.046136534133533386 0.0665
0 0.3430232558139535 0.7625 0.04538634658664666 0.062
0 0.3857839459864966 0.77125 0.050637659414853715 0.0595
0 0.44692423105776447 0.78625 0.050637659414853715 0.0565
0 0.481807951987997 0.746 0.04838709677419355 0.064
0 0.43360840210052515 0.7315 0.04801200300075019 0.058
0 0.390847711927982 0.70575 0.04801200300075019 0.0685
0 0.35277569392348085 0.67525 0.046136534133533386 0.0545
0 0.3735933983495874 0.64475 0.05026256564141035 0.0655
0 0.42385596399099773 0.655 0.04876219054763691 0.069
0 0.45348837209302323 0.68225 0.047261815453863466 0.0575
0 0.5086271567891973 0.695 0.05026256564141035 0.057
0 0.49699924981245314 0.62975 0.04951237809452363 0.0695
0 0.45367591897974496 0.594 0.04988747186796699 0.063
0 0.41147786946736686 0.58525 0.05251312828207052 0.0605
0 0.4512378094523631 0.53925 0.05101275318829707 0.0655
0 0.4540510127531883 0.26775 0.052138034508627154 0.0655
0 0.47261815453863465 0.18175 0.04876219054763691 0.0685
0 0.5382595648912228 0.1675 0.0555138784696174 0.074
0 0.5157539384846211 0.24475 0.05251312828207052 0.0715
0 0.4951237809452363 0.31075 0.05101275318829707 0.0685
0 0.4628657164291073 0.364 0.051762940735183796 0.064
0 0.4375468867216804 0.41775 0.04838709677419355 0.0645
0 0.4405476369092273 0.4715 0.05288822205551388 0.06
0 0.48030757689422354 0.49725 0.04913728432108027 0.0645
0 0.48424606151537886 0.426 0.04576144036009002 0.071
0 0.5118154538634658 0.37175 0.04838709677419355 0.0585
0 0.5288822205551388 0.4235 0.05326331582895724 0.069
0 0.4966241560390098 0.54625 0.05026256564141035 0.0625
0 0.5318829707426856 0.5945 0.04801200300075019 0.059
0 0.5746436609152288 0.6225 0.04876219054763691 0.062
0 0.5808327081770442 0.6765 0.04838709677419355 0.063
0 0.532258064516129 0.50525 0.04876219054763691 0.0675
0 0.5626406601650412 0.54825 0.04801200300075019 0.0595
0 0.6155288822205551 0.59475 0.04801200300075019 0.0655
0 0.6460990247561891 0.5585 0.050637659414853715 0.066
0 0.6024006001500375 0.5175 0.05101275318829707 0.063
0 0.5620780195048762 0.46225 0.04988747186796699 0.0695
0 0.536384096024006 0.2975 0.046511627906976744 0.062
0 0.5547636909227307 0.35625 0.04801200300075019 0.0635
0 0.5795198799699925 0.4095 0.04951237809452363 0.066
0 0.6117779444861215 0.4635 0.04801200300075019 0.06
0 0.6545386346586647 0.4925 0.04801200300075019 0.066
0 0.6901725431357839 0.52825 0.04876219054763691 0.0605
0 0.6836084021005251 0.46675 0.03938484621155289 0.0595
0 0.6551012753188297 0.432 0.04913728432108027 0.062
0 0.6209677419354839 0.35175 0.04463615903975994 0.0665
0 0.5894598649662416 0.298 0.04913728432108027 0.068
0 0.5615153788447111 0.248 0.04876219054763691 0.073
0 0.6035258814703676 0.18125 0.05026256564141035 0.0695
0 0.6378469617404351 0.14775 0.05438859714928732 0.0675
0 0.6262190547636909 0.242 0.04838709677419355 0.069
0 0.6532258064516129 0.286 0.050637659414853715 0.068
0 0.6704801200300075 0.361 0.04913728432108027 0.07
0 0.6914853713428357 0.41425 0.04388597149287322 0.0635
0 0.7323705926481621 0.43875 0.04913728432108027 0.0655
0 0.7556264066016504 0.49925 0.0536384096024006 0.0665
0 0.7963240810202551 0.47625 0.05326331582895724 0.0635
0 0.7850712678169542 0.41925 0.047261815453863466 0.0585
0 0.7565641410352588 0.38525 0.05026256564141035 0.0635
0 0.7087396849212303 0.35825 0.04538634658664666 0.0645
0 0.700675168792198 0.30475 0.04876219054763691 0.0665
0 0.8471492873218305 0.43375 0.04838709677419355 0.0675
0 0.8477119279819955 0.37875 0.0555138784696174 0.0645
0 0.8075768942235559 0.356 0.04801200300075019 0.063
0 0.7543135783945987 0.3215 0.05476369092273068 0.062
0 0.6809827456864216 0.23975 0.052138034508627154 0.0675
0 0.6851087771942985 0.17325 0.05438859714928732 0.0715
0 0.714178544636159 0.20225 0.047261815453863466 0.0715
0 0.7655663915978995 0.20875 0.04876219054763691 0.0635
0 0.755251312828207 0.26475 0.04463615903975994 0.0715
0 0.7845086271567892 0.28 0.046136534133533386 0.07
0 0.8614028507126782 0.31025 0.05813953488372093 0.0655
0 0.832145536384096 0.23425 0.05138784696174044 0.0695