0 0.07164291072768192 0.47275 0.07201800450112528 0.0805
0 0.08702175543885972 0.524 0.05776444111027757 0.055
0 0.11515378844711177 0.604 0.06526631657914479 0.071
0 0.10990247561890473 0.66025 0.0622655663915979 0.0655
0 0.1581020255063766 0.673 0.0603900975243811 0.069
0 0.17798199549887472 0.61175 0.055138784696174045 0.0605
0 0.22261815453863465 0.58375 0.059639909977494375 0.0715
0 0.15847711927981994 0.54925 0.06864216054013503 0.0745
0 0.16522880720180044 0.46075 0.0641410352588147 0.0735
0 0.21417854463615904 0.51375 0.0622655663915979 0.0835
0 0.23124531132783196 0.44725 0.06789197299324831 0.0735
0 0.2779444861215304 0.46675 0.06151537884471118 0.0665
0 0.17198049512378094 0.3765 0.07914478619654913 0.088
0 0.1811702925731433 0.28825 0.06526631657914479 0.0835
0 0.18754688672168043 0.19875 0.0795198799699925 0.0925
0 0.24737434358589647 0.2745 0.07164291072768192 0.087
0 0.2700675168792198 0.1495 0.06751687921980495 0.083
0 0.30007501875468867 0.2545 0.06451612903225806 0.105
0 0.345648912228057 0.33475 0.06489122280570142 0.0795
0 0.3664666166541635 0.27925 0.072768192048012 0.0915
0 0.40678919729932483 0.3285 0.05888972243060765 0.065
0 0.4375468867216804 0.27025 0.06789197299324831 0.0805
0 0.34658664666166544 0.17075 0.07051762940735183 0.0795
0 0.41354088522130533 0.184 0.05813953488372093 0.082
0 0.47093023255813954 0.20275 0.06789197299324831 0.0805
0 0.5061890472618155 0.2815 0.0641410352588147 0.082
0 0.5465116279069767 0.211 0.06676669167291822 0.086
0 0.5954613653413353 0.27 0.059639909977494375 0.088
0 0.6369092273068268 0.2015 0.06151537884471118 0.086
0 0.6519129782445612 0.25875 0.05326331582895724 0.0865
0 0.7079894973743436 0.263 0.05888972243060765 0.091
0 0.7066766691672918 0.3565 0.06151537884471118 0.077
0 0.7147411852963241 0.42125 0.06339084771192798 0.0745
0 0.7648162040510128 0.312 0.05701425356339085 0.082
0 0.7638784696174044 0.3925 0.055138784696174045 0.087
0 0.7528132033008252 0.4465 0.03825956489122281 0.059
0 0.6129032258064516 0.354 0.06451612903225806 0.082
0 0.6352213053263316 0.41825 0.05588897224306077 0.0805
0 0.5433233308327082 0.35575 0.0641410352588147 0.0875
0 0.5650787696924231 0.425 0.0603900975243811 0.082
0 0.4679294823705927 0.34425 0.06489122280570142 0.0815
0 0.2548762190547637 0.36175 0.0641410352588147 0.0785
0 0.3148912228057014 0.40525 0.06339084771192798 0.0785
0 0.377344336084021 0.4015 0.06151537884471118 0.076
0 0.4347336834208552 0.416 0.06376594148537135 0.076
0 0.47355588897224304 0.47325 0.05888972243060765 0.0775
0 0.5258814703675919 0.50475 0.06601650412603151 0.0795
0 0.33570892723180795 0.477 0.06526631657914479 0.077
0 0.4112903225806452 0.4915 0.0603900975243811 0.075
0 0.42854463615903976 0.54625 0.05138784696174044 0.0705
0 0.47768192048012004 0.55425 0.05813953488372093 0.0725
0 0.5318829707426856 0.56675 0.05401350337584396 0.0715
0 0.28075768942235557 0.5695 0.06789197299324831 0.07
0 0.33064516129032256 0.61125 0.0536384096024006 0.0615
0 0.35933983495873967 0.55875 0.06301575393848462 0.0725
0 0.3833458364591148 0.61425 0.06601650412603151 0.0655
0 0.39497374343585895 0.64925 0.04951237809452363 0.0555
0 0.27663165791447863 0.65825 0.05888972243060765 0.0735
0 0.22486871717929482 0.66675 0.055138784696174045 0.0615
0 0.28413353338334585 0.73325 0.06339084771192798 0.0685
0 0.3107651912978245 0.7875 0.05888972243060765 0.064
0 0.33758439609902474 0.6845 0.05251312828207052 0.075
0 0.359714928732183 0.7355 0.060765191297824456 0.062
0 0.43623405851462865 0.725 0.05251312828207052 0.07
0 0.49474868717179293 0.7155 0.04876219054763691 0.065
0 0.5148162040510128 0.76075 0.05813953488372093 0.0565
0 0.5654538634658665 0.75925 0.050637659414853715 0.0625
0 0.563953488372093 0.715 0.055138784696174045 0.064
0 0.4491747936984246 0.65975 0.0641410352588147 0.0735
0 0.509939984996249 0.6445 0.05138784696174044 0.07
0 0.5577644411102776 0.629 0.04426106526631658 0.07
0 0.5866466616654163 0.54 0.0555138784696174 0.064
0 0.6048387096774194 0.609 0.0536384096024006 0.057
0 0.6211552888222055 0.68375 0.05326331582895724 0.0665
0 0.6346586646661665 0.75 0.04801200300075019 0.062
0 0.61384096024006 0.4835 0.05888972243060765 0.064
0 0.6727306826706677 0.47625 0.05888972243060765 0.0705
0 0.6500375093773444 0.54675 0.060765191297824456 0.0695
0 0.6890472618154538 0.52825 0.04801200300075019 0.0615
0 0.7096774193548387 0.592 0.05326331582895724 0.064
0 0.6631657914478619 0.6015 0.05776444111027757 0.069
0 0.6723555888972244 0.66675 0.05438859714928732 0.0635
0 0.677794448612153 0.709 0.04876219054763691 0.061
0 0.7291822955738935 0.6685 0.05251312828207052 0.065
0 0.740060015003751 0.71075 0.05401350337584396 0.0575
0 0.7841335333833458 0.6625 0.047636909227306824 0.072
0 0.7631282820705176 0.60525 0.0536384096024006 0.0665
0 0.7522505626406601 0.5395 0.04988747186796699 0.065
0 0.7220555138784697 0.4795 0.04576144036009002 0.061
0 0.826331582895724 0.4985 0.051762940735183796 0.073
0 0.7970742685671418 0.55775 0.05476369092273068 0.0605
0 0.8238934733683421 0.61025 0.050637659414853715 0.0625
0 0.878469617404351 0.62575 0.051762940735183796 0.0535
0 0.8606526631657915 0.561 0.05138784696174044 0.06
0 0.871530382595649 0.50375 0.04688672168042011 0.0625
0 0.9062265566391597 0.52225 0.0450112528132033 0.0585
0 0.8240810202550638 0.41025 0.047261815453863466 0.0705
0 0.8666541635408852 0.4415 0.05288822205551388 0.067
0 0.9187921980495124 0.45175 0.04388597149287322 0.0675
0 0.9382970742685671 0.388 0.05588897224306077 0.073
0 0.877344336084021 0.361 0.056264066016504126 0.086
0 0.8402100525131283 0.2995 0.06301575393848462 0.087