0 0.19954988747186797 0.3675 0.07501875468867217 0.105
0 0.21024006001500375 0.495 0.07989497374343586 0.099
0 0.2049887471867967 0.58575 0.07464366091522881 0.0885
0 0.1888597149287322 0.658 0.07014253563390847 0.086
0 0.2663165791447862 0.718 0.072768192048012 0.073
0 0.3351462865716429 0.74625 0.0641410352588147 0.0715
0 0.3225806451612903 0.6845 0.07576894223555888 0.08
0 0.2704426106526632 0.6205 0.07651912978244561 0.074
0 0.2914478619654914 0.54625 0.06976744186046512 0.0945
0 0.27550637659414856 0.424 0.07689422355588897 0.097
0 0.3334583645911478 0.46775 0.07351837959489872 0.0945
0 0.28244561140285074 0.315 0.07051762940735183 0.103
0 0.340960240060015 0.36925 0.08252063015753938 0.1005
0 0.3488372093023256 0.2725 0.07426856714178545 0.112
0 0.413728432108027 0.2235 0.08102025506376594 0.106
0 0.5022505626406601 0.23875 0.07501875468867217 0.0985
0 0.41616654163540884 0.3215 0.08139534883720931 0.104
0 0.4195423855963991 0.413 0.07539384846211553 0.083
0 0.42085521380345087 0.497 0.07201800450112528 0.095
0 0.36084021005251316 0.5435 0.072768192048012 0.092
0 0.37884471117779445 0.62625 0.07126781695423856 0.0765
0 0.4384846211552888 0.58325 0.0690172543135784 0.0845
0 0.3977869467366842 0.69325 0.06789197299324831 0.0745
0 0.3962865716429107 0.77175 0.06489122280570142 0.0805
0 0.4720555138784696 0.79875 0.061140285071267814 0.0825
0 0.5315078769692423 0.78275 0.06376594148537135 0.0685
0 0.46324081020255065 0.7155 0.06451612903225806 0.072
0 0.4609902475618905 0.64975 0.07201800450112528 0.0755
0 0.5078769692423106 0.61575 0.072768192048012 0.0745
0 0.5268192048012003 0.68425 0.0603900975243811 0.0845
0 0.49024756189047264 0.5255 0.07351837959489872 0.08
0 0.4943735933983496 0.4575 0.07876969242310577 0.064
0 0.5168792198049512 0.3585 0.06976744186046512 0.1
0 0.590960240060015 0.3215 0.07764441110277569 0.099
0 0.6633533383345837 0.283 0.07614403600900226 0.101
0 0.7524381095273819 0.3295 0.07201800450112528 0.109
0 0.6727306826706677 0.3865 0.07014253563390847 0.086
0 0.7430607651912978 0.42 0.07126781695423856 0.079
0 0.8066391597899475 0.406 0.0603900975243811 0.099
0 0.567516879219805 0.41475 0.07801950487621906 0.0935
0 0.6252813203300825 0.4705 0.07501875468867217 0.086
0 0.5618904726181545 0.513 0.07201800450112528 0.088
0 0.572768192048012 0.59925 0.06751687921980495 0.0845
0 0.6444111027756939 0.554 0.072768192048012 0.088
0 0.6399099774943736 0.62975 0.06676669167291822 0.0835
0 0.5892723180795199 0.6635 0.06601650412603151 0.074
0 0.5752063015753939 0.73025 0.059639909977494375 0.0775
0 0.6299699924981246 0.68625 0.061890472618154536 0.0735
0 0.6969242310577645 0.6635 0.06826706676669167 0.075
0 0.708927231807952 0.589 0.0622655663915979 0.087
0 0.759939984996249 0.6475 0.06826706676669167 0.089
0 0.7409977494373593 0.51625 0.07239309827456865 0.0825
0 0.7743810952738185 0.56775 0.07314328582145536 0.0845
0 0.8214553638409603 0.599 0.06526631657914479 0.078
0 0.81807951987997 0.493 0.06601650412603151 0.082
0 0.8782820705176294 0.52575 0.0641410352588147 0.0845
0 0.9026631657914479 0.44525 0.06789197299324831 0.0805
0 0.9077269317329333 0.363 0.06526631657914479 0.089
0 0.8495873968492123 0.3205 0.07651912978244561 0.094