0 0.10793116348671904 0.0875 0.06546950991395435 0.071
0 0.15619154508043398 0.0585 0.05200149644594089 0.077
0 0.058361391694725026 0.19425 0.051627384960718295 0.0805
0 0.05200149644594089 0.27475 0.05686494575383464 0.0735
0 0.10475121586232697 0.33075 0.052375607931163484 0.0675
0 0.12345679012345678 0.39725 0.0508791619902731 0.0725
0 0.14964459408903855 0.377 0.05312383090160868 0.068
0 0.14665170220725776 0.448 0.054620276842499066 0.065
0 0.08267863823419379 0.49 0.05312383090160868 0.064
0 0.16891133557800225 0.51775 0.046763935652824544 0.0685
0 0.1556303778526001 0.58925 0.04713804713804714 0.0665
0 0.21212121212121213 0.62225 0.048634493078937524 0.0685
0 0.25271230826786384 0.6615 0.053497942386831275 0.06
0 0.2777777777777778 0.61475 0.04900860456416012 0.0635
0 0.3290310512532735 0.598 0.0512532734754957 0.064
0 0.37186681631126073 0.63425 0.04713804713804714 0.0605
0 0.3771043771043771 0.703 0.04489337822671156 0.064
0 0.37991021324354657 0.5685 0.046763935652824544 0.062
0 0.2966704077815189 0.5525 0.04564160119715675 0.061
0 0.24017957351290684 0.55625 0.05686494575383464 0.0715
0 0.21586232697343807 0.5025 0.05312383090160868 0.06
0 0.24130190796857465 0.4245 0.0508791619902731 0.067
0 0.2046389824167602 0.349 0.04788627010849233 0.068
0 0.25177702955480735 0.35675 0.0508791619902731 0.0645
0 0.13692480359147025 0.29625 0.05312383090160868 0.0585
0 0.11784511784511785 0.2365 0.051627384960718295 0.069
0 0.1537598204264871 0.16325 0.05985783763561541 0.0675
0 0.18911335578002245 0.1295 0.0512532734754957 0.063
0 0.23737373737373738 0.14925 0.04451926674148896 0.0755
0 0.21548821548821548 0.2015 0.052375607931163484 0.072
0 0.2663673774784886 0.211 0.05013093901982791 0.065
0 0.2356902356902357 0.05575 0.052375607931163484 0.0735
0 0.2656191545080434 0.0985 0.04788627010849233 0.071
0 0.29685746352413017 0.16225 0.04826038159371493 0.0675
0 0.32136176580621023 0.21875 0.048634493078937524 0.0675
0 0.2966704077815189 0.03675 0.05387205387205387 0.0735
0 0.32323232323232326 0.097 0.0508791619902731 0.068
0 0.3484848484848485 0.14175 0.053497942386831275 0.0775
0 0.36962214739992516 0.21875 0.04638982416760194 0.0705
0 0.41451552562663674 0.2435 0.04713804713804714 0.069
0 0.45435839880284323 0.223 0.046763935652824544 0.068
0 0.3974934530490086 0.12025 0.05200149644594089 0.0645
0 0.38178077066965954 0.05575 0.052749719416386086 0.0815
0 0.4276094276094276 0.0355 0.05013093901982791 0.071
0 0.44594089038533485 0.088 0.04788627010849233 0.064
0 0.4829779274223719 0.171 0.0508791619902731 0.072
0 0.19940142162364385 0.28075 0.04713804713804714 0.0645
0 0.24279835390946503 0.29175 0.04414515525626637 0.0675
0 0.287317620650954 0.2895 0.048634493078937524 0.077
0 0.32491582491582494 0.352 0.04826038159371493 0.066
0 0.36438458660680884 0.28825 0.04938271604938271 0.0645
0 0.3771043771043771 0.34325 0.05312383090160868 0.0715
0 0.42368125701459036 0.3325 0.04900860456416012 0.068
0 0.46389824167601945 0.3025 0.0508791619902731 0.063
0 0.47493453049008605 0.37625 0.04152637485970819 0.0645
0 0.4334081556303779 0.405 0.04826038159371493 0.06
0 0.4728769173213618 0.4425 0.048634493078937524 0.062
0 0.3898241676019454 0.4285 0.04713804713804714 0.056
0 0.3477366255144033 0.418 0.040029928918817806 0.069
0 0.29816685372240925 0.4105 0.05387205387205387 0.069
0 0.3269734380845492 0.47975 0.04489337822671156 0.0645
0 0.37467265245043024 0.4875 0.05200149644594089 0.061
0 0.4496820052375608 0.535 0.04938271604938271 0.066
0 0.49214365881032546 0.5735 0.04377104377104377 0.053
0 0.44388327721661053 0.59925 0.04826038159371493 0.0615
0 0.44332210998877664 0.654 0.04638982416760194 0.059
0 0.42536475869809204 0.71575 0.04638982416760194 0.0575
0 0.4685746352413019 0.7015 0.04302282080059858 0.061
0 0.4685746352413019 0.76875 0.04302282080059858 0.0675
0 0.5181444070332959 0.7985 0.04489337822671156 0.057
0 0.51010101010101 0.738 0.03778526000748223 0.058
0 0.5173961840628507 0.684 0.03965581743359521 0.062
0 0.4904601571268238 0.64275 0.04564160119715675 0.0555
0 0.5329218106995884 0.633 0.040029928918817806 0.061
0 0.5750093527871306 0.62225 0.04638982416760194 0.0555
0 0.5499438832772167 0.57675 0.04489337822671156 0.0545
0 0.6008230452674898 0.59425 0.04788627010849233 0.0565
0 0.6206509539842873 0.6365 0.04713804713804714 0.058
0 0.6655443322109988 0.611 0.04938271604938271 0.052
0 0.6964085297418631 0.7185 0.049756827534605315 0.06
0 0.558361391694725 0.70625 0.04526748971193416 0.0545
0 0.6120463898241676 0.7175 0.04564160119715675 0.059
0 0.5925925925925926 0.78975 0.04564160119715675 0.0625
0 0.6595585484474373 0.7605 0.04339693228582117 0.058
0 0.6784511784511784 0.81325 0.033295922184811075 0.0615
0 0.7066965955854845 0.777 0.041900486344930786 0.063
0 0.7570145903479237 0.767 0.04451926674148896 0.059
0 0.7757201646090535 0.69675 0.04227459783015339 0.0875
0 0.5375982042648709 0.5125 0.04788627010849233 0.05
0 0.5563037785260008 0.47175 0.048634493078937524 0.0605
0 0.6193415637860082 0.47325 0.049756827534605315 0.0685
0 0.6337448559670782 0.537 0.04339693228582117 0.058
0 0.6745230078563412 0.5345 0.04489337822671156 0.057
0 0.7003367003367004 0.57925 0.04489337822671156 0.0585
0 0.7132435465768799 0.5195 0.040029928918817806 0.063
0 0.7491582491582491 0.5555 0.04302282080059858 0.053
0 0.6653572764683876 0.47575 0.040029928918817806 0.0625
0 0.6962214739992518 0.4555 0.04638982416760194 0.066
0 0.5177702955480733 0.43075 0.04638982416760194 0.0515
0 0.5160867938645717 0.37375 0.04377104377104377 0.0655
0 0.544519266741489 0.323 0.040778151889263 0.061
0 0.5604190048634493 0.37725 0.04264870931537598 0.0615
0 0.5939019827908717 0.329 0.04377104377104377 0.061
0 0.622895622895623 0.377 0.04339693228582117 0.063
0 0.5153385708941265 0.06525 0.04526748971193416 0.0715
0 0.5589225589225589 0.0665 0.04564160119715675 0.079
0 0.5538720538720538 0.1395 0.04377104377104377 0.075
0 0.5624766180321736 0.2025 0.0512532734754957 0.064
0 0.5349794238683128 0.2185 0.05013093901982791 0.068
0 0.5727646838757949 0.2585 0.04489337822671156 0.054
0 0.6335578002244668 0.2595 0.03928170594837262 0.064
0 0.6614291058735503 0.30725 0.04713804713804714 0.0495
0 0.7123082678638234 0.30425 0.04564160119715675 0.0645
0 0.6760194537972316 0.25 0.04414515525626637 0.058
0 0.678825289936401 0.18825 0.04601571268237935 0.0665
0 0.6588103254769921 0.11825 0.04788627010849233 0.0785
0 0.7050130939019827 0.11325 0.04601571268237935 0.0625
0 0.7308267863823419 0.1625 0.046763935652824544 0.068
0 0.7360643471754583 0.21875 0.04900860456416012 0.0555
0 0.7620650953984287 0.3335 0.04638982416760194 0.053
0 0.7018331462775907 0.371 0.03965581743359521 0.066
0 0.7285821174710063 0.41675 0.04152637485970819 0.0615
0 0.7744107744107744 0.39975 0.04414515525626637 0.0615
0 0.7551440329218106 0.469 0.03778526000748223 0.059
0 0.7807706696595585 0.51 0.03965581743359521 0.062
0 0.8183688739244295 0.50625 0.04152637485970819 0.0545
0 0.8260381593714927 0.427 0.04339693228582117 0.062
0 0.8945005611672279 0.365 0.0508791619902731 0.078
0 0.8400673400673401 0.31225 0.033295922184811075 0.0625
0 0.9320987654320988 0.55975 0.03928170594837262 0.0675
0 0.8531612420501309 0.571 0.04227459783015339 0.055
0 0.9315375982042648 0.6345 0.04638982416760194 0.075
0 0.9092779648335204 0.70425 0.04227459783015339 0.0715
0 0.8049008604564161 0.62725 0.04377104377104377 0.0625
0 0.8374485596707819 0.6805 0.04601571268237935 0.069
0 0.8660680882903106 0.7525 0.04339693228582117 0.058
0 0.8095772540216984 0.75975 0.0411522633744856 0.0705