0 0.1761065266316579 0.762 0.06939234808702176 0.086
0 0.22730682670667668 0.8385 0.06601650412603151 0.091
0 0.30288822205551386 0.81975 0.06939234808702176 0.0815
0 0.2601275318829707 0.74875 0.06864216054013503 0.0965
0 0.2087396849212303 0.67425 0.06489122280570142 0.0945
0 0.23255813953488372 0.58725 0.07501875468867217 0.1045
0 0.29088522130532635 0.6525 0.07014253563390847 0.096
0 0.3418979744936234 0.7245 0.0708927231807952 0.092
0 0.3822205551387847 0.809 0.07051762940735183 0.087
0 0.3075768942235559 0.56725 0.07201800450112528 0.1055
0 0.3606526631657914 0.6315 0.07464366091522881 0.093
0 0.41354088522130533 0.7005 0.07239309827456865 0.095
0 0.4549887471867967 0.78775 0.07201800450112528 0.0855
0 0.25993998499624904 0.485 0.07576894223555888 0.096
0 0.2880720180045011 0.394 0.0795198799699925 0.1
0 0.32145536384096024 0.301 0.08027006751687922 0.124
0 0.33214553638409605 0.197 0.07164291072768192 0.105
0 0.3915978994748687 0.171 0.08027006751687922 0.124
0 0.4174793698424606 0.28325 0.08102025506376594 0.1145
0 0.44992498124531133 0.385 0.07764441110277569 0.104
0 0.3777194298574644 0.41925 0.08102025506376594 0.1045
0 0.3859714928732183 0.53025 0.08027006751687922 0.1005
0 0.4426106526631658 0.597 0.07426856714178545 0.094
0 0.4846211552888222 0.68225 0.07351837959489872 0.0885
0 0.5243810952738185 0.7915 0.07126781695423856 0.097
0 0.6046511627906976 0.798 0.07576894223555888 0.096
0 0.6781695423855963 0.837 0.07651912978244561 0.092
0 0.7530007501875469 0.7805 0.08064516129032258 0.089
0 0.6310952738184546 0.70125 0.07539384846211553 0.0895
0 0.5564516129032258 0.67225 0.07614403600900226 0.0925
0 0.5215678919729932 0.56025 0.07689422355588897 0.1015
0 0.5986496624156039 0.56375 0.08027006751687922 0.0955
0 0.6779819954988747 0.54575 0.08139534883720931 0.1005
0 0.7108027006751688 0.636 0.08252063015753938 0.102
0 0.7888222055513878 0.68475 0.07501875468867217 0.0905
0 0.7884471117779445 0.58125 0.072768192048012 0.0975
0 0.7590022505626407 0.474 0.07764441110277569 0.102
0 0.6804201050262566 0.401 0.08102025506376594 0.107
0 0.6151537884471118 0.4685 0.08327081770442611 0.102
0 0.5804576144036009 0.385 0.08439609902475619 0.096
0 0.6299699924981246 0.28475 0.09114778694673668 0.1175
0 0.5258814703675919 0.1745 0.09077269317329333 0.128
0 0.5041260315078769 0.2955 0.08177044261065267 0.119
0 0.52231807951988 0.45525 0.08514628657164292 0.1055
0 0.45236309077269315 0.498 0.07801950487621906 0.103