0 0.11159039759939984 0.453 0.04913728432108027 0.064
0 0.17010502625656415 0.432 0.041635408852213056 0.061
0 0.19861215303825958 0.31475 0.04988747186796699 0.0915
0 0.3722805701425356 0.249 0.02738184546136534 0.038
0 0.213615903975994 0.5135 0.03188297074268567 0.042
0 0.23612153038259565 0.5275 0.03338334583645911 0.039
0 0.23874718679669918 0.4875 0.036384096024006 0.044
0 0.19523630907726933 0.554 0.03113278319579895 0.048
0 0.20255063765941486 0.58875 0.03075768942235559 0.0355
0 0.1963615903975994 0.63225 0.034133533383345835 0.0465
0 0.18623405851462865 0.65975 0.032633158289572396 0.0415
0 0.1972993248312078 0.709 0.033008252063015754 0.05
0 0.2220555138784696 0.729 0.03075768942235559 0.042
0 0.25225056264066015 0.74025 0.03488372093023256 0.0365
0 0.24287321830457614 0.70275 0.04013503375843961 0.0405
0 0.23593398349587397 0.664 0.033008252063015754 0.04
0 0.2777569392348087 0.72075 0.02663165791447862 0.0375
0 0.2644411102775694 0.776 0.033008252063015754 0.045
0 0.2978244561140285 0.7745 0.03225806451612903 0.045
0 0.304576144036009 0.73 0.033008252063015754 0.04
0 0.231807951987997 0.60525 0.025506376594148537 0.0385
0 0.2618154538634659 0.61075 0.035258814703675916 0.0435
0 0.259377344336084 0.6385 0.029632408102025505 0.037
0 0.2871342835708927 0.63775 0.028132033008252063 0.0385
0 0.3017629407351838 0.59575 0.028882220555138786 0.0445
0 0.23030757689422354 0.56475 0.029257314328582147 0.0405
0 0.24981245311327832 0.56575 0.03225806451612903 0.0435
0 0.2856339084771193 0.5515 0.036384096024006 0.045
0 0.272880720180045 0.5075 0.037134283570892726 0.04
0 0.31282820705176295 0.50975 0.03225806451612903 0.0375
0 0.340960240060015 0.51625 0.02700675168792198 0.0425
0 0.3690922730682671 0.544 0.03375843960990248 0.04
0 0.37696924231057766 0.5065 0.029257314328582147 0.037
0 0.3565266316579145 0.46975 0.028132033008252063 0.0385
0 0.3132033008252063 0.47325 0.03075768942235559 0.0425
0 0.2704426106526632 0.42925 0.03150787696924231 0.0375
0 0.29632408102025504 0.44775 0.03075768942235559 0.0415
0 0.3342085521380345 0.43725 0.03075768942235559 0.0385
0 0.3447111777944486 0.40025 0.035258814703675916 0.0425
0 0.32708177044261066 0.3705 0.033008252063015754 0.039
0 0.3580270067516879 0.341 0.032633158289572396 0.039
0 0.38053263315828956 0.3125 0.03188297074268567 0.044
0 0.39478619654913727 0.34925 0.029632408102025505 0.0305
0 0.3700300075018755 0.3745 0.02288072018004501 0.04
0 0.3927231807951988 0.402 0.033008252063015754 0.043
0 0.41916729182295576 0.37825 0.032633158289572396 0.0395
0 0.3724681170292573 0.428 0.030007501875468866 0.044
0 0.38972243060765194 0.46075 0.029257314328582147 0.0445
0 0.41354088522130533 0.45325 0.025131282820705175 0.0425
0 0.4384846211552888 0.46 0.029257314328582147 0.043
0 0.4426106526631658 0.50675 0.030007501875468866 0.0365
0 0.46211552888222057 0.495 0.03225806451612903 0.046
0 0.40941485371342834 0.53225 0.032633158289572396 0.0465
0 0.43135783945986494 0.545 0.028507126781695424 0.043
0 0.4604276069017254 0.54425 0.028132033008252063 0.0475
0 0.38372093023255816 0.57475 0.03075768942235559 0.0395
0 0.4127906976744186 0.58075 0.028882220555138786 0.0475
0 0.4461740435108777 0.584 0.03338334583645911 0.039
0 0.4752438109527382 0.614 0.03225806451612903 0.045
0 0.4442985746436609 0.643 0.02738184546136534 0.044
0 0.42198049512378094 0.616 0.023255813953488372 0.033
0 0.3951612903225806 0.61 0.029632408102025505 0.032
0 0.3970367591897975 0.648 0.03113278319579895 0.042
0 0.3175168792198049 0.55825 0.03338334583645911 0.0355
0 0.34433608402100524 0.57825 0.029257314328582147 0.0415
0 0.3572768192048012 0.60725 0.02738184546136534 0.0445
0 0.3614028507126782 0.64825 0.034133533383345835 0.0355
0 0.3283945986496624 0.601 0.025131282820705175 0.041
0 0.32126781695423856 0.64225 0.03113278319579895 0.0365
0 0.30288822205551386 0.6765 0.025881470367591898 0.039
0 0.3300825206301575 0.675 0.03375843960990248 0.04
0 0.34339834958739685 0.70175 0.03788447111777944 0.0405
0 0.3840960240060015 0.71775 0.029257314328582147 0.0385
0 0.41241560390097526 0.703 0.03113278319579895 0.038
0 0.36159039759939987 0.7425 0.03150787696924231 0.037
0 0.3304576144036009 0.7555 0.03375843960990248 0.043
0 0.34621155288822203 0.791 0.03375843960990248 0.037
0 0.3310202550637659 0.798 0.025881470367591898 0.036
0 0.37865716429107277 0.80825 0.03113278319579895 0.0445
0 0.4036009002250563 0.82775 0.029257314328582147 0.0385
0 0.38484621155288823 0.8345 0.025506376594148537 0.032
0 0.3938484621155289 0.7585 0.029257314328582147 0.038
0 0.41354088522130533 0.79225 0.028882220555138786 0.0395
0 0.4377344336084021 0.81025 0.03225806451612903 0.0405
0 0.5159414853713429 0.79875 0.028132033008252063 0.0395
0 0.4876219054763691 0.77675 0.03225806451612903 0.0345
0 0.4773068267066767 0.73725 0.03338334583645911 0.0395
0 0.43042010502625655 0.728 0.03113278319579895 0.041
0 0.5105026256564141 0.72975 0.030007501875468866 0.0375
0 0.5309452363090773 0.76575 0.032633158289572396 0.0375
0 0.5371342835708928 0.729 0.02625656414103526 0.041
0 0.4934358589647412 0.6905 0.028882220555138786 0.04
0 0.5225056264066017 0.69725 0.025506376594148537 0.0425
0 0.4679294823705927 0.6665 0.02738184546136534 0.043
0 0.48799699924981244 0.6395 0.03150787696924231 0.037
0 0.5011252813203301 0.603 0.030007501875468866 0.036
0 0.5264441110277569 0.56825 0.030382595648912228 0.0435
0 0.5300075018754689 0.603 0.024006001500375095 0.037
0 0.49193548387096775 0.53375 0.03338334583645911 0.0315
0 0.5271942985746436 0.64575 0.028882220555138786 0.0385
0 0.5470742685671418 0.68375 0.028882220555138786 0.0365
0 0.5677044261065266 0.7125 0.03338334583645911 0.039
0 0.5588897224306076 0.64125 0.02625656414103526 0.0425
0 0.5770817704426107 0.61475 0.03113278319579895 0.0445
0 0.5542010502625656 0.59625 0.02663165791447862 0.0365
0 0.5521380345086272 0.557 0.029257314328582147 0.039
0 0.5778319579894974 0.54775 0.03113278319579895 0.0465
0 0.521755438859715 0.518 0.029257314328582147 0.039
0 0.4964366091522881 0.488 0.03113278319579895 0.046
0 0.4797449362340585 0.44575 0.03075768942235559 0.0425
0 0.4576144036009002 0.4235 0.028507126781695424 0.045
0 0.42966991747936983 0.41775 0.03113278319579895 0.0435
0 0.45367591897974496 0.3825 0.032633158289572396 0.045
0 0.47861965491372843 0.39575 0.024756189047261814 0.0425
0 0.47674418604651164 0.35425 0.03225806451612903 0.0395
0 0.42179294823705926 0.3295 0.034133533383345835 0.044
0 0.4154163540885221 0.3025 0.03188297074268567 0.031
0 0.44036009002250565 0.28975 0.033008252063015754 0.0355
0 0.4491747936984246 0.32525 0.032633158289572396 0.0425
0 0.47768192048012004 0.261 0.03188297074268567 0.041
0 0.48593398349587397 0.302 0.029632408102025505 0.041
0 0.5146286571642911 0.33475 0.030007501875468866 0.0415
0 0.5144411102775694 0.2905 0.028132033008252063 0.041
0 0.5174418604651163 0.2495 0.029632408102025505 0.042
0 0.5395723930982745 0.26825 0.03113278319579895 0.0435
0 0.540510127531883 0.243 0.024756189047261814 0.029
0 0.5585146286571643 0.2165 0.03075768942235559 0.038
0 0.5705176294073518 0.267 0.028507126781695424 0.04
0 0.6040885221305327 0.2355 0.03563390847711928 0.04
0 0.6228432108027007 0.27075 0.03563390847711928 0.0425
0 0.627344336084021 0.242 0.02663165791447862 0.031
0 0.6187171792948237 0.2155 0.02138034508627157 0.025
0 0.6432858214553638 0.226 0.024756189047261814 0.04
0 0.6642910727681921 0.24225 0.028507126781695424 0.0345
0 0.6596024006001501 0.26525 0.02738184546136534 0.0455
0 0.6485371342835708 0.3015 0.03600900225056264 0.038
0 0.5772693173293323 0.30925 0.03150787696924231 0.0355
0 0.596211552888222 0.338 0.028882220555138786 0.046
0 0.6243435858964741 0.3385 0.028882220555138786 0.041
0 0.5695798949737434 0.3445 0.034133533383345835 0.048
0 0.5472618154538634 0.319 0.033008252063015754 0.045
0 0.5373218304576144 0.36575 0.03788447111777944 0.0345
0 0.5536384096024006 0.40125 0.03225806451612903 0.0435
0 0.5840210052513128 0.419 0.035258814703675916 0.044
0 0.6108402100525131 0.423 0.025131282820705175 0.042
0 0.622093023255814 0.37975 0.038634658664666165 0.0425
0 0.5037509377344336 0.3785 0.03375843960990248 0.041
0 0.5033758439609902 0.41575 0.033008252063015754 0.0435
0 0.5326331582895724 0.423 0.0277569392348087 0.046
0 0.517066766691673 0.454 0.032633158289572396 0.041
0 0.540510127531883 0.48275 0.03225806451612903 0.0455
0 0.5536384096024006 0.44675 0.029257314328582147 0.0445
0 0.5767066766691673 0.471 0.03788447111777944 0.04
0 0.5650787696924231 0.507 0.028882220555138786 0.039
0 0.6027756939234808 0.5005 0.035258814703675916 0.042
0 0.6280945236309077 0.52775 0.03488372093023256 0.0465
0 0.6359714928732183 0.4885 0.025881470367591898 0.04
0 0.6123405851462865 0.459 0.03488372093023256 0.041
0 0.6734808702175544 0.4845 0.030382595648912228 0.045
0 0.6447861965491373 0.4485 0.02700675168792198 0.043
0 0.6836084021005251 0.523 0.03188297074268567 0.045
0 0.6378469617404351 0.56225 0.029632408102025505 0.0415
0 0.6063390847711928 0.56175 0.028882220555138786 0.0425
0 0.6072768192048013 0.606 0.029257314328582147 0.045
0 0.6376594148537135 0.6015 0.029257314328582147 0.041
0 0.5995873968492123 0.64875 0.028882220555138786 0.0425
0 0.6327831957989497 0.64475 0.03075768942235559 0.0425
0 0.6001500375093773 0.6955 0.03375843960990248 0.046
0 0.6205926481620405 0.6815 0.028132033008252063 0.043
0 0.595086271567892 0.7395 0.03188297074268567 0.038
0 0.6177794448612153 0.71675 0.030007501875468866 0.0345
0 0.6504126031507877 0.70175 0.03825956489122281 0.0375
0 0.6417854463615904 0.7475 0.03075768942235559 0.044
0 0.6370967741935484 0.77225 0.02663165791447862 0.0365
0 0.6324081020255063 0.8205 0.029257314328582147 0.04
0 0.6046511627906976 0.832 0.028507126781695424 0.039
0 0.5765191297824456 0.82125 0.02250562640660165 0.0445
0 0.5566391597899475 0.7825 0.023255813953488372 0.045
0 0.6712303075768942 0.72825 0.02663165791447862 0.0395
0 0.6881095273818455 0.748 0.02738184546136534 0.043
0 0.7104276069017255 0.764 0.028507126781695424 0.036
0 0.7132408102025506 0.72525 0.028132033008252063 0.0455
0 0.6639159789947486 0.67775 0.03075768942235559 0.0435
0 0.6894223555888972 0.69 0.029257314328582147 0.034
0 0.691297824456114 0.65625 0.029257314328582147 0.0425
0 0.718304576144036 0.682 0.030007501875468866 0.041
0 0.7338709677419355 0.70675 0.025881470367591898 0.0435
0 0.7481245311327832 0.747 0.029632408102025505 0.044
0 0.6731057764441111 0.61675 0.029632408102025505 0.0375
0 0.690735183795949 0.583 0.03188297074268567 0.044
0 0.7055513878469617 0.6195 0.03150787696924231 0.037
0 0.7228057014253564 0.58575 0.03075768942235559 0.0425
0 0.7402475618904726 0.6395 0.03338334583645911 0.039
0 0.7603150787696924 0.664 0.03900975243810953 0.03
0 0.771755438859715 0.69325 0.02663165791447862 0.0465
0 0.771755438859715 0.7385 0.025881470367591898 0.048
0 0.7715678919729932 0.78875 0.03150787696924231 0.0515
0 0.7503750937734434 0.586 0.02738184546136534 0.044
0 0.7597524381095274 0.61025 0.025881470367591898 0.0425
0 0.7713803450862715 0.56725 0.03488372093023256 0.0355
0 0.6957989497374344 0.5525 0.029257314328582147 0.039
0 0.7226181545386346 0.5265 0.041635408852213056 0.041
0 0.7363090772693174 0.54725 0.03225806451612903 0.0315
0 0.7038634658664666 0.49475 0.037134283570892726 0.0455
0 0.7379969992498124 0.4945 0.029632408102025505 0.048
0 0.6597899474868717 0.40725 0.03150787696924231 0.0375
0 0.6811702925731433 0.4415 0.033008252063015754 0.04
0 0.7228057014253564 0.4465 0.030007501875468866 0.044
0 0.7426856714178545 0.4455 0.03150787696924231 0.048
0 0.77344336084021 0.48375 0.02700675168792198 0.0445
0 0.7093023255813954 0.38975 0.03075768942235559 0.0435
0 0.6974868717179294 0.363 0.03488372093023256 0.042
0 0.6671042760690172 0.329 0.03563390847711928 0.041
0 0.700675168792198 0.25575 0.028507126781695424 0.0445
0 0.6839834958739685 0.293 0.032633158289572396 0.042
0 0.7188672168042011 0.2215 0.03338334583645911 0.039
0 0.7357464366091523 0.257 0.03113278319579895 0.046
0 0.758814703675919 0.2275 0.035258814703675916 0.038
0 0.7316204051012754 0.3275 0.03563390847711928 0.045
0 0.7357464366091523 0.36175 0.029632408102025505 0.0345
0 0.7439984996249063 0.39075 0.03113278319579895 0.0495
0 0.7751312828207052 0.29 0.03788447111777944 0.043
0 0.7914478619654913 0.28725 0.021005251312828207 0.0445
0 0.8208927231807952 0.291 0.032633158289572396 0.04
0 0.8674043510877719 0.30975 0.036384096024006 0.0455
0 0.877906976744186 0.3505 0.037134283570892726 0.043
0 0.8218304576144037 0.33225 0.03375843960990248 0.0405
0 0.7785071267816954 0.334 0.028882220555138786 0.042
0 0.8085146286571643 0.36975 0.03563390847711928 0.0445
0 0.8387096774193549 0.37775 0.030007501875468866 0.0295
0 0.7792573143285821 0.39975 0.03113278319579895 0.0415
0 0.7831957989497375 0.43925 0.035258814703675916 0.0475
0 0.8154538634658665 0.40875 0.033008252063015754 0.0455
0 0.8208927231807952 0.4415 0.03563390847711928 0.034
0 0.8098274568642161 0.47925 0.033008252063015754 0.0465
0 0.8542760690172543 0.47375 0.03113278319579895 0.0475
0 0.8765941485371342 0.4515 0.03150787696924231 0.042
0 0.8670292573143286 0.4095 0.034133533383345835 0.048
0 0.8869092273068268 0.4 0.03113278319579895 0.046
0 0.9142910727681921 0.4265 0.036384096024006 0.041
0 0.9064141035258815 0.46725 0.029632408102025505 0.0455
0 0.845648912228057 0.52125 0.03563390847711928 0.0425
0 0.7946361590397599 0.5265 0.03338334583645911 0.043
0 0.8068267066766691 0.55575 0.028507126781695424 0.0445
0 0.7980120030007501 0.596 0.03113278319579895 0.04
0 0.799324831207802 0.64325 0.03225806451612903 0.0445
0 0.8218304576144037 0.665 0.030007501875468866 0.046
0 0.8207051762940735 0.7375 0.03600900225056264 0.041
0 0.8135783945986497 0.77475 0.033008252063015754 0.0395
0 0.8433983495873969 0.81325 0.032633158289572396 0.0475
0 0.8073893473368342 0.832 0.03113278319579895 0.047
0 0.7798199549887472 0.8545 0.03150787696924231 0.04
0 0.8411477869467366 0.75625 0.030382595648912228 0.0405
0 0.8803450862715679 0.76925 0.033008252063015754 0.0435
0 0.8992873218304576 0.73525 0.03338334583645911 0.0525
0 0.8595273818454614 0.70125 0.03188297074268567 0.0435
0 0.8859714928732183 0.67375 0.03225806451612903 0.0395
0 0.8872843210802701 0.69725 0.03113278319579895 0.0295
0 0.8482745686421606 0.6365 0.03488372093023256 0.04
0 0.8805326331582896 0.6095 0.029632408102025505 0.043
0 0.9021005251312828 0.638 0.030007501875468866 0.044
0 0.9330457614403601 0.6 0.03488372093023256 0.045
0 0.8381470367591898 0.58975 0.030382595648912228 0.0435
0 0.8458364591147787 0.557 0.03150787696924231 0.033
0 0.8707801950487621 0.56525 0.02663165791447862 0.0425
0 0.909039759939985 0.55175 0.028132033008252063 0.0425
0 0.8951612903225806 0.51125 0.030382595648912228 0.0445
0 0.9193548387096774 0.51275 0.024006001500375095 0.0405