0 0.10708927231807952 0.5215 0.061890472618154536 0.07
0 0.07933233308327081 0.596 0.06489122280570142 0.078
0 0.08495873968492124 0.66125 0.06564141035258815 0.0765
0 0.0995873968492123 0.7405 0.05588897224306077 0.074
0 0.15678919729932483 0.494 0.06526631657914479 0.069
0 0.16354088522130533 0.56875 0.06451612903225806 0.0755
0 0.17629407351837958 0.635 0.0622655663915979 0.07
0 0.1532258064516129 0.69775 0.05738934733683421 0.0635
0 0.16804201050262565 0.7545 0.05776444111027757 0.074
0 0.22168042010502625 0.76675 0.058514628657164294 0.0785
0 0.21417854463615904 0.6875 0.058514628657164294 0.07
0 0.2788822205551388 0.7595 0.055138784696174045 0.073
0 0.26500375093773443 0.69925 0.05888972243060765 0.0665
0 0.2404351087771943 0.6375 0.058514628657164294 0.072
0 0.22355588897224307 0.57675 0.05776444111027757 0.0745
0 0.20761440360090022 0.4705 0.06339084771192798 0.076
0 0.177231807951988 0.40425 0.056639159789947484 0.0815
0 0.22824456114028507 0.3995 0.06339084771192798 0.082
0 0.18229557389347337 0.32825 0.0622655663915979 0.0855
0 0.231807951987997 0.2265 0.06526631657914479 0.094
0 0.2471867966991748 0.30825 0.06601650412603151 0.0925
0 0.2940735183795949 0.21575 0.06376594148537135 0.0895
0 0.3072018004501125 0.299 0.07126781695423856 0.087
0 0.28169542385596397 0.38025 0.058514628657164294 0.0855
0 0.37021755438859716 0.19225 0.0555138784696174 0.0855
0 0.36946736684171044 0.28225 0.06151537884471118 0.0895
0 0.34171042760690173 0.372 0.058514628657164294 0.085
0 0.3066391597899475 0.449 0.0603900975243811 0.089
0 0.2760690172543136 0.4995 0.06676669167291822 0.082
0 0.2753188297074269 0.58425 0.05926481620405101 0.0805
0 0.2996999249812453 0.63875 0.0555138784696174 0.0705
0 0.3379594898724681 0.7015 0.06001500375093773 0.078
0 0.3332708177044261 0.77575 0.05138784696174044 0.0665
0 0.3934733683420855 0.757 0.05401350337584396 0.062
0 0.3936609152288072 0.71475 0.061140285071267814 0.0555
0 0.4409227306826707 0.7325 0.059639909977494375 0.074
0 0.363278319579895 0.64225 0.05888972243060765 0.0635
0 0.3413353338334584 0.5915 0.06151537884471118 0.072
0 0.32051762940735185 0.5305 0.0641410352588147 0.07
0 0.3777194298574644 0.556 0.058514628657164294 0.077
0 0.40678919729932483 0.493 0.05588897224306077 0.069
0 0.36627906976744184 0.445 0.05888972243060765 0.083
0 0.40078769692423105 0.366 0.06339084771192798 0.093
0 0.445423855963991 0.4035 0.061140285071267814 0.08
0 0.45911477869467365 0.46975 0.05776444111027757 0.0775
0 0.4435483870967742 0.55475 0.05738934733683421 0.0745
0 0.42085521380345087 0.60475 0.058514628657164294 0.0675
0 0.43623405851462865 0.66475 0.06001500375093773 0.0725
0 0.48443360840210054 0.7725 0.05588897224306077 0.068
0 0.5101275318829708 0.809 0.051762940735183796 0.061
0 0.5690172543135784 0.82 0.05101275318829707 0.069
0 0.5356339084771192 0.7615 0.05326331582895724 0.066
0 0.5086271567891973 0.7075 0.0622655663915979 0.072
0 0.47655663915978996 0.6255 0.05738934733683421 0.07
0 0.5301950487621906 0.63275 0.0536384096024006 0.0765
0 0.49549887471867965 0.5705 0.06151537884471118 0.074
0 0.5971492873218305 0.75925 0.056264066016504126 0.0665
0 0.6282820705176294 0.7925 0.0450112528132033 0.061
0 0.576331582895724 0.65775 0.05438859714928732 0.0635
0 0.5753938484621155 0.7135 0.051762940735183796 0.068
0 0.641972993248312 0.7315 0.050637659414853715 0.072
0 0.6142160540135033 0.6745 0.0536384096024006 0.076
0 0.686046511627907 0.7535 0.04951237809452363 0.061
0 0.7310577644411103 0.7225 0.04951237809452363 0.064
0 0.6957989497374344 0.69 0.06301575393848462 0.064
0 0.6567891972993248 0.65175 0.05251312828207052 0.0655
0 0.6288447111777945 0.60875 0.05588897224306077 0.0725
0 0.5770817704426107 0.585 0.05588897224306077 0.071
0 0.5506376594148538 0.54525 0.051762940735183796 0.0725
0 0.5078769692423106 0.5055 0.05926481620405101 0.069
0 0.440735183795949 0.17825 0.0690172543135784 0.0875
0 0.43210802700675166 0.27275 0.0622655663915979 0.0935
0 0.5103150787696924 0.21225 0.06789197299324831 0.0895
0 0.49287321830457614 0.27625 0.06601650412603151 0.0835
0 0.481807951987997 0.354 0.0671417854463616 0.075
0 0.5225056264066017 0.42125 0.06451612903225806 0.0735
0 0.5703300825206301 0.4645 0.061140285071267814 0.08
0 0.5986496624156039 0.52375 0.04876219054763691 0.0745
0 0.6457239309827457 0.533 0.05438859714928732 0.069
0 0.6762940735183796 0.57875 0.0555138784696174 0.0675
0 0.7083645911477869 0.626 0.05138784696174044 0.075
0 0.7469992498124531 0.658 0.04688672168042011 0.067
0 0.7668792198049512 0.6915 0.046136534133533386 0.066
0 0.8188297074268567 0.65425 0.04951237809452363 0.0595
0 0.7830082520630157 0.61675 0.05813953488372093 0.0675
0 0.7363090772693174 0.56925 0.05251312828207052 0.0685
0 0.6991747936984246 0.51375 0.05026256564141035 0.0705
0 0.6661665416354089 0.4705 0.060765191297824456 0.069
0 0.621530382595649 0.43625 0.05701425356339085 0.0755
0 0.5703300825206301 0.39975 0.059639909977494375 0.0675
0 0.5420105026256564 0.34725 0.06526631657914479 0.0715
0 0.5622655663915979 0.266 0.058514628657164294 0.078
0 0.5885221305326331 0.189 0.058514628657164294 0.091
0 0.626781695423856 0.2545 0.05701425356339085 0.083
0 0.6042760690172543 0.3355 0.05701425356339085 0.071
0 0.65847711927982 0.35025 0.056639159789947484 0.0835
0 0.6899849962490623 0.40975 0.05738934733683421 0.0795
0 0.7256189047261815 0.4515 0.05288822205551388 0.078
0 0.7616279069767442 0.49925 0.056639159789947484 0.0745
0 0.7899474868717179 0.5425 0.0450112528132033 0.068
0 0.8210802700675168 0.5795 0.0450112528132033 0.066
0 0.849774943735934 0.6435 0.041635408852213056 0.058
0 0.9039759939984996 0.6155 0.05026256564141035 0.065
0 0.8614028507126782 0.581 0.04538634658664666 0.059
0 0.8448987246811703 0.5255 0.052138034508627154 0.068
0 0.818642160540135 0.479 0.0536384096024006 0.07
0 0.777569392348087 0.405 0.06151537884471118 0.065
0 0.7623780945236309 0.3565 0.061140285071267814 0.078
0 0.7258064516129032 0.29425 0.06451612903225806 0.0815
0 0.6987996999249813 0.238 0.06151537884471118 0.082
0 0.8162040510127532 0.40675 0.05026256564141035 0.0745
0 0.859714928732183 0.3755 0.04951237809452363 0.072
0 0.8642160540135033 0.44925 0.05476369092273068 0.0755
0 0.9144786196549137 0.405 0.05476369092273068 0.071
0 0.9292948237059265 0.4615 0.04838709677419355 0.071
0 0.8906601650412603 0.50575 0.047636909227306824 0.0695
0 0.9437359339834959 0.5155 0.051762940735183796 0.068
0 0.9122280570142536 0.5595 0.05776444111027757 0.064
0 0.9529257314328582 0.57225 0.046136534133533386 0.0655