0 0.1511627906976744 0.44575 0.02700675168792198 0.0415
0 0.15978994748687173 0.493 0.030007501875468866 0.041
0 0.14084771192798198 0.53025 0.02288072018004501 0.0425
0 0.15735183795948987 0.53325 0.032633158289572396 0.0425
0 0.13934733683420855 0.579 0.024381095273818456 0.047
0 0.15978994748687173 0.58625 0.02625656414103526 0.0475
0 0.17873218304576144 0.5705 0.03188297074268567 0.044
0 0.15960240060015005 0.6405 0.03113278319579895 0.045
0 0.19486121530382597 0.62425 0.03188297074268567 0.0455
0 0.19411102775693923 0.60225 0.02288072018004501 0.0255
0 0.17798199549887472 0.66925 0.019879969992498126 0.0355
0 0.19279819954988747 0.666 0.03225806451612903 0.044
0 0.21999249812453114 0.66175 0.03113278319579895 0.0465
0 0.1963615903975994 0.56 0.02738184546136534 0.045
0 0.1704801200300075 0.469 0.029632408102025505 0.041
0 0.1811702925731433 0.4185 0.03150787696924231 0.043
0 0.1946736684171043 0.38 0.02700675168792198 0.041
0 0.22355588897224307 0.37525 0.030007501875468866 0.0485
0 0.21717929482370593 0.4115 0.03150787696924231 0.046
0 0.20255063765941486 0.4625 0.033008252063015754 0.045
0 0.1980495123780945 0.504 0.03150787696924231 0.043
0 0.2222430607651913 0.483 0.030382595648912228 0.046
0 0.22111777944486122 0.55 0.03188297074268567 0.051
0 0.2511252813203301 0.59775 0.03113278319579895 0.0475
0 0.2768192048012003 0.6135 0.03150787696924231 0.048
0 0.2921980495123781 0.65025 0.03825956489122281 0.0465
0 0.272880720180045 0.66625 0.03338334583645911 0.0435
0 0.3237059264816204 0.665 0.03150787696924231 0.049
0 0.23387096774193547 0.5125 0.030382595648912228 0.045
0 0.24643660915228807 0.45775 0.03075768942235559 0.0435
0 0.2526256564141035 0.34175 0.03188297074268567 0.0475
0 0.28000750187546886 0.333 0.032633158289572396 0.052
0 0.32314328582145535 0.32925 0.03113278319579895 0.0455
0 0.30532633158289574 0.37275 0.03225806451612903 0.0425
0 0.28225806451612906 0.39925 0.03188297074268567 0.0475
0 0.28075768942235557 0.438 0.029632408102025505 0.035
0 0.2653788447111778 0.48075 0.03188297074268567 0.0435
0 0.28413353338334585 0.49325 0.034133533383345835 0.0395
0 0.29257314328582146 0.45325 0.03225806451612903 0.0455
0 0.26125281320330085 0.54125 0.032633158289572396 0.0465
0 0.3038259564891223 0.5425 0.0345086271567892 0.048
0 0.3032633158289572 0.58575 0.03188297074268567 0.0475
0 0.3237059264816204 0.62025 0.03225806451612903 0.0495
0 0.35858964741185295 0.655 0.03225806451612903 0.048
0 0.3152663165791448 0.49775 0.034133533383345835 0.0465
0 0.33158289572393096 0.46325 0.0345086271567892 0.0475
0 0.31882970742685673 0.4135 0.03375843960990248 0.043
0 0.3471492873218305 0.40475 0.03338334583645911 0.0475
0 0.36271567891972994 0.35375 0.033008252063015754 0.0465
0 0.39891222805701426 0.3295 0.03338334583645911 0.039
0 0.3899099774943736 0.36975 0.029632408102025505 0.0475
0 0.42666916729182297 0.3405 0.03488372093023256 0.048
0 0.4146661665416354 0.3805 0.03563390847711928 0.04
0 0.37509377344336087 0.4125 0.03375843960990248 0.047
0 0.4032258064516129 0.42825 0.0345086271567892 0.0515
0 0.38165791447861963 0.459 0.037134283570892726 0.048
0 0.367966991747937 0.5055 0.0345086271567892 0.04
0 0.34227306826706677 0.5335 0.03338334583645911 0.047
0 0.3529632408102025 0.57025 0.033008252063015754 0.0405
0 0.37884471117779445 0.589 0.03675918979744936 0.049
0 0.38803450862715677 0.63025 0.037134283570892726 0.0455
0 0.4129782445611403 0.65825 0.0345086271567892 0.0535
0 0.39497374343585895 0.53975 0.033008252063015754 0.0415
0 0.4069767441860465 0.5115 0.03825956489122281 0.046
0 0.413728432108027 0.47425 0.03375843960990248 0.0435
0 0.46511627906976744 0.32625 0.03600900225056264 0.0495
0 0.4484246061515379 0.3705 0.03788447111777944 0.043
0 0.4551762940735184 0.40675 0.036384096024006 0.0445
0 0.44879969992498125 0.452 0.03188297074268567 0.052
0 0.4521755438859715 0.50025 0.03338334583645911 0.0415
0 0.43792198049512376 0.55125 0.03788447111777944 0.0445
0 0.44898724681170293 0.66675 0.03375843960990248 0.0555
0 0.4609902475618905 0.621 0.03225806451612903 0.049
0 0.4713053263315829 0.72 0.034133533383345835 0.046
0 0.4881845461365341 0.759 0.032633158289572396 0.044
0 0.5198799699924981 0.79575 0.030007501875468866 0.0495
0 0.5577644411102776 0.80325 0.03375843960990248 0.0455
0 0.5641410352588146 0.8545 0.03600900225056264 0.05
0 0.5922730682670667 0.813 0.037509377344336084 0.048
0 0.6202175543885972 0.8035 0.03563390847711928 0.049
0 0.5166916729182296 0.74075 0.03488372093023256 0.0475
0 0.5536384096024006 0.75475 0.0345086271567892 0.0525
0 0.5875843960990248 0.7485 0.041635408852213056 0.048
0 0.6282820705176294 0.74075 0.0345086271567892 0.0475
0 0.6729182295573893 0.73425 0.03900975243810953 0.0505
0 0.6920480120030007 0.7755 0.03900975243810953 0.047
0 0.4891222805701425 0.6795 0.03225806451612903 0.05
0 0.5165041260315079 0.6625 0.035258814703675916 0.045
0 0.49268567141785446 0.61825 0.03338334583645911 0.0485
0 0.5328207051762941 0.69825 0.03488372093023256 0.0465
0 0.5474493623405852 0.669 0.037134283570892726 0.053
0 0.5765191297824456 0.70325 0.03900975243810953 0.0435
0 0.4808702175543886 0.572 0.037509377344336084 0.044
0 0.47505626406601653 0.537 0.03563390847711928 0.045
0 0.5108777194298575 0.54725 0.033008252063015754 0.0455
0 0.5249437359339835 0.5855 0.03938484621155289 0.04
0 0.5386346586646662 0.624 0.037509377344336084 0.049
0 0.5735183795948987 0.61075 0.03825956489122281 0.0485
0 0.5860840210052514 0.657 0.036384096024006 0.045
0 0.644973743435859 0.69475 0.034133533383345835 0.0365
0 0.6254688672168042 0.6675 0.04088522130532633 0.04
0 0.7145536384096024 0.72375 0.04051012753188297 0.0535
0 0.6656039009752438 0.662 0.037134283570892726 0.051
0 0.7014253563390848 0.66925 0.035258814703675916 0.0545
0 0.7319954988747187 0.68175 0.032633158289572396 0.0415
0 0.7678169542385597 0.68 0.035258814703675916 0.051
0 0.7278694673668417 0.64125 0.037134283570892726 0.0455
0 0.6852963240810203 0.62225 0.03900975243810953 0.0465
0 0.6504126031507877 0.61375 0.04276069017254314 0.0445
0 0.5609527381845462 0.55675 0.037134283570892726 0.0485
0 0.609714928732183 0.56425 0.036384096024006 0.0485
0 0.6457239309827457 0.561 0.03788447111777944 0.046
0 0.7046136534133534 0.5715 0.037134283570892726 0.05
0 0.7366841710427607 0.588 0.03975993998499625 0.048
0 0.7944486121530383 0.6235 0.03900975243810953 0.045
0 0.8812828207051763 0.63 0.04463615903975994 0.045
0 0.8090772693173294 0.56625 0.042010502625656414 0.0435
0 0.7509377344336085 0.545 0.04051012753188297 0.049
0 0.7145536384096024 0.52625 0.03900975243810953 0.0495
0 0.47243060765191297 0.484 0.03563390847711928 0.049
0 0.5086271567891973 0.49625 0.03975993998499625 0.0475
0 0.558702175543886 0.51375 0.03938484621155289 0.0505
0 0.4951237809452363 0.44725 0.03600900225056264 0.0465
0 0.4894973743435859 0.40425 0.0345086271567892 0.0475
0 0.4848087021755439 0.362 0.036384096024006 0.046
0 0.5071267816954238 0.32425 0.037509377344336084 0.0515
0 0.5138784696174044 0.37725 0.037509377344336084 0.0435
0 0.5193173293323331 0.42175 0.036384096024006 0.0475
0 0.5386346586646662 0.4585 0.0345086271567892 0.05
0 0.5703300825206301 0.46975 0.034133533383345835 0.0575
0 0.6003375843960991 0.494 0.036384096024006 0.053
0 0.6294073518379595 0.51325 0.03675918979744936 0.0455
0 0.6667291822955739 0.50925 0.04013503375843961 0.0435
0 0.5491372843210802 0.40025 0.035258814703675916 0.0515
0 0.5813953488372093 0.42025 0.037509377344336084 0.0485
0 0.6202175543885972 0.442 0.03938484621155289 0.053
0 0.6517254313578394 0.474 0.04013503375843961 0.046
0 0.700675168792198 0.48025 0.042010502625656414 0.0525
0 0.7554388597149287 0.49775 0.03825956489122281 0.0455
0 0.7955738934733684 0.53225 0.03975993998499625 0.0535
0 0.8225806451612904 0.5125 0.03375843960990248 0.046
0 0.8392723180795199 0.5405 0.041635408852213056 0.056
0 0.885596399099775 0.52075 0.04351087771942986 0.0495
0 0.9214178544636159 0.5285 0.038634658664666165 0.05
0 0.8614028507126782 0.4775 0.03938484621155289 0.048
0 0.9062265566391597 0.45975 0.04426106526631658 0.0555
0 0.7970742685671418 0.47675 0.04126031507876969 0.0485
0 0.8282070517629407 0.45375 0.03675918979744936 0.0495
0 0.7361215303825956 0.462 0.04013503375843961 0.045
0 0.6834208552138035 0.44 0.04276069017254314 0.048
0 0.609714928732183 0.40625 0.03563390847711928 0.0465
0 0.5793323330832708 0.3795 0.03938484621155289 0.044
0 0.549324831207802 0.352 0.03788447111777944 0.046
0 0.5326331582895724 0.3125 0.03225806451612903 0.049
0 0.5731432858214554 0.29525 0.03675918979744936 0.0495
0 0.5922730682670667 0.32775 0.037509377344336084 0.0475
0 0.6258439609902475 0.31875 0.037134283570892726 0.0495
0 0.6309077269317329 0.362 0.037509377344336084 0.05
0 0.6477869467366841 0.41125 0.03975993998499625 0.0525
0 0.6663540885221305 0.3425 0.03563390847711928 0.051
0 0.65847711927982 0.28275 0.037134283570892726 0.0475
0 0.6903600900225056 0.274 0.036384096024006 0.047
0 0.7081770442610653 0.311 0.042010502625656414 0.051
0 0.6811702925731433 0.3885 0.04126031507876969 0.046
0 0.7196174043510878 0.41175 0.03938484621155289 0.0505
0 0.7063015753938484 0.37075 0.03825956489122281 0.0485
0 0.7357464366091523 0.35025 0.03788447111777944 0.0535
0 0.7409977494373593 0.39175 0.041635408852213056 0.0445
0 0.7638784696174044 0.43 0.04088522130532633 0.051
0 0.7753188297074268 0.386 0.035258814703675916 0.054
0 0.8034508627156789 0.4155 0.03900975243810953 0.052
0 0.855026256564141 0.41575 0.04088522130532633 0.0485
0 0.7244936234058514 0.256 0.03938484621155289 0.054
0 0.7657539384846211 0.24975 0.038634658664666165 0.0515
0 0.8143285821455364 0.262 0.03975993998499625 0.052
0 0.7813203300825207 0.3285 0.03825956489122281 0.043
0 0.8302700675168793 0.3215 0.04013503375843961 0.05
0 0.8257689422355589 0.3725 0.03563390847711928 0.049
0 0.9036009002250562 0.39025 0.04126031507876969 0.0495
0 0.9259189797449362 0.34075 0.04238559639909977 0.0535