0 0.18435858964741186 0.39475 0.0603900975243811 0.0705
0 0.22918229557389347 0.3095 0.05476369092273068 0.072
0 0.26219054763690924 0.2865 0.05476369092273068 0.081
0 0.3115153788447112 0.26225 0.06264066016504126 0.0925
0 0.28113278319579893 0.381 0.052138034508627154 0.077
0 0.25618904726181546 0.425 0.04876219054763691 0.063
0 0.22655663915978994 0.44125 0.0555138784696174 0.0615
0 0.2031132783195799 0.51675 0.05138784696174044 0.0615
0 0.27438109527381843 0.49875 0.056639159789947484 0.0695
0 0.2813203300825206 0.54425 0.04951237809452363 0.0595
0 0.2259939984996249 0.612 0.05138784696174044 0.064
0 0.2788822205551388 0.62325 0.04688672168042011 0.0635
0 0.3085146286571643 0.7045 0.04988747186796699 0.06
0 0.3372093023255814 0.741 0.05326331582895724 0.053
0 0.35690172543135784 0.80025 0.047636909227306824 0.0475
0 0.3756564141035259 0.8485 0.04913728432108027 0.054
0 0.4214178544636159 0.895 0.047636909227306824 0.057
0 0.43698424606151537 0.84675 0.04351087771942986 0.0585
0 0.4186046511627907 0.796 0.04576144036009002 0.061
0 0.38972243060765194 0.734 0.047261815453863466 0.058
0 0.4021005251312828 0.6915 0.04876219054763691 0.055
0 0.38803450862715677 0.6235 0.04988747186796699 0.054
0 0.33664666166541635 0.5865 0.05288822205551388 0.055
0 0.37509377344336087 0.54925 0.047261815453863466 0.0645
0 0.3327081770442611 0.5065 0.04951237809452363 0.061
0 0.3276444111027757 0.4205 0.05438859714928732 0.068
0 0.3413353338334584 0.3585 0.06151537884471118 0.079
0 0.3835333833458365 0.295 0.0603900975243811 0.087
0 0.41916729182295576 0.352 0.05588897224306077 0.08
0 0.40416354088522133 0.408 0.04688672168042011 0.068
0 0.3809077269317329 0.4735 0.05438859714928732 0.067
0 0.4386721680420105 0.473 0.052138034508627154 0.066
0 0.4216054013503376 0.53425 0.05251312828207052 0.0675
0 0.44373593398349587 0.59175 0.056264066016504126 0.0665
0 0.4484246061515379 0.6515 0.05288822205551388 0.062
0 0.44992498124531133 0.71725 0.052138034508627154 0.0575
0 0.4503000750187547 0.76325 0.047636909227306824 0.0555
0 0.4759939984996249 0.813 0.0450112528132033 0.062
0 0.48030757689422354 0.8915 0.04463615903975994 0.058
0 0.4891222805701425 0.93025 0.047261815453863466 0.0555
0 0.5331957989497375 0.88325 0.03938484621155289 0.0385
0 0.5669542385596399 0.908 0.04238559639909977 0.046
0 0.5789572393098275 0.865 0.038634658664666165 0.044
0 0.5208177044261065 0.85875 0.046136534133533386 0.0505
0 0.6254688672168042 0.85375 0.04463615903975994 0.0545
0 0.5603900975243811 0.81725 0.04126031507876969 0.0475
0 0.6102775693923481 0.809 0.04426106526631658 0.054
0 0.6582895723930983 0.79725 0.0450112528132033 0.0505
0 0.49174793698424607 0.7525 0.05026256564141035 0.058
0 0.527569392348087 0.78825 0.046136534133533386 0.0495
0 0.5800825206301575 0.776 0.05588897224306077 0.054
0 0.5465116279069767 0.7195 0.047261815453863466 0.061
0 0.5918979744936234 0.708 0.042010502625656414 0.058
0 0.617966991747937 0.73 0.03788447111777944 0.056
0 0.6582895723930983 0.7115 0.04426106526631658 0.058
0 0.6333458364591148 0.683 0.043135783945986494 0.053
0 0.49549887471867965 0.68925 0.04801200300075019 0.0555
0 0.5395723930982745 0.67425 0.04388597149287322 0.0565
0 0.5838334583645911 0.644 0.052138034508627154 0.059
0 0.6753563390847712 0.656 0.043135783945986494 0.059
0 0.4964366091522881 0.619 0.04538634658664666 0.057
0 0.5431357839459865 0.61525 0.04876219054763691 0.0535
0 0.6005251312828207 0.58275 0.05101275318829707 0.0585
0 0.6363465866466617 0.61275 0.050637659414853715 0.0605
0 0.505251312828207 0.56575 0.04876219054763691 0.0585
0 0.554013503375844 0.539 0.04276069017254314 0.057
0 0.6746061515378845 0.58725 0.04463615903975994 0.0595
0 0.6457239309827457 0.54925 0.04688672168042011 0.0615
0 0.4788072018004501 0.49625 0.04988747186796699 0.0625
0 0.46774193548387094 0.42025 0.05026256564141035 0.0725
0 0.5076894223555889 0.4415 0.05138784696174044 0.065
0 0.5512003000750187 0.47975 0.0536384096024006 0.0695
0 0.5993998499624906 0.5085 0.05476369092273068 0.065
0 0.6669167291822956 0.493 0.04876219054763691 0.065
0 0.6237809452363091 0.45375 0.05101275318829707 0.0645
0 0.682483120780195 0.428 0.04913728432108027 0.072
0 0.7064891222805701 0.48025 0.046136534133533386 0.0655
0 0.48424606151537886 0.34575 0.05251312828207052 0.0635
0 0.5403225806451613 0.38975 0.052138034508627154 0.0625
0 0.5843960990247562 0.41475 0.04951237809452363 0.0655
0 0.6342835708927231 0.3855 0.05026256564141035 0.069
0 0.46305326331582897 0.229 0.05738934733683421 0.084
0 0.5071267816954238 0.27375 0.05401350337584396 0.0745
0 0.5315078769692423 0.21 0.058514628657164294 0.085
0 0.5483870967741935 0.31475 0.05026256564141035 0.0555
0 0.608589647411853 0.345 0.050637659414853715 0.082
0 0.5872093023255814 0.25825 0.05438859714928732 0.0755
0 0.6149662415603901 0.18125 0.05813953488372093 0.0765
0 0.6380345086271568 0.2685 0.05326331582895724 0.079
0 0.6566016504126031 0.328 0.05588897224306077 0.075
0 0.6802325581395349 0.19525 0.05288822205551388 0.0775
0 0.7220555138784697 0.29475 0.05926481620405101 0.0765
0 0.7064891222805701 0.3645 0.052138034508627154 0.068
0 0.7462490622655664 0.34175 0.04688672168042011 0.0745
0 0.7372468117029257 0.40925 0.04538634658664666 0.0685
0 0.7837584396099024 0.364 0.04538634658664666 0.067
0 0.8443360840210052 0.394 0.0450112528132033 0.07
0 0.8060765191297824 0.4495 0.051762940735183796 0.06
0 0.8737809452363091 0.4725 0.047636909227306824 0.063
0 0.836271567891973 0.518 0.04688672168042011 0.061
0 0.77344336084021 0.52525 0.046511627906976744 0.0665
0 0.7295573893473368 0.555 0.058514628657164294 0.061
0 0.7800075018754689 0.627 0.04913728432108027 0.072
0 0.8238934733683421 0.58975 0.04388597149287322 0.0645
0 0.7295573893473368 0.6385 0.04351087771942986 0.058
0 0.7012378094523631 0.702 0.04538634658664666 0.065
0 0.6774193548387096 0.72775 0.04126031507876969 0.0495
0 0.722993248312078 0.7305 0.041635408852213056 0.05
0 0.7479369842460615 0.694 0.04276069017254314 0.061
0 0.799324831207802 0.6765 0.03900975243810953 0.048