0 0.0669542385596399 0.4705 0.0603900975243811 0.064
0 0.0939609902475619 0.39325 0.052138034508627154 0.0625
0 0.10165041260315079 0.36975 0.05701425356339085 0.0595
0 0.15585146286571644 0.287 0.05738934733683421 0.062
0 0.18435858964741186 0.26725 0.0603900975243811 0.0755
0 0.25787696924231057 0.21475 0.04913728432108027 0.0755
0 0.30513878469617406 0.2205 0.05813953488372093 0.082
0 0.2192423105776444 0.29025 0.05288822205551388 0.0645
0 0.1926106526631658 0.35125 0.05438859714928732 0.0655
0 0.145536384096024 0.41425 0.06151537884471118 0.0625
0 0.11984246061515379 0.4755 0.05813953488372093 0.06
0 0.12153038259564891 0.5505 0.05476369092273068 0.059
0 0.13953488372093023 0.59875 0.051762940735183796 0.0535
0 0.18342085521380344 0.61225 0.05026256564141035 0.0445
0 0.19486121530382597 0.59425 0.046136534133533386 0.0485
0 0.23030757689422354 0.61875 0.04351087771942986 0.0495
0 0.2374343585896474 0.57975 0.051762940735183796 0.0515
0 0.27644411102775696 0.58875 0.04276069017254314 0.0515
0 0.09883720930232558 0.48775 0.034133533383345835 0.0345
0 0.15210052513128283 0.4815 0.02738184546136534 0.047
0 0.1886721680420105 0.52925 0.04801200300075019 0.0345
0 0.17873218304576144 0.5005 0.05288822205551388 0.068
0 0.22693173293323332 0.49575 0.04351087771942986 0.0525
0 0.26894223555888974 0.519 0.051762940735183796 0.048
0 0.20236309077269318 0.42225 0.05288822205551388 0.0605
0 0.231807951987997 0.3755 0.05776444111027757 0.074
0 0.26894223555888974 0.31425 0.058514628657164294 0.0735
0 0.24306076519129782 0.47225 0.04876219054763691 0.0605
0 0.2897599399849963 0.49625 0.04463615903975994 0.0555
0 0.31807951987997 0.55025 0.05026256564141035 0.0515
0 0.3237059264816204 0.5995 0.047261815453863466 0.05
0 0.37809452363090773 0.6025 0.04351087771942986 0.053
0 0.3606526631657914 0.548 0.04238559639909977 0.045
0 0.33833458364591146 0.5005 0.05251312828207052 0.052
0 0.29257314328582146 0.402 0.05026256564141035 0.065
0 0.31564141035258814 0.34275 0.056639159789947484 0.0605
0 0.3439609902475619 0.293 0.05701425356339085 0.069
0 0.39572393098274566 0.301 0.05401350337584396 0.061
0 0.3666541635408852 0.32775 0.0536384096024006 0.0615
0 0.340960240060015 0.38925 0.04426106526631658 0.0655
0 0.32708177044261066 0.42025 0.051762940735183796 0.0525
0 0.43267066766691675 0.2375 0.05888972243060765 0.07
0 0.4086646661665416 0.368 0.05288822205551388 0.064
0 0.3893473368342086 0.42475 0.051762940735183796 0.0585
0 0.3707801950487622 0.451 0.04838709677419355 0.056
0 0.3840960240060015 0.5105 0.05026256564141035 0.054
0 0.404351087771943 0.5885 0.04876219054763691 0.05
0 0.4180420105026257 0.63325 0.04463615903975994 0.0455
0 0.43435858964741186 0.60025 0.04276069017254314 0.0535
0 0.43060765191297823 0.5335 0.047261815453863466 0.051
0 0.42873218304576144 0.4675 0.05101275318829707 0.044
0 0.43904726181545384 0.44775 0.04838709677419355 0.0605
0 0.4579894973743436 0.38925 0.05251312828207052 0.0625
0 0.47243060765191297 0.3065 0.04988747186796699 0.071
0 0.4941860465116279 0.2785 0.0536384096024006 0.073
0 0.5243810952738185 0.31975 0.05401350337584396 0.0655
0 0.508814703675919 0.36925 0.052138034508627154 0.0585
0 0.49549887471867965 0.4425 0.04951237809452363 0.063
0 0.4731807951987997 0.45375 0.038634658664666165 0.0505
0 0.47843210802700675 0.50075 0.04688672168042011 0.0495
0 0.4684921230307577 0.5675 0.04801200300075019 0.044
0 0.47505626406601653 0.60475 0.043135783945986494 0.0435
0 0.45161290322580644 0.665 0.04801200300075019 0.042
0 0.4934358589647412 0.65825 0.04838709677419355 0.0405
0 0.5211927981995499 0.63 0.041635408852213056 0.049
0 0.5251312828207052 0.6985 0.046511627906976744 0.043
0 0.5652663165791448 0.703 0.03825956489122281 0.043
0 0.5538259564891223 0.6265 0.03338334583645911 0.043
0 0.5645161290322581 0.598 0.02625656414103526 0.039
0 0.5065641410352588 0.57825 0.04088522130532633 0.0565
0 0.5455738934733684 0.5765 0.04088522130532633 0.047
0 0.5178169542385597 0.51125 0.04088522130532633 0.0505
0 0.5174418604651163 0.476 0.047636909227306824 0.052
0 0.5999624906226556 0.285 0.05138784696174044 0.067
0 0.5671417854463616 0.3385 0.05026256564141035 0.061
0 0.5465116279069767 0.38425 0.04426106526631658 0.0585
0 0.5572018004501126 0.4445 0.04913728432108027 0.053
0 0.5620780195048762 0.50775 0.046136534133533386 0.0525
0 0.5879594898724682 0.58675 0.04388597149287322 0.0555
0 0.5969617404351087 0.64125 0.041635408852213056 0.0445
0 0.6018379594898725 0.67025 0.04013503375843961 0.0395
0 0.5903975993998499 0.40325 0.0450112528132033 0.0565
0 0.5982745686421606 0.46775 0.04801200300075019 0.0495
0 0.595086271567892 0.51625 0.03938484621155289 0.0525
0 0.6286571642910728 0.562 0.042010502625656414 0.047
0 0.6129032258064516 0.5905 0.03150787696924231 0.041
0 0.6496624156039009 0.70125 0.0450112528132033 0.0405
0 0.6822955738934734 0.6685 0.03825956489122281 0.047
0 0.6429107276819205 0.61275 0.03975993998499625 0.0455
0 0.6612903225806451 0.58075 0.035258814703675916 0.0515
0 0.6380345086271568 0.5135 0.04576144036009002 0.048
0 0.6365341335333834 0.4475 0.04576144036009002 0.057
0 0.6680420105026257 0.5365 0.0450112528132033 0.043
0 0.6852963240810203 0.508 0.0450112528132033 0.052
0 0.6204051012753188 0.37275 0.04801200300075019 0.0655
0 0.6691672918229558 0.334 0.05101275318829707 0.06
0 0.6603525881470368 0.381 0.036384096024006 0.051
0 0.6856714178544636 0.42525 0.04801200300075019 0.0515
0 0.7492498124531133 0.43075 0.047636909227306824 0.0645
0 0.7310577644411103 0.4655 0.04276069017254314 0.048
0 0.7267441860465116 0.537 0.055138784696174045 0.045
0 0.6931732933233309 0.56425 0.04351087771942986 0.0375
0 0.6897974493623406 0.5935 0.03975993998499625 0.04
0 0.7226181545386346 0.64125 0.04238559639909977 0.0495
0 0.7325581395348837 0.5875 0.04126031507876969 0.046
0 0.754688672168042 0.60175 0.03825956489122281 0.0435
0 0.7498124531132783 0.528 0.0345086271567892 0.046
0 0.7473743435858965 0.48875 0.041635408852213056 0.0495
0 0.7584396099024756 0.55675 0.03375843960990248 0.0445
0 0.813953488372093 0.6265 0.0345086271567892 0.054
0 0.827456864216054 0.57175 0.03825956489122281 0.0525
0 0.7933233308327082 0.52825 0.04276069017254314 0.0435
0 0.7745686421605401 0.41625 0.0345086271567892 0.0555
0 0.7916354088522131 0.46825 0.04388597149287322 0.0545
0 0.8193923480870218 0.48775 0.04088522130532633 0.0515
0 0.8325206301575394 0.51575 0.047636909227306824 0.0455
0 0.8208927231807952 0.39825 0.052138034508627154 0.0585
0 0.8403975993998499 0.44775 0.05288822205551388 0.0485
0 0.8548387096774194 0.48075 0.046511627906976744 0.0515