0 0.2575018754688672 0.382 0.10090022505626407 0.131
0 0.34433608402100524 0.38075 0.08852213053263316 0.1095
0 0.3743435858964741 0.26675 0.08627156789197299 0.1335
0 0.45742685671417854 0.355 0.08139534883720931 0.118
0 0.23912228057014254 0.50625 0.10090022505626407 0.1175
0 0.32820705176294074 0.50375 0.08852213053263316 0.1175
0 0.41616654163540884 0.46325 0.08814703675918979 0.1025
0 0.4876219054763691 0.482 0.072768192048012 0.094
0 0.2605026256564141 0.60775 0.08514628657164292 0.1105
0 0.3411477869467367 0.594 0.07989497374343586 0.1
0 0.3915978994748687 0.63825 0.07726931732933233 0.0915
0 0.4257314328582146 0.5585 0.08027006751687922 0.091
0 0.4857464366091523 0.55425 0.0555138784696174 0.0745
0 0.47074268567141786 0.65025 0.06976744186046512 0.0925
0 0.3115153788447112 0.73275 0.08139534883720931 0.1105
0 0.3743435858964741 0.7795 0.08327081770442611 0.095
0 0.4703675918979745 0.8035 0.08027006751687922 0.095
0 0.5142535633908477 0.83525 0.06751687921980495 0.0845
0 0.549324831207802 0.7855 0.052138034508627154 0.084
0 0.5285071267816954 0.714 0.06301575393848462 0.09
0 0.5875843960990248 0.70725 0.0603900975243811 0.0795
0 0.5273818454613654 0.6035 0.06526631657914479 0.083
0 0.6067141785446362 0.62225 0.06489122280570142 0.0865
0 0.6654163540885222 0.586 0.06001500375093773 0.083
0 0.5603900975243811 0.53025 0.06376594148537135 0.0935
0 0.6172168042010503 0.5125 0.0603900975243811 0.081
0 0.7235558889722431 0.59325 0.05326331582895724 0.0825
0 0.7113653413353338 0.52975 0.05588897224306077 0.0845
0 0.7541260315078769 0.52825 0.04538634658664666 0.0815
0 0.7432483120780196 0.46 0.0536384096024006 0.082
0 0.7820705176294074 0.45575 0.03825956489122281 0.0685
0 0.7890097524381096 0.3875 0.05288822205551388 0.086
0 0.6686046511627907 0.44975 0.055138784696174045 0.0935
0 0.6157164291072769 0.437 0.061890472618154536 0.093
0 0.5384471117779445 0.44 0.06339084771192798 0.098
0 0.594523630907727 0.36125 0.0690172543135784 0.1015
0 0.6575393848462115 0.36175 0.05776444111027757 0.0975
0 0.758814703675919 0.2995 0.05926481620405101 0.087
0 0.6851087771942985 0.29825 0.059639909977494375 0.0695
0 0.7053638409602401 0.21925 0.07014253563390847 0.1055
0 0.6055888972243061 0.2565 0.06939234808702176 0.093
0 0.5281320330082521 0.26175 0.07126781695423856 0.1015
0 0.6065266316579144 0.1705 0.072768192048012 0.11
0 0.5020630157539385 0.36075 0.06339084771192798 0.1055