0 0.37471867966991745 0.15775 0.0345086271567892 0.0405
0 0.3516504126031508 0.18125 0.030382595648912228 0.0485
0 0.422543135783946 0.1865 0.032633158289572396 0.044
0 0.30888972243060764 0.19875 0.03563390847711928 0.0475
0 0.3402100525131283 0.23275 0.029257314328582147 0.0425
0 0.3689047261815454 0.21775 0.032633158289572396 0.0435
0 0.3936609152288072 0.20525 0.028882220555138786 0.0395
0 0.44711177794448614 0.20925 0.03600900225056264 0.0425
0 0.2614403600900225 0.2295 0.03600900225056264 0.047
0 0.2835708927231808 0.2635 0.028507126781695424 0.044
0 0.3115153788447112 0.254 0.028882220555138786 0.04
0 0.34171042760690173 0.276 0.03375843960990248 0.037
0 0.38372093023255816 0.25375 0.030007501875468866 0.0435
0 0.4120405101275319 0.2365 0.03188297074268567 0.039
0 0.44223555888972244 0.24875 0.03225806451612903 0.0405
0 0.4701800450112528 0.25025 0.024381095273818456 0.0415
0 0.3696549137284321 0.29425 0.025881470367591898 0.0425
0 0.22786946736684172 0.25675 0.03788447111777944 0.0435
0 0.19692423105776444 0.2915 0.0345086271567892 0.039
0 0.23987246811702925 0.30725 0.032633158289572396 0.0395
0 0.27906976744186046 0.309 0.037509377344336084 0.045
0 0.19973743435858965 0.32825 0.03563390847711928 0.0395
0 0.3148912228057014 0.29875 0.03338334583645911 0.0405
0 0.3402100525131283 0.31525 0.033008252063015754 0.0425
0 0.3055138784696174 0.337 0.03488372093023256 0.04
0 0.16897974493623405 0.388 0.03188297074268567 0.045
0 0.20723930982745686 0.40275 0.028882220555138786 0.0445
0 0.1406601650412603 0.43075 0.033008252063015754 0.0405
0 0.1821080270067517 0.4395 0.03338334583645911 0.045
0 0.26312828207051764 0.377 0.034133533383345835 0.04
0 0.29632408102025504 0.3805 0.03375843960990248 0.04
0 0.24081020255063765 0.42075 0.03225806451612903 0.0405
0 0.27325581395348836 0.41025 0.032633158289572396 0.0365
0 0.2820705176294073 0.4475 0.03225806451612903 0.038
0 0.22093023255813954 0.45875 0.035258814703675916 0.0385
0 0.14984996249062266 0.48275 0.03488372093023256 0.0435
0 0.20348837209302326 0.48925 0.032633158289572396 0.0435
0 0.23668417104276068 0.50375 0.035258814703675916 0.0415
0 0.1399099774943736 0.54575 0.033008252063015754 0.0405
0 0.17760690172543137 0.55325 0.03488372093023256 0.0375
0 0.2213053263315829 0.5475 0.0345086271567892 0.037
0 0.1494748687171793 0.59725 0.03188297074268567 0.0425
0 0.19148537134283572 0.59075 0.03188297074268567 0.0335
0 0.1935483870967742 0.67125 0.033008252063015754 0.0395
0 0.22918229557389347 0.61225 0.030007501875468866 0.0355
0 0.2595648912228057 0.60575 0.030007501875468866 0.0385
0 0.23668417104276068 0.6515 0.03150787696924231 0.037
0 0.30195048762190546 0.612 0.0277569392348087 0.033
0 0.25468867216804203 0.5325 0.03600900225056264 0.043
0 0.2711927981995499 0.49125 0.030007501875468866 0.0405
0 0.313953488372093 0.43525 0.035258814703675916 0.0405
0 0.30963990997749435 0.47875 0.028882220555138786 0.0385
0 0.3332708177044261 0.46525 0.03188297074268567 0.0405
0 0.30026256564141035 0.51575 0.03113278319579895 0.0375
0 0.2871342835708927 0.557 0.030382595648912228 0.038
0 0.3132033008252063 0.57375 0.030007501875468866 0.0405
0 0.3388972243060765 0.55275 0.03188297074268567 0.0405
0 0.3454613653413353 0.50525 0.02625656414103526 0.0325
0 0.36384096024006 0.4815 0.033008252063015754 0.044
0 0.3381470367591898 0.3785 0.03188297074268567 0.039
0 0.3584021005251313 0.35925 0.02663165791447862 0.0425
0 0.3885971492873218 0.34175 0.02700675168792198 0.0415
0 0.3953488372093023 0.2965 0.030007501875468866 0.04
0 0.4221680420105026 0.27825 0.03188297074268567 0.0395
0 0.4452363090772693 0.2915 0.0277569392348087 0.037
0 0.42591897974493625 0.32175 0.024381095273818456 0.0365
0 0.42010502625656415 0.358 0.029257314328582147 0.036
0 0.395536384096024 0.37925 0.02738184546136534 0.0315
0 0.3782820705176294 0.40625 0.03188297074268567 0.0335
0 0.3471492873218305 0.4235 0.032633158289572396 0.037
0 0.38390847711927983 0.45225 0.028882220555138786 0.0335
0 0.4051012753188297 0.42125 0.029257314328582147 0.0325
0 0.4283570892723181 0.401 0.029257314328582147 0.039
0 0.44298574643660915 0.37425 0.020255063765941484 0.0325
0 0.3818454613653413 0.5485 0.030007501875468866 0.046
0 0.4028507126781695 0.48425 0.03075768942235559 0.0425
0 0.4189797449362341 0.44775 0.0277569392348087 0.0425
0 0.4467366841710428 0.4425 0.0277569392348087 0.037
0 0.4568642160540135 0.40525 0.029257314328582147 0.0335
0 0.4741185296324081 0.373 0.028507126781695424 0.041
0 0.4634283570892723 0.33575 0.032633158289572396 0.0405
0 0.4857464366091523 0.302 0.0277569392348087 0.045
0 0.4821830457614404 0.2 0.03113278319579895 0.037
0 0.5195048762190547 0.17625 0.03150787696924231 0.0435
0 0.509939984996249 0.22425 0.03113278319579895 0.0435
0 0.49793698424606153 0.2635 0.03113278319579895 0.035
0 0.5106901725431358 0.30275 0.02738184546136534 0.0385
0 0.5300075018754689 0.3345 0.0277569392348087 0.04
0 0.5009377344336085 0.3405 0.030382595648912228 0.039
0 0.5159414853713429 0.37825 0.02738184546136534 0.0315
0 0.49699924981245314 0.40175 0.02700675168792198 0.0385
0 0.4797449362340585 0.43025 0.029257314328582147 0.0395
0 0.5041260315078769 0.446 0.03075768942235559 0.035
0 0.5225056264066017 0.4185 0.029257314328582147 0.04
0 0.4544261065266317 0.47725 0.029632408102025505 0.0305
0 0.4855588897224306 0.481 0.024381095273818456 0.036
0 0.46511627906976744 0.5075 0.028507126781695424 0.032
0 0.49287321830457614 0.5255 0.02625656414103526 0.037
0 0.5208177044261065 0.474 0.025881470367591898 0.037
0 0.5495123780945236 0.48075 0.028507126781695424 0.0425
0 0.5431357839459865 0.43575 0.024756189047261814 0.0375
0 0.5470742685671418 0.39525 0.028132033008252063 0.0325
0 0.5650787696924231 0.37325 0.025881470367591898 0.0325
0 0.5558889722430608 0.33925 0.024006001500375095 0.0335
0 0.5510127531882971 0.30775 0.02625656414103526 0.0335
0 0.5339459864966242 0.283 0.025131282820705175 0.038
0 0.5517629407351838 0.235 0.03075768942235559 0.038
0 0.5468867216804201 0.1965 0.03075768942235559 0.039
0 0.5752063015753939 0.215 0.025881470367591898 0.04
0 0.6153413353338335 0.19825 0.032633158289572396 0.0425
0 0.5892723180795199 0.24175 0.02700675168792198 0.0405
0 0.6067141785446362 0.281 0.028132033008252063 0.034
0 0.5885221305326331 0.30125 0.028507126781695424 0.0355
0 0.5958364591147787 0.34925 0.02663165791447862 0.0425
0 0.590960240060015 0.40175 0.025131282820705175 0.0375
0 0.5710802700675168 0.42675 0.029632408102025505 0.0345
0 0.6024006001500375 0.42575 0.02250562640660165 0.0305
0 0.5729557389347337 0.464 0.023630907726931733 0.038
0 0.6010877719429858 0.457 0.023630907726931733 0.036
0 0.5804576144036009 0.50125 0.024381095273818456 0.0315
0 0.6012753188297074 0.5135 0.02250562640660165 0.031
0 0.6155288822205551 0.4825 0.024006001500375095 0.036
0 0.6219054763690923 0.44775 0.02175543885971493 0.0315
0 0.6172168042010503 0.37675 0.024381095273818456 0.0345
0 0.6269692423105776 0.3435 0.028132033008252063 0.033
0 0.6365341335333834 0.3005 0.025506376594148537 0.044
0 0.6250937734433608 0.24325 0.028882220555138786 0.0325
0 0.668979744936234 0.202 0.025131282820705175 0.039
0 0.6567891972993248 0.24775 0.0277569392348087 0.0415
0 0.6851087771942985 0.249 0.02738184546136534 0.035
0 0.695423855963991 0.2815 0.0277569392348087 0.037
0 0.6575393848462115 0.292 0.02250562640660165 0.038
0 0.6924231057764441 0.312 0.030007501875468866 0.038
0 0.6513503375843961 0.35425 0.023630907726931733 0.0435
0 0.6466616654163541 0.394 0.0277569392348087 0.036
0 0.6558514628657164 0.41125 0.02138034508627157 0.0305
0 0.668417104276069 0.437 0.024006001500375095 0.032
0 0.653788447111778 0.457 0.024756189047261814 0.03
0 0.6834208552138035 0.46325 0.02250562640660165 0.0335
0 0.6603525881470368 0.485 0.02213053263315829 0.028
0 0.6382220555138785 0.4955 0.02738184546136534 0.031
0 0.6370967741935484 0.52175 0.025131282820705175 0.0235
0 0.6982370592648162 0.35375 0.023630907726931733 0.0315
0 0.6909227306826706 0.3725 0.0277569392348087 0.038
0 0.7066766691672918 0.42575 0.028507126781695424 0.0345
0 0.7064891222805701 0.5125 0.03188297074268567 0.038
0 0.7188672168042011 0.28525 0.02738184546136534 0.0295
0 0.7188672168042011 0.31725 0.024381095273818456 0.0385
0 0.7393098274568642 0.3425 0.03075768942235559 0.04
0 0.741747936984246 0.375 0.025131282820705175 0.029
0 0.7254313578394599 0.40375 0.024006001500375095 0.0425
0 0.7460615153788447 0.40375 0.02175543885971493 0.0335
0 0.7383720930232558 0.446 0.025131282820705175 0.035
0 0.7370592648162041 0.485 0.025506376594148537 0.035
0 0.7576894223555889 0.49375 0.023255813953488372 0.0345
0 0.7494373593398349 0.522 0.02175543885971493 0.028
0 0.7295573893473368 0.542 0.024006001500375095 0.033
0 0.7606901725431358 0.269 0.02625656414103526 0.035
0 0.7655663915978995 0.30725 0.0277569392348087 0.0375
0 0.7920105026256564 0.30825 0.023630907726931733 0.0395
0 0.7693173293323331 0.3425 0.02625656414103526 0.038
0 0.7820705176294074 0.3815 0.025506376594148537 0.038
0 0.7850712678169542 0.431 0.024756189047261814 0.028
0 0.7824456114028507 0.4615 0.029257314328582147 0.032
0 0.780570142535634 0.4805 0.02250562640660165 0.024
0 0.7961365341335334 0.47675 0.015378844711177795 0.0295
0 0.8113278319579895 0.51175 0.02625656414103526 0.0355
0 0.8385221305326331 0.5245 0.024381095273818456 0.033
0 0.8285821455363841 0.48675 0.02175543885971493 0.0345
0 0.8300825206301575 0.44675 0.024006001500375095 0.0365
0 0.8113278319579895 0.422 0.025506376594148537 0.036
0 0.859714928732183 0.4425 0.024756189047261814 0.032
0 0.881470367591898 0.41125 0.02250562640660165 0.0345
0 0.8377719429857464 0.40875 0.020630157539384845 0.0315
0 0.8298949737434359 0.38325 0.028882220555138786 0.0355
0 0.859714928732183 0.36925 0.028507126781695424 0.0345
0 0.8677794448612153 0.38575 0.02213053263315829 0.0245
0 0.8165791447861965 0.3465 0.030007501875468866 0.035
0 0.839834958739685 0.3165 0.02625656414103526 0.037