0 0.2813203300825206 0.1725 0.08177044261065267 0.11
0 0.14347336834208552 0.3025 0.08289572393098274 0.112
0 0.23668417104276068 0.27575 0.08402100525131283 0.0995
0 0.34414853713428356 0.2085 0.07464366091522881 0.112
0 0.30007501875468867 0.3025 0.07576894223555888 0.114
0 0.21024006001500375 0.37525 0.07989497374343586 0.0965
0 0.14141035258814705 0.44225 0.08102025506376594 0.1075
0 0.14497374343585898 0.566 0.08214553638409602 0.085
0 0.1322205551387847 0.679 0.08214553638409602 0.096
0 0.17404351087771944 0.757 0.06826706676669167 0.104
0 0.25450112528132035 0.80875 0.07689422355588897 0.0985
0 0.25375093773443363 0.72625 0.08289572393098274 0.1045
0 0.23705926481620404 0.59725 0.08477119279819954 0.1115
0 0.22243060765191297 0.484 0.08702175543885972 0.119
0 0.2846961740435109 0.423 0.09602400600150038 0.111
0 0.3008252063015754 0.5245 0.08177044261065267 0.094
0 0.32483120780195046 0.6305 0.08027006751687922 0.104
0 0.35408852213053266 0.738 0.08327081770442611 0.103
0 0.32408102025506375 0.85875 0.08177044261065267 0.0975
0 0.4006001500375094 0.9255 0.09227306826706677 0.088
0 0.4703675918979745 0.9355 0.08177044261065267 0.08
0 0.39309827456864216 0.805 0.08327081770442611 0.085
0 0.4602400600150037 0.854 0.08252063015753938 0.099
0 0.5759564891222806 0.9515 0.07464366091522881 0.088
0 0.4187921980495124 0.13 0.07989497374343586 0.097
0 0.46211552888222057 0.2155 0.08252063015753938 0.106
0 0.40397599399849965 0.3225 0.07501875468867217 0.114
0 0.3690922730682671 0.4575 0.07426856714178545 0.108
0 0.5200675168792198 0.11525 0.07989497374343586 0.1065
0 0.595648912228057 0.12475 0.08477119279819954 0.1075
0 0.5401350337584396 0.229 0.08327081770442611 0.105
0 0.5 0.327 0.08702175543885972 0.104
0 0.45161290322580644 0.41375 0.08177044261065267 0.1055
0 0.41710427606901723 0.5505 0.08477119279819954 0.099
0 0.41935483870967744 0.64675 0.09452363090772693 0.0985
0 0.4461740435108777 0.7425 0.07614403600900226 0.098
0 0.6474118529632408 0.882 0.08177044261065267 0.095
0 0.7213053263315828 0.84775 0.08102025506376594 0.1015
0 0.567516879219805 0.851 0.08252063015753938 0.093
0 0.5208177044261065 0.78375 0.08364591147786947 0.0965
0 0.7027381845461366 0.7515 0.08064516129032258 0.106
0 0.6219054763690923 0.76925 0.08252063015753938 0.1055
0 0.5765191297824456 0.696 0.08777194298574643 0.104
0 0.5155663915978995 0.651 0.08289572393098274 0.115
0 0.7342460615153789 0.66925 0.07239309827456865 0.1055
0 0.6466616654163541 0.65825 0.08402100525131283 0.1035
0 0.5798949737434359 0.596 0.08852213053263316 0.101
0 0.5011252813203301 0.51275 0.09227306826706677 0.1115
0 0.7573143285821455 0.57 0.08477119279819954 0.096
0 0.6751687921980495 0.56025 0.08477119279819954 0.1025
0 0.599774943735934 0.49825 0.08102025506376594 0.1015
0 0.5391972993248312 0.41975 0.09039759939984997 0.1105
0 0.6738559639909978 0.193 0.08214553638409602 0.109
0 0.6174043510877719 0.29275 0.09377344336084022 0.1135
0 0.6307201800450113 0.395 0.08514628657164292 0.121
0 0.6920480120030007 0.29875 0.08252063015753938 0.1185
0 0.7666916729182296 0.257 0.08027006751687922 0.107
0 0.8702175543885972 0.27475 0.08852213053263316 0.1235
0 0.77344336084021 0.35525 0.08777194298574643 0.1185
0 0.8548387096774194 0.3865 0.07876969242310577 0.112
0 0.7057389347336834 0.4575 0.08889722430607652 0.103
0 0.7835708927231808 0.462 0.08477119279819954 0.101