0 0.15435108777194298 0.6235 0.052138034508627154 0.077
0 0.22843210802700675 0.56975 0.056264066016504126 0.0665
0 0.2010502625656414 0.482 0.05926481620405101 0.07
0 0.2423105776444111 0.4525 0.056264066016504126 0.08
0 0.2584396099024756 0.5185 0.06151537884471118 0.063
0 0.27756939234808703 0.5885 0.046511627906976744 0.074
0 0.24193548387096775 0.6395 0.05401350337584396 0.071
0 0.28994748687171795 0.65975 0.04876219054763691 0.0685
0 0.25131282820705175 0.71025 0.04426106526631658 0.0615
0 0.222993248312078 0.66 0.04988747186796699 0.054
0 0.29182295573893474 0.7235 0.05326331582895724 0.057
0 0.38803450862715677 0.7455 0.050637659414853715 0.054
0 0.41166541635408854 0.7715 0.03563390847711928 0.054
0 0.44992498124531133 0.786 0.055138784696174045 0.071
0 0.40078769692423105 0.70525 0.056639159789947484 0.0615
0 0.32539384846211555 0.547 0.055138784696174045 0.06
0 0.3413353338334584 0.601 0.05401350337584396 0.06
0 0.3822205551387847 0.638 0.0555138784696174 0.069
0 0.4279819954988747 0.60725 0.05101275318829707 0.0625
0 0.3970367591897975 0.548 0.055138784696174045 0.067
0 0.35577644411102777 0.49675 0.04913728432108027 0.0695
0 0.31357839459864967 0.46075 0.05101275318829707 0.0615
0 0.3379594898724681 0.40475 0.058514628657164294 0.0685
0 0.26762940735183793 0.37875 0.061140285071267814 0.0765
0 0.37378094523630906 0.3345 0.05888972243060765 0.072
0 0.3927231807951988 0.419 0.04951237809452363 0.068
0 0.4414853713428357 0.419 0.04951237809452363 0.073
0 0.4154163540885221 0.49325 0.055138784696174045 0.0595
0 0.4696174043510878 0.48825 0.05101275318829707 0.0675
0 0.44954988747186797 0.54225 0.055138784696174045 0.0635
0 0.4896849212303076 0.59675 0.05438859714928732 0.0635
0 0.5028132033008252 0.528 0.050637659414853715 0.065
0 0.5365716429107277 0.61075 0.04388597149287322 0.0745
0 0.5658289572393098 0.56575 0.056639159789947484 0.0675
0 0.5645161290322581 0.4925 0.04801200300075019 0.069
0 0.5095648912228057 0.42475 0.05588897224306077 0.0705
0 0.5543885971492873 0.39675 0.0555138784696174 0.0735
0 0.4519879969992498 0.33575 0.05701425356339085 0.0755
0 0.4163540885221305 0.27875 0.0555138784696174 0.0665
0 0.4377344336084021 0.21975 0.0622655663915979 0.0745
0 0.48237059264816207 0.27575 0.06001500375093773 0.0785
0 0.5376969242310577 0.2865 0.0536384096024006 0.073
0 0.5618904726181545 0.22525 0.060765191297824456 0.0815
0 0.5900225056264066 0.27225 0.04951237809452363 0.0765
0 0.5461365341335334 0.10475 0.04951237809452363 0.0825
0 0.595086271567892 0.14775 0.0536384096024006 0.0685
0 0.6310952738184546 0.20775 0.047636909227306824 0.0745
0 0.6901725431357839 0.1655 0.05476369092273068 0.081
0 0.7346211552888222 0.218 0.052138034508627154 0.067
0 0.7785071267816954 0.23675 0.052138034508627154 0.0625
0 0.7115528882220555 0.2865 0.046511627906976744 0.076
0 0.6530382595648913 0.2845 0.05701425356339085 0.06
0 0.5978994748687172 0.36225 0.05776444111027757 0.0655
0 0.5097524381095274 0.3425 0.05101275318829707 0.068
0 0.614403600900225 0.42225 0.05101275318829707 0.0605
0 0.6717929482370593 0.37725 0.06001500375093773 0.0875
0 0.6828582145536384 0.435 0.04688672168042011 0.049
0 0.7145536384096024 0.37075 0.05026256564141035 0.0745
0 0.7370592648162041 0.40525 0.05326331582895724 0.0635
0 0.7436234058514629 0.33325 0.05138784696174044 0.0705
0 0.7861965491372843 0.35525 0.046511627906976744 0.0685
0 0.8118904726181545 0.2945 0.04538634658664666 0.07
0 0.8360840210052514 0.364 0.05476369092273068 0.071
0 0.8623405851462865 0.4285 0.04876219054763691 0.067
0 0.7938859714928732 0.42525 0.050637659414853715 0.0665
0 0.7188672168042011 0.47625 0.04388597149287322 0.0585
0 0.7786946736684172 0.49025 0.046511627906976744 0.0675
0 0.6811702925731433 0.4985 0.05026256564141035 0.065
0 0.7164291072768192 0.5335 0.04276069017254314 0.067
0 0.6160915228807202 0.4975 0.055138784696174045 0.068
0 0.6496624156039009 0.56975 0.051762940735183796 0.0725
0 0.6927981995498874 0.5835 0.05251312828207052 0.079
0 0.5999624906226556 0.6005 0.05138784696174044 0.067
0 0.6348462115528882 0.617 0.04088522130532633 0.047
0 0.745311327831958 0.628 0.051762940735183796 0.061
0 0.7736309077269318 0.56925 0.047636909227306824 0.0685
0 0.8357089272318079 0.548 0.051762940735183796 0.067
0 0.8627156789197299 0.495 0.05101275318829707 0.068
0 0.8872843210802701 0.57275 0.050637659414853715 0.0705
0 0.8411477869467366 0.618 0.05588897224306077 0.074
0 0.7961365341335334 0.66 0.05588897224306077 0.066
0 0.7867591897974494 0.70975 0.03788447111777944 0.0575
0 0.7978244561140285 0.767 0.051762940735183796 0.063
0 0.7501875468867217 0.70175 0.05026256564141035 0.0685
0 0.7430607651912978 0.75975 0.05101275318829707 0.0615
0 0.7123030757689423 0.6755 0.051762940735183796 0.06
0 0.6727306826706677 0.719 0.055138784696174045 0.073
0 0.7044261065266316 0.73725 0.04876219054763691 0.0655
0 0.6354088522130532 0.75825 0.04801200300075019 0.0625
0 0.5930232558139535 0.71225 0.04951237809452363 0.0545
0 0.5532633158289573 0.6885 0.05026256564141035 0.064
0 0.5163165791447862 0.73725 0.05138784696174044 0.0705
0 0.5836459114778695 0.76625 0.05101275318829707 0.0665
0 0.8602775693923481 0.68725 0.0536384096024006 0.0605
0 0.8469617404351087 0.742 0.04801200300075019 0.059
0 0.8989122280570142 0.7075 0.034133533383345835 0.063
0 0.909039759939985 0.64375 0.04688672168042011 0.0665