0 0.2145536384096024 0.966 0.03900975243810953 0.049
0 0.24924981245311328 0.84325 0.036384096024006 0.0385
0 0.1942985746436609 0.81675 0.03600900225056264 0.0395
0 0.3027006751687922 0.818 0.03225806451612903 0.047
0 0.24943735933983496 0.784 0.0345086271567892 0.038
0 0.3379594898724681 0.81425 0.02175543885971493 0.0295
0 0.3537134283570893 0.80375 0.03675918979744936 0.0375
0 0.38559639909977494 0.807 0.030007501875468866 0.038
0 0.4120405101275319 0.8295 0.03113278319579895 0.037
0 0.4214178544636159 0.895 0.03488372093023256 0.042
0 0.4576144036009002 0.916 0.037509377344336084 0.042
0 0.21324081020255065 0.72425 0.03188297074268567 0.0365
0 0.25450112528132035 0.73025 0.03113278319579895 0.0375
0 0.28319579894973745 0.74125 0.033008252063015754 0.0405
0 0.3257689422355589 0.74025 0.029632408102025505 0.0435
0 0.3659039759939985 0.736 0.030382595648912228 0.037
0 0.2753188297074269 0.68575 0.03150787696924231 0.0395
0 0.19129782445611404 0.664 0.03225806451612903 0.04
0 0.21380345086271568 0.6625 0.03225806451612903 0.04
0 0.18154538634658665 0.62525 0.0345086271567892 0.0435
0 0.12940735183795948 0.53 0.035258814703675916 0.046
0 0.17873218304576144 0.553 0.03563390847711928 0.039
0 0.21867966991747936 0.57175 0.03600900225056264 0.0445
0 0.22355588897224307 0.5515 0.03825956489122281 0.042
0 0.23724681170292572 0.60575 0.036384096024006 0.0405
0 0.2614403600900225 0.64425 0.03375843960990248 0.0425
0 0.2717554388597149 0.62275 0.036384096024006 0.0495
0 0.27344336084021004 0.5935 0.037509377344336084 0.044
0 0.25712678169542386 0.56775 0.028132033008252063 0.0315
0 0.30101275318829707 0.646 0.032633158289572396 0.043
0 0.3055138784696174 0.67475 0.019879969992498126 0.0305
0 0.3267066766691673 0.68075 0.03600900225056264 0.0445
0 0.3574643660915229 0.69575 0.035258814703675916 0.0365
0 0.3302700675168792 0.63775 0.03488372093023256 0.0465
0 0.16035258814703676 0.4615 0.03488372093023256 0.043
0 0.1427231807951988 0.36525 0.036384096024006 0.0455
0 0.14328582145536384 0.32075 0.03900975243810953 0.0525
0 0.17273068267066766 0.41425 0.036384096024006 0.0445
0 0.20048762190547637 0.3965 0.03788447111777944 0.05
0 0.21136534133533383 0.444 0.038634658664666165 0.046
0 0.21324081020255065 0.471 0.03488372093023256 0.03
0 0.2374343585896474 0.4875 0.03825956489122281 0.047
0 0.1888597149287322 0.348 0.038634658664666165 0.05
0 0.19861215303825958 0.29375 0.03788447111777944 0.0535
0 0.2222430607651913 0.3505 0.038634658664666165 0.057
0 0.24268567141785446 0.2725 0.03600900225056264 0.054
0 0.23912228057014254 0.22075 0.037134283570892726 0.0595
0 0.26575393848462114 0.15725 0.04013503375843961 0.0595
0 0.3225806451612903 0.17275 0.0277569392348087 0.0545
0 0.34602400600150035 0.17825 0.03113278319579895 0.0595
0 0.27663165791447863 0.2855 0.03563390847711928 0.062
0 0.26462865716429107 0.324 0.03938484621155289 0.05
0 0.31451612903225806 0.25125 0.032633158289572396 0.0535
0 0.32970742685671417 0.23875 0.04126031507876969 0.0585
0 0.3334583645911478 0.29875 0.03825956489122281 0.0565
0 0.3072018004501125 0.3255 0.04126031507876969 0.055
0 0.2912603150787697 0.366 0.036384096024006 0.049
0 0.2524381095273818 0.39175 0.03825956489122281 0.0515
0 0.2678169542385596 0.45175 0.03825956489122281 0.0505
0 0.2740060015003751 0.4885 0.034133533383345835 0.04
0 0.2854463615903976 0.52775 0.04351087771942986 0.0435
0 0.33177044261065264 0.556 0.041635408852213056 0.046
0 0.3300825206301575 0.5145 0.03975993998499625 0.049
0 0.32483120780195046 0.46475 0.03975993998499625 0.0395
0 0.322768192048012 0.43525 0.04388597149287322 0.0555
0 0.32895723930982745 0.3735 0.03675918979744936 0.053
0 0.38803450862715677 0.153 0.043135783945986494 0.055
0 0.38840960240060013 0.22125 0.04538634658664666 0.0665
0 0.3630907726931733 0.27275 0.03825956489122281 0.0645
0 0.3741560390097524 0.335 0.043135783945986494 0.056
0 0.3668417104276069 0.392 0.03975993998499625 0.052
0 0.36384096024006 0.4445 0.04426106526631658 0.05
0 0.3734058514628657 0.50075 0.038634658664666165 0.0535
0 0.3782820705176294 0.53675 0.04013503375843961 0.0445
0 0.3707801950487622 0.5915 0.037134283570892726 0.05
0 0.3758439609902476 0.63925 0.035258814703675916 0.0425
0 0.3825956489122281 0.672 0.03975993998499625 0.041
0 0.3887846961740435 0.70975 0.036384096024006 0.0445
0 0.39422355588897223 0.75025 0.03600900225056264 0.0395
0 0.4022880720180045 0.78575 0.03488372093023256 0.0385
0 0.4332333083270818 0.791 0.03375843960990248 0.038
0 0.42085521380345087 0.7605 0.033008252063015754 0.04
0 0.41429107276819205 0.26175 0.04463615903975994 0.0625
0 0.4069767441860465 0.31825 0.046511627906976744 0.0615
0 0.4079144786196549 0.41625 0.038634658664666165 0.0565
0 0.4028507126781695 0.4585 0.042010502625656414 0.053
0 0.4088522130532633 0.51275 0.04351087771942986 0.0505
0 0.4281695423855964 0.10575 0.04463615903975994 0.0655
0 0.4317329332333083 0.18075 0.0450112528132033 0.0605
0 0.46680420105026255 0.09375 0.046136534133533386 0.0685
0 0.4981245311327832 0.14525 0.05026256564141035 0.0615
0 0.5264441110277569 0.1095 0.04838709677419355 0.067
0 0.5361965491372843 0.174 0.04838709677419355 0.065
0 0.46230307576894225 0.2355 0.047636909227306824 0.059
0 0.4551762940735184 0.28825 0.04388597149287322 0.0565
0 0.44486121530382594 0.35025 0.04876219054763691 0.0555
0 0.4450487621905476 0.45225 0.04013503375843961 0.0545
0 0.4298574643660915 0.55725 0.04051012753188297 0.0475
0 0.4052888222055514 0.6015 0.037134283570892726 0.052
0 0.40678919729932483 0.639 0.03938484621155289 0.043
0 0.41354088522130533 0.683 0.038634658664666165 0.045
0 0.4156039009752438 0.7245 0.03075768942235559 0.047
0 0.4741185296324081 0.77375 0.042010502625656414 0.0445
0 0.4761815453863466 0.7365 0.04013503375843961 0.046
0 0.4570517629407352 0.667 0.03488372093023256 0.045
0 0.4386721680420105 0.62125 0.036384096024006 0.0475
0 0.4778694673668417 0.63175 0.04276069017254314 0.0465
0 0.5080645161290323 0.21625 0.04688672168042011 0.0635
0 0.5039384846211553 0.2705 0.04238559639909977 0.063
0 0.4874343585896474 0.329 0.04538634658664666 0.06
0 0.49287321830457614 0.39 0.0450112528132033 0.056
0 0.48012003000750186 0.47625 0.035258814703675916 0.0515
0 0.45723930982745686 0.51925 0.03975993998499625 0.0505
0 0.4647411852963241 0.571 0.035258814703675916 0.05
0 0.5073143285821455 0.65375 0.03488372093023256 0.0465
0 0.504688672168042 0.70175 0.04088522130532633 0.0445
0 0.5238184546136534 0.72925 0.03188297074268567 0.0355
0 0.5416354088522131 0.7195 0.03675918979744936 0.044
0 0.5245686421605401 0.79525 0.03563390847711928 0.0405
0 0.5346961740435109 0.77925 0.019879969992498126 0.0345
0 0.5543885971492873 0.77775 0.035258814703675916 0.0445
0 0.5341335333833458 0.831 0.03675918979744936 0.04
0 0.562828207051763 0.81775 0.04088522130532633 0.0475
0 0.6061515378844711 0.79125 0.03675918979744936 0.0345
0 0.6127156789197299 0.75975 0.03938484621155289 0.0435
0 0.6286571642910728 0.7755 0.03150787696924231 0.036
0 0.6532258064516129 0.767 0.03788447111777944 0.042
0 0.577456864216054 0.722 0.03788447111777944 0.043
0 0.6194673668417104 0.71975 0.041635408852213056 0.0485
0 0.6513503375843961 0.715 0.03563390847711928 0.041
0 0.5390097524381096 0.66475 0.035258814703675916 0.0425
0 0.5660165041260315 0.68675 0.03975993998499625 0.0465
0 0.608589647411853 0.6575 0.036384096024006 0.052
0 0.6447861965491373 0.674 0.03600900225056264 0.05
0 0.5345086271567892 0.62225 0.042010502625656414 0.0445
0 0.5071267816954238 0.5555 0.037509377344336084 0.05
0 0.5660165041260315 0.56375 0.03825956489122281 0.0465
0 0.5834583645911477 0.5955 0.041635408852213056 0.039
0 0.6327831957989497 0.582 0.035258814703675916 0.055
0 0.668417104276069 0.5815 0.04351087771942986 0.048
0 0.6834208552138035 0.6305 0.03975993998499625 0.044
0 0.7057389347336834 0.616 0.04013503375843961 0.047
0 0.7351837959489872 0.61075 0.04951237809452363 0.0515
0 0.5129407351837959 0.502 0.043135783945986494 0.047
0 0.5463240810202551 0.528 0.04388597149287322 0.052
0 0.5003750937734434 0.45825 0.04576144036009002 0.0525
0 0.5555138784696174 0.47775 0.04276069017254314 0.0485
0 0.5917104276069017 0.47425 0.03938484621155289 0.0525
0 0.5873968492123031 0.50125 0.03825956489122281 0.0465
0 0.6200300075018754 0.524 0.03600900225056264 0.041
0 0.6286571642910728 0.50425 0.04351087771942986 0.0535
0 0.6566016504126031 0.522 0.038634658664666165 0.043
0 0.7010502625656414 0.54725 0.04051012753188297 0.0535
0 0.7496249062265566 0.52 0.04238559639909977 0.058
0 0.7038634658664666 0.504 0.04688672168042011 0.048
0 0.6697299324831207 0.4715 0.04838709677419355 0.053
0 0.7023630907726932 0.46125 0.04913728432108027 0.0595
0 0.7387471867966992 0.46425 0.03938484621155289 0.0505
0 0.5376969242310577 0.41025 0.04388597149287322 0.0545
0 0.5858964741185296 0.4015 0.04276069017254314 0.054
0 0.640847711927982 0.4295 0.043135783945986494 0.057
0 0.6762940735183796 0.40775 0.047261815453863466 0.0575
0 0.5285071267816954 0.32725 0.04426106526631658 0.0615
0 0.56807951987997 0.3515 0.03938484621155289 0.056
0 0.6007126781695424 0.3565 0.04388597149287322 0.055
0 0.632033008252063 0.3305 0.04951237809452363 0.065
0 0.6834208552138035 0.331 0.0450112528132033 0.056
0 0.7252438109527382 0.3565 0.04913728432108027 0.057
0 0.7458739684921231 0.38225 0.04538634658664666 0.0695
0 0.7269317329332333 0.31225 0.05701425356339085 0.0625
0 0.5420105026256564 0.265 0.04351087771942986 0.066
0 0.5918979744936234 0.28675 0.03825956489122281 0.0515
0 0.5695798949737434 0.222 0.04388597149287322 0.06
0 0.608027006751688 0.253 0.047261815453863466 0.061
0 0.6631657914478619 0.25575 0.05251312828207052 0.0665
0 0.6391597899474869 0.199 0.047261815453863466 0.062
0 0.6024006001500375 0.10925 0.047261815453863466 0.0625
0 0.6425356339084771 0.37325 0.04426106526631658 0.0515