0 0.4112903225806452 0.192 0.07014253563390847 0.097
0 0.47749437359339836 0.2335 0.06526631657914479 0.085
0 0.34658664666166544 0.25875 0.06601650412603151 0.0815
0 0.4167291822955739 0.285 0.06301575393848462 0.085
0 0.5103150787696924 0.29775 0.0641410352588147 0.0875
0 0.4409227306826707 0.35325 0.06939234808702176 0.0865
0 0.3674043510877719 0.3275 0.06639159789947487 0.084
0 0.30870217554388596 0.30125 0.072768192048012 0.0915
0 0.5215678919729932 0.391 0.059639909977494375 0.088
0 0.5783945986496624 0.3555 0.06826706676669167 0.088
0 0.4679294823705927 0.43 0.05888972243060765 0.087
0 0.2490622655663916 0.33775 0.06301575393848462 0.0765
0 0.29688672168042013 0.391 0.05888972243060765 0.099
0 0.35183795948987245 0.41925 0.06526631657914479 0.0805
0 0.4081020255063766 0.455 0.06676669167291822 0.087
0 0.5200675168792198 0.48125 0.0536384096024006 0.0885
0 0.5729557389347337 0.44025 0.061890472618154536 0.0835
0 0.6382220555138785 0.3885 0.05888972243060765 0.087
0 0.682483120780195 0.4425 0.061890472618154536 0.078
0 0.6213428357089272 0.4715 0.061890472618154536 0.086
0 0.24268567141785446 0.42575 0.06301575393848462 0.0935
0 0.345648912228057 0.478 0.061140285071267814 0.075
0 0.3970367591897975 0.53075 0.05738934733683421 0.0855
0 0.4510502625656414 0.507 0.0671417854463616 0.084
0 0.49868717179294825 0.553 0.06564141035258815 0.084
0 0.5932108027006752 0.54625 0.05813953488372093 0.0875
0 0.6646661665416355 0.52225 0.06376594148537135 0.0925
0 0.7196174043510878 0.51125 0.0603900975243811 0.0835
0 0.7393098274568642 0.591 0.05776444111027757 0.084
0 0.6329707426856714 0.6005 0.061140285071267814 0.075
0 0.5348837209302325 0.61075 0.06376594148537135 0.0715
0 0.5902100525131283 0.62975 0.06264066016504126 0.0775
0 0.681357839459865 0.6295 0.061140285071267814 0.069
0 0.7207426856714179 0.6595 0.061140285071267814 0.084
0 0.6327831957989497 0.67675 0.07126781695423856 0.0795
0 0.16035258814703676 0.427 0.06789197299324831 0.085
0 0.12959489872468116 0.46825 0.0708927231807952 0.0775
0 0.20123780945236308 0.51 0.06864216054013503 0.084
0 0.1513503375843961 0.5565 0.06939234808702176 0.086
0 0.26575393848462114 0.5145 0.0671417854463616 0.069
0 0.17966991747936983 0.62675 0.06601650412603151 0.0805
0 0.22730682670667668 0.57775 0.06976744186046512 0.0945
0 0.309264816204051 0.55625 0.0603900975243811 0.0775
0 0.28863465866466614 0.638 0.06489122280570142 0.073
0 0.34902475618904727 0.61975 0.061140285071267814 0.0815
0 0.4099774943735934 0.61975 0.06526631657914479 0.0755
0 0.4206676669167292 0.68 0.06864216054013503 0.077
0 0.3938484621155289 0.743 0.06376594148537135 0.072
0 0.4373593398349587 0.789 0.06376594148537135 0.07
0 0.5151912978244562 0.676 0.061140285071267814 0.085
0 0.4924981245311328 0.742 0.06601650412603151 0.068
0 0.5688297074268567 0.7165 0.06864216054013503 0.082
0 0.5211927981995499 0.822 0.0603900975243811 0.084
0 0.6046511627906976 0.7815 0.05926481620405101 0.074
0 0.5740810202550638 0.8455 0.06639159789947487 0.071
0 0.6639159789947486 0.75 0.07201800450112528 0.077
0 0.6376594148537135 0.81675 0.05701425356339085 0.0745
0 0.7021755438859715 0.80075 0.05926481620405101 0.0675
0 0.7612528132033008 0.77675 0.0641410352588147 0.0725
0 0.6297824456114028 0.89875 0.06826706676669167 0.0955
0 0.6843585896474118 0.86525 0.06639159789947487 0.0825
0 0.745311327831958 0.8425 0.058514628657164294 0.07