0 0.3454613653413353 0.16575 0.08852213053263316 0.1145
0 0.21980495123780946 0.237 0.08777194298574643 0.097
0 0.4461740435108777 0.16075 0.08139534883720931 0.1045
0 0.3925356339084771 0.227 0.07989497374343586 0.107
0 0.32126781695423856 0.2695 0.08139534883720931 0.096
0 0.21642910727681922 0.3555 0.07801950487621906 0.099
0 0.30026256564141035 0.38925 0.07914478619654913 0.1085
0 0.22186796699174793 0.4565 0.07764441110277569 0.113
0 0.1886721680420105 0.55525 0.08177044261065267 0.1105
0 0.25037509377344336 0.598 0.08814703675918979 0.115
0 0.2955738934733683 0.52575 0.08852213053263316 0.1115
0 0.3439609902475619 0.5915 0.08402100525131283 0.102
0 0.4122280570142536 0.7785 0.07501875468867217 0.122
0 0.4778694673668417 0.819 0.07876969242310577 0.095
0 0.41241560390097526 0.66125 0.07539384846211553 0.0945
0 0.49549887471867965 0.6715 0.08102025506376594 0.112
0 0.4656789197299325 0.58 0.07989497374343586 0.101
0 0.4036009002250563 0.5375 0.08477119279819954 0.102
0 0.3574643660915229 0.4495 0.07576894223555888 0.114
0 0.3642160540135034 0.3305 0.08702175543885972 0.116
0 0.5015003750937734 0.2475 0.08402100525131283 0.118
0 0.45311327831957987 0.3305 0.09227306826706677 0.113
0 0.445986496624156 0.44125 0.08177044261065267 0.0985
0 0.5795198799699925 0.216 0.08702175543885972 0.11
0 0.5710802700675168 0.31575 0.07689422355588897 0.1185
0 0.5101275318829708 0.4145 0.08477119279819954 0.104
0 0.5 0.50225 0.08252063015753938 0.0985
0 0.5487621905476369 0.883 0.06751687921980495 0.104
0 0.6149662415603901 0.9125 0.08289572393098274 0.114
0 0.7214928732183046 0.89275 0.08589647411852963 0.0945
0 0.7968867216804201 0.9 0.07164291072768192 0.105
0 0.6669167291822956 0.82 0.07576894223555888 0.121
0 0.5450112528132033 0.76125 0.07051762940735183 0.1135
0 0.6136534133533383 0.72325 0.08327081770442611 0.1145
0 0.5549512378094523 0.62375 0.08589647411852963 0.1005
0 0.718304576144036 0.759 0.08252063015753938 0.105
0 0.799324831207802 0.799 0.08102025506376594 0.095
0 0.877906976744186 0.83475 0.08589647411852963 0.1115
0 0.6357839459864967 0.629 0.07501875468867217 0.108
0 0.718304576144036 0.6335 0.0795198799699925 0.11
0 0.8358964741185296 0.68775 0.07764441110277569 0.1055
0 0.9283570892723181 0.72 0.08777194298574643 0.108
0 0.9366091522880721 0.6185 0.08102025506376594 0.108
0 0.8051387846961741 0.59325 0.08814703675918979 0.1115
0 0.5892723180795199 0.5315 0.08252063015753938 0.105
0 0.659039759939985 0.53025 0.08102025506376594 0.1135
0 0.746436609152288 0.517 0.07501875468867217 0.109
0 0.8561515378844711 0.5385 0.08964741185296324 0.1
0 0.9467366841710427 0.50675 0.08552138034508627 0.1075
0 0.5907726931732933 0.42775 0.07876969242310577 0.1025
0 0.6697299324831207 0.4295 0.08439609902475619 0.1
0 0.7867591897974494 0.4315 0.07914478619654913 0.1
0 0.8689047261815454 0.415 0.08214553638409602 0.105
0 0.6558514628657164 0.322 0.08289572393098274 0.109
0 0.7363090772693174 0.36775 0.09152288072018004 0.0995
0 0.6573518379594899 0.2345 0.07989497374343586 0.1
0 0.7363090772693174 0.27275 0.07351837959489872 0.1015
0 0.77231807951988 0.34 0.07201800450112528 0.088
0 0.8702175543885972 0.314 0.07876969242310577 0.097