0 0.10521380345086272 0.4145 0.07164291072768192 0.107
0 0.15453863465866466 0.35675 0.07726931732933233 0.0985
0 0.14253563390847712 0.51425 0.0795198799699925 0.0965
0 0.1946736684171043 0.4415 0.08477119279819954 0.098
0 0.2524381095273818 0.36475 0.07651912978244561 0.1015
0 0.186609152288072 0.58825 0.0708927231807952 0.0935
0 0.23443360840210054 0.533 0.07501875468867217 0.097
0 0.27494373593398347 0.45425 0.072768192048012 0.0975
0 0.3353338334583646 0.39325 0.07201800450112528 0.1005
0 0.3754688672168042 0.31675 0.07351837959489872 0.0955
0 0.46005251312828205 0.2175 0.08814703675918979 0.127
0 0.5348837209302325 0.1715 0.07801950487621906 0.106
0 0.4549887471867967 0.32525 0.07651912978244561 0.0935
0 0.3915978994748687 0.40775 0.08102025506376594 0.1035
0 0.34902475618904727 0.5035 0.07539384846211553 0.096
0 0.3057014253563391 0.58775 0.06001500375093773 0.1015
0 0.24774943735933982 0.64 0.07314328582145536 0.09
0 0.24006001500375093 0.7435 0.07201800450112528 0.101
0 0.31451612903225806 0.76325 0.07314328582145536 0.0935
0 0.3353338334583646 0.6825 0.06526631657914479 0.092
0 0.3968492123030758 0.7985 0.0690172543135784 0.095
0 0.4330457614403601 0.84375 0.07464366091522881 0.0835
0 0.39909977494373594 0.67 0.07351837959489872 0.092
0 0.3810952738184546 0.5865 0.07651912978244561 0.095
0 0.4157914478619655 0.495 0.07314328582145536 0.099
0 0.46811702925731435 0.40675 0.07351837959489872 0.1095
0 0.5427606901725431 0.2725 0.07876969242310577 0.102
0 0.6018379594898725 0.224 0.07764441110277569 0.09
0 0.6682295573893473 0.25225 0.07164291072768192 0.1115
0 0.6022130532633159 0.33025 0.07614403600900226 0.0965
0 0.5418229557389347 0.37125 0.08139534883720931 0.0935
0 0.7018004501125281 0.3315 0.07576894223555888 0.098
0 0.6536009002250562 0.39225 0.07914478619654913 0.0985
0 0.5900225056264066 0.447 0.07576894223555888 0.099
0 0.5180045011252813 0.4855 0.07126781695423856 0.102
0 0.46155288822205554 0.59425 0.07389347336834208 0.0965
0 0.47280570142535633 0.695 0.07014253563390847 0.084
0 0.5150037509377344 0.63925 0.06526631657914479 0.0935
0 0.5391972993248312 0.548 0.07239309827456865 0.098
0 0.49456114028507125 0.78075 0.07014253563390847 0.0945
0 0.5253188297074268 0.8845 0.07764441110277569 0.085
0 0.5911477869467366 0.84725 0.07126781695423856 0.0965
0 0.655476369092273 0.82875 0.07914478619654913 0.0945
0 0.5339459864966242 0.7355 0.06789197299324831 0.092
0 0.5952738184546137 0.7545 0.0690172543135784 0.093
0 0.7443735933983496 0.86725 0.07014253563390847 0.0765
0 0.7406226556639159 0.80375 0.06939234808702176 0.1135
0 0.8072018004501126 0.79375 0.07201800450112528 0.0995
0 0.8351462865716429 0.7115 0.0671417854463616 0.095
0 0.7721305326331583 0.71675 0.07539384846211553 0.0935
0 0.6952363090772693 0.74025 0.07839459864966242 0.0985
0 0.6335333833458364 0.68825 0.08102025506376594 0.1035
0 0.5830832708177044 0.62725 0.0708927231807952 0.0935
0 0.6779819954988747 0.61075 0.0708927231807952 0.0995
0 0.7481245311327832 0.62675 0.07689422355588897 0.0945
0 0.8559639909977494 0.6345 0.07501875468867217 0.084
0 0.8373968492123031 0.55175 0.07914478619654913 0.0905
0 0.6494748687171793 0.522 0.07839459864966242 0.103
0 0.736496624156039 0.528 0.08439609902475619 0.094
0 0.7115528882220555 0.453 0.07426856714178545 0.104
0 0.8012003000750187 0.476 0.08627156789197299 0.096
0 0.77231807951988 0.388 0.07801950487621906 0.093